-0.044222 -0.584998
-0.038536 -0.645228
-0.010296 -0.194405
-0.012987 -0.104931
0.043856 1.375637
-0.065821 -1.125147
-0.021015 -0.637795
-0.032283 -0.745908
-0.023726 -0.434085
-0.051846 -0.886025
0.009690 0.185420
0.043318 2.100434
0.000509 0.018232
0.000509 0.018232
-0.000255 -0.007164
-0.000255 -0.007164
-0.000255 -0.007164
-0.071071 -2.044691
-0.013864 -0.287264
-0.013864 -0.287264
-0.024713 -0.725185
0.022357 0.506491
0.022357 0.506491
-0.019986 -0.816113
-0.063389 -1.554094
0.035809 1.683123
-0.059597 -3.009021
-0.032801 -0.721362
-0.054605 -0.917620
-0.069005 -1.418564
-0.072376 -2.414309
-0.072376 -2.414309
-0.072376 -2.414309
-0.069060 -3.349839
-0.053512 -1.701752
-0.053512 -1.701752
-0.015994 -0.593552
-0.017554 -0.327186
-0.017554 -0.327186
-0.017554 -0.327186
-0.027461 -1.454126
-0.036717 -3.112099
-0.036717 -3.112099
-0.036717 -3.112099
-0.036717 -3.112099
-0.015468 -1.232760
-0.015468 -1.232760
-0.015468 -1.232760
-0.015468 -1.232760
-0.015468 -1.232760
-0.015468 -1.232760
-0.015468 -1.232760
0.030799 10.853677
-0.007339 -0.461378
-0.007339 -0.461378
-0.015657 -0.708635
-0.049355 -1.418759
-0.049355 -1.418759
0.025839 1.930994
0.025839 1.930994
-0.013033 -0.548441
-0.013033 -0.548441
-0.019196 -0.737139
0.037301 10.390883
0.037301 10.390883
-0.029376 -1.483240
0.004474 0.230720
0.016968 1.880066
0.016968 1.880066
0.016968 1.880066
0.016968 1.880066
0.016968 1.880066
-0.006766 -1.012026
-0.006766 -1.012026
-0.006766 -1.012026
-0.006766 -1.012026
-0.006766 -1.012026
0.002693 0.082331
0.002693 0.082331
0.002693 0.082331
0.002693 0.082331
-0.025872 -1.110058
-0.030284 -1.110058
-0.030284 -2.317523
-0.001601 -2.317523
-0.042021 -2.317523
-0.042021 -2.317523
-0.042021 -0.891720
-0.042021 -0.891720
-0.031604 -18.139577
-0.031604 -0.455418
-0.043082 -0.499529
-0.029230 -0.467788
-0.019055 -0.997625
-0.000907 -0.027783
-0.018546 -0.027783
-0.000605 -0.027783
-0.000605 -0.027783
-0.000605 -0.027783
-0.000605 -0.027783
-0.000605 2.515702
-0.000605 2.515702
0.038977 10.002898
0.038977 0.211784
0.054384 0.211784
0.019021 -1.135719
0.019021 -1.135719
-0.063389 -1.858311
-0.063389 -1.858311
-0.077377 -1.858311
-0.077377 -0.331297
-0.077377 1.270205
-0.058541 1.270205
0.158529 1.270205
0.158529 1.270205
0.158529 1.270205
0.158529 1.270205
0.158529 -0.533436
0.158529 -0.533436
-0.004985 -0.533436
-0.004985 -0.533436
-0.004985 1.026580
-0.004985 1.026580
0.068219 1.026580
0.068219 1.026580
0.068219 1.026580
0.068219 1.026580
0.068219 1.026580
0.068219 1.026580
0.068219 1.026580
0.068219 -1.150910
0.068219 -1.150910
-0.097311 -1.150910
-0.097311 -1.150910
-0.097311 -1.150910
-0.097311 -1.150910
-0.097311 0.628869
-0.097311 0.628869
0.093562 1.032536
0.093562 1.032536
0.139780 2.004821
0.139780 -1.811464
0.201915 -0.320518
-0.219446 -0.320518
-0.052832 -0.320518
-0.052832 -0.320518
-0.052832 7.892905
-0.052832 0.051583
0.228522 0.051583
0.002722 1.107836
0.002722 1.107836
0.179432 1.107836
0.179432 1.107836
0.179432 1.107836
0.179432 -0.226074
0.179432 -0.226074
-0.121709 -0.226074
-0.121709 -0.226074
-0.121709 -1.228114
-0.121709 -1.228114
-0.072424 -1.228114
-0.072424 -1.228114
-0.072424 -3.882055
-0.072424 -3.882055
-0.182613 -3.882055
-0.182613 -0.344757
-0.182613 -0.344757
-0.070400 -0.344757
-0.070400 -0.344757
-0.070400 -0.344757
-0.070400 0.682149
-0.070400 0.682149
0.010498 0.682149
0.010498 0.682149
0.010498 2.294847
0.010498 -1.444831
0.019530 -1.444831
-0.119188 -0.957516
-0.119188 -0.957516
-0.039468 -0.957516
-0.039468 -0.957516
-0.039468 -0.957516
-0.039468 -0.957516
-0.039468 -0.957516
-0.039468 0.890213
-0.039468 4.930636
0.018913 4.930636
0.141070 4.930636
0.141070 4.930636
0.141070 4.930636
0.141070 4.930636
0.141070 4.930636
0.141070 4.930636
0.141070 4.930636
0.141070 4.930636
0.141070 4.930636
0.141070 4.930636
0.141070 4.930636
