0.122158 0.190170
0.003032 0.007930
0.135933 1.708360
0.123702 1.531758
-0.061606 -0.573714
-0.168237 -0.895193
0.069551 0.831931
-0.079717 -1.159320
0.176718 0.276226
-0.240597 -0.570987
0.235771 1.290209
-0.111525 -0.853179
-0.363799 -0.575464
0.059929 0.871359
0.067205 0.754253
-0.153280 -0.764185
-0.092038 -1.108188
-0.105803 -1.494533
-0.089805 -1.817827
0.113986 1.439708
-0.047558 -0.615376
0.079902 0.936362
0.205174 1.817445
-0.197325 -0.606719
0.063243 0.910648
0.038466 0.811055
0.113596 0.176243
-0.245094 -0.765499
0.056171 0.131462
-0.011137 -0.287976
0.002386 0.013750
0.021249 0.356976
0.137717 1.708576
-0.063110 -0.927515
0.159438 1.524536
-0.019361 -0.262434
-0.013536 -0.235781
0.206253 1.561848
-0.002481 -0.048332
0.000323 0.001599
-0.094935 -0.540649
-0.137125 -1.142745
0.016664 0.353548
0.080885 0.126615
0.002401 0.048066
-0.241382 -0.644580
-0.017124 -0.166440
0.008760 0.030046
-0.015993 -0.312170
