-0.035975 -0.515979
-0.016927 -0.213606
-0.052651 -0.759597
-0.021487 -0.255933
0.044379 0.402698
0.010083 0.106753
0.070282 0.598925
-0.077595 -1.623026
0.001221 0.013022
0.014550 0.136833
-0.017181 -0.191449
0.069812 0.580209
-0.026473 -0.417929
-0.092912 -1.601711
-0.051967 -0.642429
0.014097 0.147501
0.050189 0.436201
-0.062175 -0.826776
-0.049430 -0.696385
-0.050657 -13.969655
0.023577 6.290012
0.023577 6.290012
0.038570 0.009557
0.000703 -4.750720
-0.019965 -0.400385
0.098730 -0.433944
-0.031384 0.165216
-0.033193 0.165216
0.203391 1.009345
0.064147 0.871618
0.016886 -2.593344
0.016886 0.747179
-0.016433 -1.972551
0.102315 0.797222
-0.033036 0.367548
0.110565 -0.090998
-0.112445 1.233179
0.007688 -0.320684
0.091196 0.333171
-0.101772 1.099357
0.126759 0.686588
0.028901 0.686588
-0.007512 -0.841645
0.186343 0.093731
-0.013504 0.325973
0.024528 0.321960
0.104700 0.358342
0.056408 0.358342
0.056408 -8.498562
-0.045168 -1.606875
0.006435 -3.857461
0.023821 0.185561
0.002776 0.189756
0.026668 0.275955
0.026668 -1.566825
-0.086540 0.510832
-0.075218 -20.189712
-0.127688 38.211152
0.013985 38.211152
0.012484 0.256230
0.027220 0.256230
-0.086786 -127.728026
0.065226 -127.728026
0.024196 -127.728026
0.024196 -127.728026
-0.041440 -127.728026
0.087039 -127.728026
0.087039 -127.728026
0.000410 -127.728026
0.000410 -127.728026
-0.075781 -0.575987
-0.075781 -0.400909
-0.075781 -0.400909
-0.075781 -0.400909
-0.075781 -5.242188
-0.075781 -84.152455
-0.075781 16.351023
-0.075781 0.621931
-0.075781 0.537752
-0.007358 -0.823018
-0.034606 -0.823018
-0.034606 0.742293
-0.034606 0.742293
-0.040408 1.530852
-0.036734 -0.189611
-0.020595 2.850571
-0.043886 0.135157
0.019627 -0.182533
0.069805 -60.988082
0.058909 -0.000704
-0.058303 0.600548
-0.058303 0.600548
0.106129 0.052202
0.106129 -0.105275
0.017397 -0.174306
0.010520 -0.400959
-0.016686 0.665780
0.038185 -1.284154
0.010082 0.675600
-0.095952 -0.666160
-0.095952 0.222680
-0.021013 -1.774757
0.042151 21.279730
-0.017226 0.821914
-0.081026 1.138435
-0.000060 -7.113386
0.042044 -0.402770
0.057490 -0.402770
0.057490 0.675051
0.004780 -1.183855
-0.009305 -2.163622
-0.015217 -2.163622
-0.030296 0.958981
0.082270 0.958981
-0.079432 -0.106500
0.065706 -0.106500
-0.047294 0.328522
0.021727 -0.677510
-0.094587 8.387281
0.092378 8.387281
-0.002274 8.387281
0.092053 8.387281
0.161360 8.387281
-0.009941 0.990475
-0.031971 0.990475
-0.031971 0.627023
0.090748 0.153567
0.124401 0.153567
0.124401 1.408480
0.124401 -1.489809
0.124401 -1.489809
0.124401 -1.489809
0.058021 -1.489809
0.058021 1.210764
0.003946 0.430965
0.003946 0.430965
-0.029886 -0.193976
-0.050645 -0.193976
-0.050645 -0.193976
0.025432 0.152416
0.025432 -2.876180
-0.008422 -0.357607
-0.008422 -0.357607
-0.053408 -0.357607
0.045924 -0.363740
0.025100 -0.363740
-0.019393 -0.316494
0.096449 -0.316494
-0.038476 -0.316494
0.059972 -0.316494
0.059972 -0.316494
