0.004554 0.005935
0.075814 0.610737
0.009868 0.106441
0.065897 0.601988
0.026578 0.033055
-0.092782 -0.986751
0.037050 0.370920
-0.085618 -0.938019
0.102097 0.829021
0.006874 0.075776
0.348981 1.669134
0.140103 1.013178
0.366152 1.618586
0.040282 0.408526
0.015237 0.161843
0.007892 0.010417
-0.041495 -0.367650
-0.106511 -0.979264
-0.165371 -2.715040
0.091787 0.788437
-0.090555 -0.964026
0.040843 0.401273
0.211121 1.333678
-0.023126 -0.187237
0.043705 0.436442
-0.102594 -1.249344
0.142843 1.035409
0.070244 0.631742
-0.152470 -2.845810
-0.104687 -1.146204
-0.049890 -0.472984
-0.000770 -0.005635
-0.066948 -0.683047
0.165749 1.159692
-0.086905 -0.942170
-0.102700 -1.266306
0.244017 1.414590
-0.116804 -1.609460
-0.058170 -0.571382
0.064093 0.564627
-0.091786 -1.084269
-0.089522 -1.049256
0.278564 1.468445
-0.106016 -1.351102
-0.045847 -0.369133
0.010699 0.116575
0.029667 0.056151
-0.100056 -1.262192
-0.155679 -2.594865
