-0.025190 -1.212401
-0.018617 -1.002739
-0.001047 -0.093297
0.012322 1.199018
-0.003933 -0.365651
0.002626 0.243414
-0.005318 -0.780243
0.020913 1.586339
0.006608 0.669715
0.007081 0.240462
-0.026355 -1.274939
0.021989 0.651899
0.002839 0.293204
0.005267 0.473691
-0.007812 -0.751966
-0.009783 -1.024166
-0.021937 -1.579493
0.017635 1.619474
0.000873 0.105841
0.010474 0.979374
0.030111 1.834805
0.008525 0.927047
0.002629 0.284830
0.005298 0.890031
-0.005281 -0.321616
0.005469 0.431597
0.015117 1.196584
0.002644 0.746651
0.003821 0.409604
0.004175 0.594267
0.018228 1.748478
-0.013479 -1.698641
0.019017 1.241942
-0.001338 -0.239607
0.031661 1.576493
-0.000111 -0.014825
0.001926 0.117906
0.006368 1.193033
0.006064 0.215970
0.005159 0.480810
-0.028064 -1.931663
0.000122 0.023768
