-0.036468 -0.627612
-0.007540 -0.101504
-0.025436 -1.157342
0.043232 0.473865
0.057268 0.701049
-0.092822 -1.784323
-0.124973 -3.591897
0.050492 0.486568
0.057669 0.726632
0.084547 0.964433
0.028164 0.375617
0.117177 1.007123
0.048694 0.466817
-0.132668 -1.031034
0.121537 1.109867
0.121537 1.109867
0.121537 1.109867
-0.004689 -0.049431
-0.060687 -0.652960
0.016589 0.207699
-0.069631 -1.105785
0.027160 0.353966
-0.056594 -0.690811
-0.036402 -0.322729
0.176655 1.300690
0.131317 0.999076
0.131317 0.999076
-0.243600 -1.137171
-0.414758 -0.488067
-1.016634 -2.453830
0.309405 1.475731
0.074425 0.627951
0.074425 0.627951
0.016889 -1.788224
-0.395207 -1.788224
-0.395207 -1.788224
-0.395207 -33.387372
-0.559524 -33.387372
-0.559524 -33.387372
-0.559524 -33.387372
-0.559524 -33.387372
-0.559524 -33.387372
-0.559524 1.281786
0.223594 -0.834601
-0.132103 -74.586554
-0.586144 0.552443
0.059352 -0.755512
-0.077472 -0.790250
-0.073369 0.436400
0.067006 -0.843866
-0.021861 0.968624
0.180144 -2.843827
-0.782751 -0.300042
-0.104432 -0.834853
-0.360449 0.811172
0.165773 0.811172
0.165773 0.811172
0.165773 0.811172
0.165773 -3.707361
-0.910840 -0.955039
-0.459615 -1.102217
-0.123794 0.873869
0.127447 -0.137418
-0.016428 -1.508945
-0.136110 -1.508945
-0.136110 -0.224026
-0.015975 -1.516924
-0.081790 -1.516924
-0.081790 0.159332
0.013497 0.106041
0.005394 0.106041
0.005394 0.106041
0.005394 0.106041
0.005394 8.506491
0.155923 8.506491
0.155923 -0.072577
-0.006366 1.447602
0.215115 1.152596
0.223898 -0.382329
-0.067928 -0.382329
-0.067928 -0.382329
-0.067928 -0.382329
-0.067928 0.044261
0.005502 0.171405
0.014224 0.171405
0.014224 0.660244
0.069618 -4.387805
-1.247253 -4.387805
-1.247253 -4.349899
-1.426666 -0.874107
-0.116202 -3.044643
-0.801553 -1.960650
-0.690107 -1.960650
-0.690107 -1.960650
-0.690107 1.205858
0.287855 -0.351826
-0.272810 -0.351826
-0.272810 0.958976
0.174473 0.431816
0.079610 0.431816
0.079610 0.431816
0.079610 -0.097185
-0.032929 11.174319
0.430854 -0.513844
-0.129924 -0.513844
-0.129924 -0.513844
-0.129924 -3.112179
-0.573762 -0.316874
0.156077 -0.316874
0.156077 -0.316874
-0.050194 -0.316874
-0.050194 -0.316874
-0.050194 -0.316874
-0.050194 -2.767569
-0.050194 -2.767569
-0.050194 -2.767569
-0.464986 -2.767569
-0.464986 -2.767569
-0.464986 -0.450833
-0.464986 15.030976
-0.464986 15.030976
-0.092456 -8.258294
0.166684 -8.258294
0.166684 -8.258294
-0.349098 -4.062775
-0.349098 -0.837208
-0.349098 -0.837208
-1.059788 -1.422423
-0.448263 0.136449
-0.448263 0.136449
-0.236955 0.136449
-0.236955 0.136449
-0.236955 0.136449
-0.236955 0.136449
-0.236955 0.136449
-0.236955 -0.327564
-0.236955 -1.636692
-0.236955 -1.636692
-0.236955 -1.636692
-0.340001 -0.181905
0.017540 -0.181905
0.017540 -0.181905
0.017540 -2.750852
0.017540 -2.750852
0.017540 0.545682
0.017540 0.545682
0.017540 0.545682
-0.102935 -1.213988
-0.039763 -1.213988
-0.039763 -1.213988
-0.039763 -0.396749
-0.080221 5.012492
-0.080221 5.012492
-0.080221 5.012492
-0.075779 5.012492
-0.075779 -2.477174
0.068793 -0.487045
0.068793 -0.487045
0.068793 -0.487045
-0.188262 -0.965835
-0.188262 -0.965835
-0.188262 0.466009
-0.048865 0.211990
-0.008453 0.211990
-0.008453 -0.767058
-0.008453 -0.767058
0.098647 -0.767058
0.098647 -0.767058
0.098647 0.318559
0.098647 0.318559
-0.068782 -0.343571
-0.032930 -0.343571
-0.032930 -3.798324
-0.032930 -3.798324
-0.058970 -3.798324
-0.058970 -3.798324
0.040950 -0.465983
0.021366 -0.465983
0.021366 -0.997868
