-0.028608 -0.294867
-0.047153 -0.952956
-0.056352 -1.798533
0.073157 0.135986
-0.012553 -0.373639
-0.056058 -0.849985
0.034938 0.066201
0.040211 0.076684
-0.010716 -0.199169
-0.040132 -1.170939
0.019914 0.534748
-0.033320 -0.508290
0.075140 0.128558
-0.159157 -0.851720
0.005921 0.207669
-0.119194 -1.303801
0.020360 0.348594
-0.098570 -1.467018
-0.029545 -0.375618
0.033675 0.858216
-0.030068 -0.632499
0.016592 0.180453
-0.006061 -0.131300
-0.120252 -0.869654
0.044970 0.078220
0.002403 0.062286
-0.005842 -0.136248
-0.122992 -1.363374
0.021944 0.378672
-0.025389 -0.606288
-0.056859 -1.415741
0.069327 0.984902
0.008500 0.129032
-0.108133 -1.731721
-0.003571 -0.050039
-0.034405 -0.788542
0.087505 0.140804
-0.018968 -0.376583
0.154252 1.796872
-0.042354 -0.636432
0.019959 0.509455
0.007846 0.267988
-0.043481 -0.954151
0.010547 0.151190
-0.033167 -0.932102
0.027276 0.339810
-0.012512 -0.255944
-0.004400 -0.116806
0.004885 0.051609
