-0.088162 -0.503088
0.033241 0.084948
0.033084 0.153927
0.135818 0.256163
-0.044911 -0.644586
-0.081754 -0.650699
0.086437 0.229112
-0.034082 -0.503044
0.147926 1.346775
0.100089 0.927084
0.148212 0.370581
-0.021835 -0.137208
0.402193 2.000417
0.107854 1.490969
0.110217 1.018958
-0.009398 -0.094928
-0.042659 -0.349962
-0.042779 -0.499944
-0.024780 -0.563288
0.203864 0.391851
-0.015374 -0.206514
-0.045639 -0.321552
0.289300 2.556289
-0.003320 -0.033090
-0.155808 -0.488498
0.081903 1.546762
-0.059402 -0.479238
-0.112163 -0.616506
0.131659 0.267003
0.048898 0.279800
-0.022489 -0.291331
0.039854 0.204053
0.179896 2.350172
-0.030181 -0.469676
0.126884 0.224075
0.004711 0.035164
0.086031 1.886589
0.276511 2.058913
0.015708 0.126829
0.062735 0.691210
-0.043343 -0.306014
-0.026811 -0.416079
0.051685 0.216939
0.099017 0.158296
0.007942 0.080963
0.093152 0.254595
-0.046916 -0.536246
0.068455 0.226875
0.011714 0.131688
