-0.034176 -1.054555
0.003966 0.092285
-0.049087 -2.935216
-0.043256 -1.297468
-0.058102 -5.875125
-0.014957 -0.495320
-0.015480 -0.219627
0.046485 1.236794
-0.020082 -0.511152
-0.018446 -0.697915
-0.064838 -4.853468
0.033884 1.084351
-0.030172 -0.360919
-0.031896 -0.716856
-0.058828 -5.017653
0.003653 0.087487
-0.029474 -0.330897
-0.046243 -2.296886
0.020546 0.387791
-0.060840 -4.646653
-0.000209 -0.006016
0.005004 0.142256
-0.036713 -1.219207
0.038475 0.883008
-0.025706 -0.115756
0.007711 0.316843
-0.054540 -3.154170
-0.043239 -1.164863
-0.034848 -0.925621
-0.031705 -0.837008
-0.035193 -1.962160
-0.041095 -0.290946
0.009826 0.282125
-0.026642 -1.275574
-0.051823 -0.733455
-0.003642 -0.110607
0.005949 0.271169
0.033949 0.590247
-0.015966 -0.566793
-0.076100 -2.519485
0.017414 0.585766
0.014878 0.450462
0.005873 0.285199
0.005470 0.224393
-0.017665 -0.506307
-0.019772 -1.020354
0.028981 0.656214
-0.004423 -0.136662
-0.010839 -0.406027
-0.003443 -0.093352
