-0.625568 -5.033303
-0.453189 -6.671203
-0.367212 -9.279889
-0.517385 -5.797313
-0.398076 -8.079490
-0.517108 -5.801348
-0.557607 -5.431096
-0.556354 -5.441245
-0.453202 -6.600264
-0.392299 -8.170341
-0.459276 -6.607166
-0.677403 -4.832097
-0.429565 -7.182738
-0.416645 -7.520918
-0.526059 -5.715601
-0.516677 -5.807852
-1.886244 -0.614705
-0.599815 -5.177731
-0.455786 -6.650867
-0.476935 -6.313107
-0.570183 -5.395144
-0.466309 -6.489233
-0.875039 -4.248264
-0.664557 -4.905340
-0.459452 -6.456302
-0.409955 -7.582005
-0.481368 -6.189728
-0.581943 -5.362971
-0.451926 -6.731545
-0.390877 -0.123123
-0.612692 -5.114035
-0.489908 -6.039995
-1.303866 -0.632962
-0.343305 -10.773948
-0.581074 -4.864437
-0.446068 -6.786713
-0.830440 -4.382842
-0.466446 -6.456807
-0.506519 -5.872374
-0.484319 -6.209669
-0.378892 -0.134474
-0.464496 -6.515720
-0.544275 -5.567696
-0.426696 -7.267776
-0.541744 -5.539591
-0.485010 -6.281618
-0.390044 -8.293536
-0.550071 -5.481326
