-0.136032 -0.437462
-0.037513 -2.546106
0.038365 2.513690
-0.100070 -0.343898
-0.056139 -4.340787
0.385939 -0.119027
0.424536 0.486904
-0.041112 0.168487
0.191599 -0.702231
0.066128 0.032036
-0.123280 0.400886
-0.206073 -0.014350
0.010260 -1.068581
0.155056 1.097900
-0.004891 0.492163
-0.297267 -14.700966
-0.137817 -3.942535
-0.052663 0.393053
0.297047 -0.292147
0.478438 -1.231578
0.225248 0.295049
-0.206005 0.950013
-0.115726 0.131547
0.103717 0.674489
0.175940 7.838941
-0.107705 0.355968
-0.408379 -0.416690
0.183014 -0.199523
0.097081 -1.163670
-0.028646 -0.092655
0.105196 -0.588230
0.235710 -0.551410
0.559301 -0.551410
0.038990 -0.687279
0.329101 0.333869
0.142481 0.291344
0.039537 0.291344
0.039537 -0.222223
0.128911 -1.448332
-0.101114 0.653881
-0.058916 -0.541389
-0.240834 -0.541389
-0.030555 0.377022
0.204766 -0.076114
0.204766 2.719955
0.147505 0.421669
0.057595 -0.214908
-0.138461 -0.214908
-0.053625 -0.839410
-0.053625 -1.087791
-0.160719 -24.161820
0.142174 1.775347
0.281237 0.370289
0.101260 0.399809
0.101260 0.399809
-0.052853 -0.175756
-0.283136 -4.140961
0.298696 1.179088
-0.128788 0.416464
-0.128788 0.416464
0.143262 0.416464
-0.018737 -1.025944
0.068409 -1.025944
0.128635 -1.025944
-0.036155 -1.025944
-0.036155 -0.517914
-0.183683 -0.618042
-0.228994 -0.618042
-0.262478 3.683008
0.117327 0.123518
0.164877 -7.640849
0.127480 1.762453
0.127480 1.424766
-0.055156 1.424766
-0.137257 1.424766
-0.060563 1.424766
0.085688 1.424766
0.085688 2.371522
0.108033 2.371522
0.108033 2.371522
0.108033 2.371522
0.496311 2.371522
0.104226 2.371522
0.126651 0.357852
0.126651 -4.620691
0.126651 3.470009
-0.156265 3.470009
0.058165 3.470009
0.058165 3.470009
-0.204476 3.470009
-0.204476 3.470009
-0.204476 3.470009
-0.204476 3.470009
-0.139982 3.470009
-0.170542 3.470009
-0.170542 3.470009
0.365019 3.470009
0.172735 -2.231100
0.172735 -27.747327
0.031884 -27.747327
-0.230412 -0.166760
0.206994 -6.006837
-0.089573 -6.006837
-0.089573 -6.006837
-0.089573 -0.805194
0.152484 -0.805194
0.152484 1.890317
0.152484 0.947401
0.152484 -0.168075
0.152484 -6.311440
-0.204291 -3.976809
0.352428 -3.976809
0.352428 -1.541060
0.352428 -1.541060
0.352428 -1.541060
0.352428 -1.541060
0.352428 -1.541060
0.056174 -1.541060
0.007773 -55.400096
-0.388914 -6.096153
-0.388914 -1222.155424
-0.388914 16.228530
-0.312149 16.228530
-0.154233 16.228530
-0.247126 16.228530
0.131760 16.228530
0.131760 -34.088736
0.131760 -34.088736
0.131760 20.779171
0.131760 20.779171
0.131760 69.391624
0.131760 69.391624
0.131760 69.391624
0.131760 69.391624
