0.042128 0.831974
0.042128 0.831974
0.042128 0.831974
0.042128 0.831974
0.042128 0.831974
0.042128 0.831974
0.042128 0.831974
0.042128 0.831974
0.042128 0.831974
0.042128 0.831974
0.042128 0.831974
0.042128 0.831974
0.042128 0.831974
0.042128 0.831974
0.042128 0.831974
0.042128 0.831974
0.042128 0.831974
0.042128 0.831974
0.042128 0.831974
0.042128 0.831974
0.042128 0.831974
0.042128 0.831974
0.042128 0.831974
0.042128 0.831974
0.042128 0.831974
0.042128 0.831974
0.042128 0.831974
0.042128 0.831974
0.042128 0.831974
0.042128 0.831974
0.042128 0.831974
0.042128 0.831974
0.042128 0.831974
0.042128 0.831974
0.042128 0.831974
0.042128 0.831974
0.042128 0.831974
0.042128 0.831974
0.042128 0.831974
0.042128 0.831974
0.042128 0.831974
0.042128 0.831974
0.042128 0.831974
0.042128 0.831974
0.042128 0.831974
0.042128 0.831974
0.042128 0.831974
0.042128 0.831974
0.042128 0.831974
0.042128 0.831974
