-0.000868 -0.006825
-0.072297 -0.786073
-0.113581 -1.624483
0.071035 0.663277
-0.116314 -1.722928
0.032931 0.344554
0.060935 0.582227
0.119824 0.962663
-0.015722 -0.132130
-0.119105 -1.759708
-0.033449 -0.303065
0.009765 0.111777
0.197450 1.304671
-0.081991 -0.960356
-0.085795 -1.031810
0.051527 0.502943
0.017997 0.197975
-0.062785 -0.645622
0.056117 0.542284
-0.031704 -0.285366
-0.047585 -0.457247
0.045816 0.458883
-0.054837 -0.550528
0.331137 1.687215
0.137197 1.055093
-0.053907 -0.535220
-0.076180 -0.858640
-0.083625 -0.971720
0.045181 0.454568
-0.059409 -0.610072
-0.097562 -1.248389
0.147080 1.096330
-0.010305 -0.082880
-0.074298 -0.811623
-0.147349 -2.813575
0.047239 0.469432
-0.076980 -0.865975
0.313901 1.665494
-0.058941 -0.596662
0.196420 1.302036
0.015991 0.176521
-0.036948 -0.340214
-0.088959 -1.087707
-0.052821 -0.525599
0.022165 0.240103
-0.111129 -1.536528
0.058872 0.559847
-0.030890 -0.279032
-0.101647 -1.364211
0.066742 0.624700
