0.055055 0.214685
0.061552 0.231502
0.218407 0.539629
0.110440 0.279454
-0.153370 -0.514292
-0.023064 -0.091999
0.001297 0.003282
0.035592 0.081448
-0.159032 -0.736818
0.243501 0.391083
-0.278934 -1.525380
-0.039775 -0.041400
0.370574 1.017993
-0.233987 -0.625918
-0.190866 -4.085052
-0.289594 -1.444720
0.687752 0.866692
0.276739 3.987001
-0.176023 -0.372398
0.051578 0.188520
0.120374 0.105544
0.252058 0.241271
-0.199245 -0.443069
-0.066134 -0.068489
0.384307 0.192238
0.029373 0.047220
-0.280015 -0.678107
-0.315916 -1.863963
0.171064 0.484942
-0.019165 -0.077456
0.147532 0.459979
-0.089282 -0.356305
0.370677 0.965984
-0.241345 -0.269346
0.322555 0.884121
0.170311 0.542561
0.331596 0.952860
-0.281467 -1.495555
0.332871 1.002138
0.298414 0.415462
-0.496184 -35.631138
-0.000013 -0.000051
0.301655 0.891089
-0.152737 -0.692786
-0.031617 -0.124020
0.491573 1.244850
0.026526 0.049980
-0.195755 -0.606603
-0.114009 -0.494997
0.378364 1.053520
0.264128 0.836321
0.014969 0.038359
0.014969 0.038359
-0.046745 -0.141234
-0.141551 -0.669617
0.162848 9.428408
-0.071671 -0.207699
0.421395 0.786473
0.200779 0.637633
0.200779 0.637633
-0.146448 -0.605635
-0.271028 -3.216475
0.128299 1.812052
0.176524 0.480427
-0.271898 -2.798350
-0.249431 -2.385411
0.127697 0.279682
0.269118 0.820880
-0.004751 -0.018287
-0.292690 -6.904085
0.133302 0.395398
0.132398 0.443171
0.132398 0.443171
0.132398 0.443171
0.132398 0.443171
0.487713 1.253369
-0.295372 0.075300
0.023789 0.075300
0.023789 -1.443143
-0.218771 -0.384341
-0.101452 -1.203557
-0.267475 0.385099
0.110228 1.209902
-0.132762 1.209902
0.435011 -3.591979
0.435011 -0.445968
-0.213038 0.603690
-0.111914 0.795396
0.283130 0.795396
0.363897 -0.653444
0.363897 -0.653444
-0.146982 -0.653444
-0.146982 -31.954135
-0.146982 0.039434
-0.501407 -0.151109
0.010093 0.149680
-0.047685 0.149680
0.056553 -0.006053
0.056553 -0.653442
-0.001339 0.523179
-0.123032 0.523179
0.258860 0.523179
0.258860 0.523179
0.258860 0.523179
0.258860 0.523179
0.258860 -0.003778
0.258860 -0.003778
-0.001449 -0.003778
-0.001449 -0.003778
-0.001449 0.907759
-0.001449 0.907759
0.284898 0.907759
0.284898 0.907759
0.284898 0.907759
0.284898 0.907759
0.284898 0.907759
0.284898 0.222160
0.284898 0.006410
0.008896 1.410360
0.001643 1.410360
0.557595 -2.432328
0.557595 -2.432328
-0.135555 -2.432328
-0.135555 4.594503
-0.135555 4.594503
0.423169 -1.608384
0.423169 -1.608384
-0.252951 -1.608384
-0.252951 -1.608384
-0.252951 -10.953061
-0.252951 12.238443
-0.236119 12.238443
0.340264 12.238443
0.340264 12.238443
0.340264 12.238443
0.340264 12.238443
0.340264 12.238443
0.340264 12.238443
0.340264 12.238443
0.340264 12.238443
0.340264 12.238443
0.340264 12.238443
0.340264 12.238443
0.340264 12.238443
0.340264 12.238443
0.340264 12.238443
0.340264 -1.975060
0.340264 -1.975060
-0.045655 -1.975060
-0.045655 -1.975060
-0.045655 -1.975060
-0.045655 -1.975060
-0.045655 -1.975060
-0.045655 -1.975060
-0.045655 -1.975060
-0.045655 -1.975060
-0.045655 -1.975060
-0.045655 -1.975060
-0.045655 0.218542
-0.045655 0.218542
0.003744 0.218542
0.003744 0.218542
0.003744 -1.463151
0.003744 -1.463151
-0.163334 -1.463151
-0.163334 -1.463151
-0.163334 -1.463151
-0.276646 -1.463151
-0.276646 -1.463151
-0.276646 -1.463151
-0.276646 -0.167550
-0.276646 -0.167550
-0.276646 -0.600049
-0.276646 -0.600049
-0.276646 -0.600049
-0.052585 0.413493
-0.052585 -6.037355
-0.199167 -6.037355
-0.199167 -6.037355
-0.199167 -0.183344
0.132221 -0.183344
-0.070278 -27.899294
-0.070278 -0.291610
-0.070278 -1.528879
-0.044382 -5.846029
