0.203101 1.409776
0.165963 1.261148
-0.038431 -0.385364
-0.003869 -0.033605
-0.016046 -0.148365
-0.035152 -0.349255
-0.005823 -0.051914
-0.071893 -0.870667
0.044917 0.483865
-0.061505 -0.690428
0.203939 1.416290
0.119491 1.026183
0.316860 1.764750
-0.028710 -0.279946
0.007589 -0.133650
-0.014849 -0.666618
-0.059640 -0.052413
-0.006027 -1.672799
-0.110103 0.366708
0.032847 -0.879089
-0.072982 -0.052120
-0.005878 0.668326
0.066403 -0.529736
-0.049723 0.005967
0.000467 -1.371336
-0.096332 0.716276
0.074239 0.437117
0.039455 0.830039
0.089167 -3.959446
-0.162032 -0.311646
-0.031745 -1.067868
-0.082926 0.283493
0.024626 -0.619201
-0.055262 0.807141
0.085504 -0.887450
-0.073215 -1.050088
-0.081973 1.070400
0.127589 -1.892419
-0.115948 -1.169621
-0.087936 0.561820
0.053932 -2.029134
-0.121096 -1.079822
-0.082364 1.479101
0.220368 -2.081032
-0.122050 0.092034
0.007550 -0.086166
-0.009653 0.652729
0.064105 -1.150248
-0.085444 -1.641177
