-0.087522 0.084948
0.033241 0.153927
0.033084 0.256163
0.135818 -0.644586
-0.044911 -0.650699
-0.081754 0.229112
0.086437 -0.503044
-0.034082 1.346775
0.147926 0.927084
0.100089 0.370581
0.148212 -0.137208
-0.021835 2.000417
0.402193 1.490969
0.107854 1.018958
0.110217 -0.094928
-0.009398 -0.349962
-0.042659 -0.499944
-0.042779 -0.563288
-0.024780 0.391851
0.203864 -0.206514
-0.015374 -0.321552
-0.045639 2.556289
0.289300 -0.033090
-0.003320 -0.488498
-0.155808 1.546762
0.081903 -0.479238
-0.059402 -0.616506
-0.112163 0.267003
0.131659 0.279800
0.048898 -0.291331
-0.022489 0.204053
0.039854 2.350172
0.179896 -0.469676
-0.030181 0.224075
0.126884 0.035164
0.004711 1.886589
0.086031 2.058913
0.276511 0.126829
0.015708 0.691210
0.062735 -0.306014
-0.043343 -0.416079
-0.026811 0.216939
0.051685 0.158296
0.099017 0.080963
0.007942 0.254595
-0.041187 -0.536246
0.093152 0.226875
-0.046916 0.131688
