-0.117872 -2.327803
-0.117872 -2.327803
-0.117872 -2.327803
-0.117872 -2.327803
-0.117872 -2.327803
-0.117872 -2.327803
-0.117872 -2.327803
-0.117872 -2.327803
-0.117872 -2.327803
-0.117872 -2.327803
-0.117872 -2.327803
-0.117872 -2.327803
-0.117872 -2.327803
-0.117872 -2.327803
-0.117872 -2.327803
-0.117872 -2.327803
-0.117872 -2.327803
-0.117872 -2.327803
-0.117872 -2.327803
-0.117872 -2.327803
-0.117872 -2.327803
-0.117872 -2.327803
-0.117872 -2.327803
-0.117872 -2.327803
-0.117872 -2.327803
-0.117872 -2.327803
-0.117872 -2.327803
-0.117872 -2.327803
-0.117872 -2.327803
-0.117872 -2.327803
-0.117872 -2.327803
-0.117872 -2.327803
-0.117872 -2.327803
-0.117872 -2.327803
-0.117872 -2.327803
-0.117872 -2.327803
-0.117872 -2.327803
-0.117872 -2.327803
-0.117872 -2.327803
-0.117872 -2.327803
-0.117872 -2.327803
-0.117872 -2.327803
-0.117872 -2.327803
-0.117872 -2.327803
-0.117872 -2.327803
-0.117872 -2.327803
-0.117872 -2.327803
-0.117872 -2.327803
-0.117872 -2.327803
-0.117872 -2.327803
