0.018506 1.249235
0.014430 0.952005
0.018249 1.497885
-0.011612 -0.788690
-0.007804 -0.798222
-0.042096 -1.635604
-0.037837 -1.255779
0.000567 0.098569
-0.002367 -0.660549
-0.000541 -0.101180
0.000115 0.013065
-0.004270 -0.558359
0.019949 2.072590
-0.000029 -0.004527
-0.001227 -0.179894
-0.010987 -1.282347
-0.004042 -0.398404
-0.004042 -0.398404
0.007545 1.091587
-0.006401 -0.744887
-0.002325 -0.318981
-0.010663 -1.055303
-0.010663 -1.055303
0.002147 0.384255
0.003697 0.772723
0.004613 0.885169
0.001371 0.260303
-0.006003 -1.031042
-0.002763 -0.800629
-0.005362 -1.073852
0.001032 0.348602
-0.005856 -1.234860
0.003091 1.192690
0.000216 0.093499
0.002188 0.936804
0.002188 0.936804
-0.003821 -0.893509
-0.001041 -0.314101
-0.005072 -1.097919
-0.005072 -1.097919
-0.001244 -0.345629
0.006648 1.037819
0.009971 1.596928
0.011301 0.982963
-0.002537 -0.206529
-0.074969 -2.099024
-0.017982 -0.439968
0.002396 0.161067
0.008576 1.015900
-0.047745 -1.884239
-0.002442 -0.483902
-0.002442 -0.483902
-0.002442 -0.483902
-0.001663 -0.122765
-0.001663 -0.122765
-0.006913 -0.852443
-0.011277 1.269379
0.010074 -1.685471
-0.037526 -1.685471
-0.037526 -1.685471
-0.037526 -1.685471
-0.037526 1.119950
0.009353 -0.547482
-0.007276 -0.547482
-0.007276 -0.547482
-0.007276 -0.332881
-0.003728 1.304313
0.013317 0.044832
0.000479 -0.742831
-0.010888 0.260289
0.003054 -0.887130
-0.043687 -0.887130
-0.043687 1.538047
0.029796 0.621378
0.016502 -0.067836
-0.003254 -0.067836
-0.003254 -0.067836
-0.003254 1.714644
0.040176 1.714644
0.040176 1.355069
0.021919 -1.223435
-0.078513 -1.223435
-0.078513 1.377769
0.037970 0.043616
0.001076 -0.844010
-0.137746 -0.844010
-0.030741 1.042513
-0.030741 1.629569
0.039158 0.569208
0.097346 -0.948073
0.023251 1.271720
-0.020366 1.271720
0.016755 1.271720
0.016755 -0.831684
0.016755 -5.636898
-0.026849 -0.934323
-0.042151 1.126469
-0.045400 1.126469
0.044798 0.050073
0.044798 0.700717
0.002258 -2.930271
0.014438 -2.930271
0.022602 -2.930271
0.022602 -2.071613
-0.085946 -1.894299
-0.085946 0.890002
-0.085946 -0.181175
-0.053599 -0.181175
0.007864 1.045510
0.007864 1.045510
0.007864 0.470961
0.007864 1.736884
-0.030419 0.989818
0.000758 -6.312120
-0.016905 0.174158
0.023297 0.174158
-0.006236 -1.331432
-0.006236 -1.331432
-0.023329 -1.331432
-0.023329 -1.331432
0.030603 -1.331432
0.030603 0.826336
0.024562 -0.505572
0.079724 -0.505572
-0.085657 -0.505572
-0.085657 -0.505572
-0.085657 -0.505572
-0.085657 -4.192666
-0.085657 -0.600805
-0.085657 -0.600805
-0.085657 -0.181175
0.040666 -0.181175
-0.194885 -0.181175
0.010148 -0.181175
0.010148 -0.181175
-0.090822 0.329598
-0.090822 -0.070566
-0.090822 1.106983
-0.090822 1.106983
-0.090822 1.106983
0.037501 1.106983
-0.041728 1.106983
-0.041728 1.106983
-0.041728 1.106983
-0.041728 1.106983
-0.041728 1.106983
-0.023382 1.106983
-0.007512 1.106983
-0.028869 4.657778
-0.003571 -1.129612
-0.049202 -1.129612
-0.049202 -1.129612
-0.003233 -1.129612
-0.025441 -1.129612
-0.025441 -1.129612
-0.127770 -1.129612
-0.011435 -1.129612
-0.011435 -1.129612
