-0.024240 -1.108449
0.031362 0.909334
-0.011017 -0.363382
0.006622 0.267816
0.003357 0.140747
-0.004534 -0.140896
0.010563 0.407664
-0.032128 -1.771924
0.021517 0.720971
-0.006708 -0.215476
0.079345 1.562111
0.027707 0.842841
0.096340 1.671493
-0.012694 -0.456108
0.003690 0.154255
0.004711 0.198011
-0.007159 -0.231507
-0.002087 -0.060325
-0.030283 -1.600749
0.020783 0.711974
-0.010787 -0.365894
-0.003473 -0.105666
0.042172 1.135687
-0.009621 -0.319474
-0.002246 -0.066950
-0.031887 -1.794597
0.031805 0.941041
0.011405 0.427365
0.026493 0.839517
-0.040129 -3.138754
-0.015712 -0.586339
-0.032681 -1.861723
-0.011616 -0.392938
-0.030540 -1.567944
0.041224 1.116962
-0.026967 -1.291064
-0.028479 -1.473659
0.049377 1.237558
-0.031439 -1.780383
-0.020634 -0.881058
0.020571 0.672312
-0.026319 -1.296139
-0.024840 -1.181568
0.080553 1.581212
-0.027361 -1.397815
0.008114 0.316530
0.001529 0.066084
-0.004973 -0.149770
-0.030467 -1.680886
-0.029493 -1.543188
