-0.010485 -0.352904
0.007058 0.594476
-0.004106 -0.612396
-0.013121 -0.797773
-0.003610 -0.616918
0.008493 0.534452
0.001395 0.074987
-0.017398 -0.936655
-0.000649 -0.044131
0.009544 1.088767
-0.012779 -1.273687
-0.010905 -0.847283
-0.005231 -0.176911
-0.008373 -1.142177
0.001959 0.110980
0.015091 0.814805
-0.016164 -1.483887
-0.002131 -0.096481
-0.012404 -1.312884
0.000236 0.020741
0.007862 0.397523
-0.009931 -1.065395
0.027133 0.644730
-0.023821 -1.256075
0.019782 1.284942
-0.001602 -0.157758
0.004473 0.429490
-0.023501 -1.691570
-0.007057 -0.757492
0.012854 1.277829
-0.029851 -1.680342
0.025713 1.214147
0.014712 1.111634
-0.002209 -0.425833
0.006273 0.332713
0.000516 0.055352
0.002934 0.094623
-0.000328 -0.024008
-0.020400 -0.858952
-0.000991 -0.053564
-0.010544 -0.956176
-0.004645 -0.027027
-0.003297 -0.281651
-0.004180 -0.240552
0.029180 1.831355
0.001645 0.084085
0.014279 1.018315
-0.000131 -0.016609
-0.018134 -1.071940
