-0.317872 -6.277524
-0.317872 -6.277524
-0.317872 -6.277524
-0.317872 -6.277524
-0.317872 -6.277524
-0.317872 -6.277524
-0.317872 -6.277524
-0.317872 -6.277524
-0.317872 -6.277524
-0.317872 -6.277524
-0.317872 -6.277524
-0.317872 -6.277524
-0.317872 -6.277524
-0.317872 -6.277524
-0.317872 -6.277524
-0.317872 -6.277524
-0.317872 -6.277524
-0.317872 -6.277524
-0.317872 -6.277524
-0.317872 -6.277524
-0.317872 -6.277524
-0.317872 -6.277524
-0.317872 -6.277524
-0.317872 -6.277524
-0.317872 -6.277524
-0.317872 -6.277524
-0.317872 -6.277524
-0.317872 -6.277524
-0.317872 -6.277524
-0.317872 -6.277524
-0.317872 -6.277524
-0.317872 -6.277524
-0.317872 -6.277524
-0.317872 -6.277524
-0.317872 -6.277524
-0.317872 -6.277524
-0.317872 -6.277524
-0.317872 -6.277524
-0.317872 -6.277524
-0.317872 -6.277524
-0.317872 -6.277524
-0.317872 -6.277524
-0.317872 -6.277524
-0.317872 -6.277524
-0.317872 -6.277524
-0.317872 -6.277524
-0.317872 -6.277524
-0.317872 -6.277524
-0.317872 -6.277524
-0.317872 -6.277524
