0.005359 0.610476
-0.018617 -1.002739
-0.001047 -0.093297
0.012322 1.199018
-0.003933 -0.365651
-0.011617 0.243414
0.002626 -0.780243
-0.005318 1.586339
0.020913 0.669715
0.006608 0.240462
0.007081 -1.274939
-0.026355 0.651899
0.021989 0.293204
0.002839 0.473691
0.005267 -0.751966
-0.007812 -1.024166
-0.009783 -1.579493
-0.021937 1.619474
-0.005290 0.105841
0.017635 0.979374
0.000873 1.834805
0.010474 0.927047
0.030111 0.284830
0.008525 0.890031
0.002629 -0.321616
0.005298 0.431597
-0.005281 1.196584
0.005469 0.746651
0.015117 0.409604
0.002644 0.594267
0.003821 1.748478
0.004175 -1.698641
0.018228 1.241942
-0.013479 0.010380
0.019017 -0.239607
0.000082 1.576493
-0.001338 0.805071
0.031661 -0.014825
0.003812 0.117906
-0.000111 1.193033
0.001926 0.215970
-0.004027 0.640569
0.006368 0.480810
0.006064 -1.931663
0.003508 0.023768
