-0.029516 -0.474205
-0.042865 -0.880499
0.001512 0.032038
0.087366 1.428832
-0.090228 -2.952986
-0.055653 -0.947374
-0.153403 -1.269864
-0.139385 -0.675192
0.065679 1.360611
-0.045596 -0.730213
0.032636 0.196876
0.075688 1.460894
0.033264 0.119932
-0.099875 -0.440100
0.029348 0.716923
-0.060762 -1.081310
-0.054235 -0.653471
-0.007609 -0.126992
0.054683 0.392611
0.052656 0.224211
-0.028738 -0.505933
-0.020009 -0.249721
0.003117 0.029113
-0.066445 -0.533190
0.058028 0.142736
0.013906 0.114270
-0.093815 -0.523954
-0.043162 -0.757527
0.037658 0.150654
0.061631 1.863938
-0.031314 -0.826760
0.156057 2.296108
-0.030944 -0.417351
-0.035291 -0.725377
0.024986 0.140794
0.061859 0.193741
-0.002926 -0.062935
0.098456 0.162939
-0.032054 -0.471518
0.159804 1.894534
-0.057637 -0.527729
-0.055579 -0.541291
0.055108 0.263711
0.047609 0.232078
0.001357 0.009453
-0.026668 -0.865937
0.021714 0.070401
0.011014 0.119284
0.053527 0.228396
0.068235 0.675889
