0.002128 0.042030
0.002128 0.042030
0.002128 0.042030
0.002128 0.042030
0.002128 0.042030
0.002128 0.042030
0.002128 0.042030
0.002128 0.042030
0.002128 0.042030
0.002128 0.042030
0.002128 0.042030
0.002128 0.042030
0.002128 0.042030
0.002128 0.042030
0.002128 0.042030
0.002128 0.042030
0.002128 0.042030
0.002128 0.042030
0.002128 0.042030
0.002128 0.042030
0.002128 0.042030
0.002128 0.042030
0.002128 0.042030
0.002128 0.042030
0.002128 0.042030
0.002128 0.042030
0.002128 0.042030
0.002128 0.042030
0.002128 0.042030
0.002128 0.042030
0.002128 0.042030
0.002128 0.042030
0.002128 0.042030
0.002128 0.042030
0.002128 0.042030
0.002128 0.042030
0.002128 0.042030
0.002128 0.042030
0.002128 0.042030
0.002128 0.042030
0.002128 0.042030
0.002128 0.042030
0.002128 0.042030
0.002128 0.042030
0.002128 0.042030
0.002128 0.042030
0.002128 0.042030
0.002128 0.042030
0.002128 0.042030
0.002128 0.042030
