0.000000000000000000e+00 0.000000000000000000e+00 0.000000000000000000e+00 0.000000000000000000e+00
2.500000000000000000e+03 4.000000000000000222e-01 3.749278494152877839e-01 5.848485800856417782e-01
2.500000000000000000e+03 4.500000000000000111e-01 3.748981806707671338e-01 5.762094492293934334e-01
2.500000000000000000e+03 5.000000000000000000e-01 3.748601336587371602e-01 5.655482669715200528e-01
2.500000000000000000e+03 5.500000000000000444e-01 3.748123541568413319e-01 5.525957327468753455e-01
2.500000000000000000e+03 5.999999999999999778e-01 3.747535214931284608e-01 5.370948212008566092e-01
2.500000000000000000e+03 6.500000000000000222e-01 3.746824152184261014e-01 5.188152528637696159e-01
2.500000000000000000e+03 6.999999999999999556e-01 3.745979866402123215e-01 4.975688495460097727e-01
2.500000000000000000e+03 7.500000000000000000e-01 3.744994323982118178e-01 4.732247703927953686e-01
2.500000000000000000e+03 8.000000000000000444e-01 3.743862627638567808e-01 4.457233564578204632e-01
2.500000000000000000e+03 8.499999999999999778e-01 3.742583590203063526e-01 4.150871755016279363e-01
2.500000000000000000e+03 9.000000000000000222e-01 3.741160130046081722e-01 3.814279008081855049e-01
2.500000000000000000e+03 1.000000000000000000e+00 3.737912841740231862e-01 3.059360883677182952e-01
3.000000000000000000e+03 4.000000000000000222e-01 3.749659978021831486e-01 5.925685654111695344e-01
3.000000000000000000e+03 4.500000000000000111e-01 3.749527692244987720e-01 5.869531796711764393e-01
3.000000000000000000e+03 5.000000000000000000e-01 3.749359830805026883e-01 5.801023743095328200e-01
3.000000000000000000e+03 5.500000000000000444e-01 3.749150410561858937e-01 5.718479367472554253e-01
3.000000000000000000e+03 5.999999999999999778e-01 3.748893261409685373e-01 5.620184493312940788e-01
3.000000000000000000e+03 6.500000000000000222e-01 3.748582203685306147e-01 5.504447963860908954e-01
3.000000000000000000e+03 6.999999999999999556e-01 3.748211252629590207e-01 5.369664053667951853e-01
3.000000000000000000e+03 7.500000000000000000e-01 3.747774844996890620e-01 5.214380616430864812e-01
3.000000000000000000e+03 8.000000000000000444e-01 3.747268083009057116e-01 5.037370437315012994e-01
3.000000000000000000e+03 8.499999999999999778e-01 3.746686975483505266e-01 4.837702317281817876e-01
3.000000000000000000e+03 9.000000000000000222e-01 3.746028681080804112e-01 4.614807670417844787e-01
3.000000000000000000e+03 1.000000000000000000e+00 3.744476098866800218e-01 4.099207440372236722e-01
3.500000000000000000e+03 4.000000000000000222e-01 3.749821626121292439e-01 5.971779958564972235e-01
3.500000000000000000e+03 4.500000000000000111e-01 3.749755659784621553e-01 5.932860157953985247e-01
3.500000000000000000e+03 5.000000000000000000e-01 3.749672951927269238e-01 5.885919082488095810e-01
3.500000000000000000e+03 5.500000000000000444e-01 3.749570712864166433e-01 5.829903241174039241e-01
3.500000000000000000e+03 5.999999999999999778e-01 3.749445989297116033e-01 5.763706060807970433e-01
3.500000000000000000e+03 6.500000000000000222e-01 3.749295717087559598e-01 5.686190155599309959e-01
3.500000000000000000e+03 6.999999999999999556e-01 3.749116783609980907e-01 5.596213228702667797e-01
3.500000000000000000e+03 7.500000000000000000e-01 3.748906099248393575e-01 5.492657453810805279e-01
3.500000000000000000e+03 8.000000000000000444e-01 3.748660679317594169e-01 5.374461934692519316e-01
3.500000000000000000e+03 8.499999999999999778e-01 3.748377728341647508e-01 5.240657518789835212e-01
3.500000000000000000e+03 9.000000000000000222e-01 3.748054737242704215e-01 5.090402979353257917e-01
3.500000000000000000e+03 1.000000000000000000e+00 3.747280569962069818e-01 4.738033716512521365e-01
