0.000000000000000000e+00 0.000000000000000000e+00 0.000000000000000000e+00 0.000000000000000000e+00
1.000000000000000000e+03 0.000000000000000000e+00 3.750000000000000555e-01 6.096067358450976137e-01
1.000000000000000000e+03 2.020202020202020374e-02 3.749995299770081392e-01 6.095375714237343256e-01
1.000000000000000000e+03 4.040404040404040747e-02 3.749980849489467083e-01 6.093276936684013378e-01
1.000000000000000000e+03 6.060606060606060774e-02 3.749955601264071126e-01 6.089699573811360178e-01
1.000000000000000000e+03 8.080808080808081495e-02 3.749917811629510100e-01 6.084524821421871676e-01
1.000000000000000000e+03 1.010101010101010222e-01 3.749865046429594062e-01 6.077586969663704153e-01
1.000000000000000000e+03 1.212121212121212155e-01 3.749794188322099764e-01 6.068674073641346922e-01
1.000000000000000000e+03 1.414141414141414366e-01 3.749701447573189905e-01 6.057528892523496022e-01
1.000000000000000000e+03 1.616161616161616299e-01 3.749582376976925424e-01 6.043850152786510721e-01
1.000000000000000000e+03 1.818181818181818232e-01 3.749431891884103529e-01 6.027294201100646953e-01
1.000000000000000000e+03 2.020202020202020443e-01 3.749244296462846404e-01 6.007477120439802531e-01
1.000000000000000000e+03 2.222222222222222376e-01 3.749013317400931022e-01 5.983977388611186887e-01
1.000000000000000000e+03 2.424242424242424310e-01 3.748732146321910874e-01 5.956339161033232799e-01
1.000000000000000000e+03 2.626262626262626521e-01 3.748393492189280862e-01 5.924076258150853258e-01
1.000000000000000000e+03 2.828282828282828731e-01 3.747989644914360707e-01 5.886676932187083766e-01
1.000000000000000000e+03 3.030303030303030387e-01 3.747512550832390321e-01 5.843609475113301643e-01
1.000000000000000000e+03 3.232323232323232598e-01 3.746953903262359997e-01 5.794328721010408856e-01
1.000000000000000000e+03 3.434343434343434809e-01 3.746305242392347079e-01 5.738283441540401597e-01
1.000000000000000000e+03 3.636363636363636465e-01 3.745558074687846406e-01 5.674924665282256031e-01
1.000000000000000000e+03 3.838383838383838675e-01 3.744703998622734287e-01 5.603714822170932086e-01
1.000000000000000000e+03 4.040404040404040886e-01 3.743734849693662881e-01 5.524137668794887324e-01
1.000000000000000000e+03 4.242424242424242542e-01 3.742642852814649368e-01 5.435708823180233074e-01
1.000000000000000000e+03 4.444444444444444753e-01 3.741420777386853525e-01 5.337986719156497806e-01
1.000000000000000000e+03 4.646464646464646964e-01 3.740062106744113102e-01 5.230583757190434557e-01
1.000000000000000000e+03 4.848484848484848619e-01 3.738561200174508325e-01 5.113177332810221465e-01
1.000000000000000000e+03 5.050505050505050830e-01 3.736913453315071632e-01 4.985520424540831330e-01
1.000000000000000000e+03 5.252525252525253041e-01 3.735115450157530659e-01 4.847451377911806691e-01
1.000000000000000000e+03 5.454545454545455252e-01 3.733165094904057346e-01 4.698902491579513008e-01
1.000000000000000000e+03 5.656565656565657463e-01 3.731061733485035448e-01 4.539907067254327355e-01
1.000000000000000000e+03 5.858585858585858563e-01 3.728806232478583116e-01 4.370604523164922650e-01
1.000000000000000000e+03 6.060606060606060774e-01 3.726401046786597671e-01 4.191243333514663716e-01
1.000000000000000000e+03 6.262626262626262985e-01 3.723850236583654549e-01 4.002181506550983037e-01
1.000000000000000000e+03 6.464646464646465196e-01 3.721159457063926146e-01 3.803884500843219274e-01
1.000000000000000000e+03 6.666666666666667407e-01 3.718335905715327572e-01 3.596920516967751502e-01
1.000000000000000000e+03 6.868686868686869618e-01 3.715388233021807984e-01 3.381953248859485006e-01
1.000000000000000000e+03 7.070707070707071829e-01 3.712326418299418673e-01 3.159732270421787836e-01
1.000000000000000000e+03 7.272727272727272929e-01 3.709161613380809186e-01 2.931081361899869897e-01
1.000000000000000000e+03 7.474747474747475140e-01 3.705905958342711748e-01 2.696885125582549336e-01
1.000000000000000000e+03 7.676767676767677351e-01 3.702572376364955398e-01 2.458074375133422196e-01
1.000000000000000000e+03 7.878787878787879562e-01 3.699174362453804266e-01 2.215610783367300829e-01
1.000000000000000000e+03 8.080808080808081773e-01 3.695725750832372647e-01 1.970471265237483394e-01
1.000000000000000000e+03 8.282828282828283983e-01 3.692240502301489258e-01 1.723632666211361297e-01
1.000000000000000000e+03 8.484848484848485084e-01 3.688732479840564071e-01 1.476057136974067152e-01
1.000000000000000000e+03 8.686868686868687295e-01 3.685215254951667019e-01 1.228678673650005493e-01
1.000000000000000000e+03 8.888888888888889506e-01 3.681701926549017512e-01 9.823911055404666026e-02
1.000000000000000000e+03 9.090909090909091717e-01 3.678204953823470680e-01 7.380377651644558223e-02
1.000000000000000000e+03 9.292929292929293927e-01 3.674736033413954495e-01 4.964030624073498266e-02
1.000000000000000000e+03 9.494949494949496138e-01 3.671305989247388712e-01 2.582059447278117759e-02
1.000000000000000000e+03 9.696969696969697239e-01 3.667924689521732118e-01 2.409528174620034768e-03
1.000000000000000000e+03 9.898989898989899450e-01 3.664601007095240615e-01 -2.053528895096468077e-02
1.000000000000000000e+03 1.010101010101010166e+00 3.661342778269382481e-01 -4.296364806043387330e-02
1.000000000000000000e+03 1.030303030303030498e+00 3.658156803629331044e-01 -6.483269021711302038e-02
1.000000000000000000e+03 1.050505050505050608e+00 3.655048867794666312e-01 -8.610673122425389903e-02
1.000000000000000000e+03 1.070707070707070718e+00 3.652023760956480403e-01 -1.067569799911338296e-01
1.000000000000000000e+03 1.090909090909091050e+00 3.649085333031918954e-01 -1.267611655654634628e-01
1.000000000000000000e+03 1.111111111111111160e+00 3.646236545062905843e-01 -1.461031017705704260e-01
1.000000000000000000e+03 1.131313131313131493e+00 3.643479533818689831e-01 -1.647722046194186052e-01
1.000000000000000000e+03 1.151515151515151603e+00 3.640815680695119183e-01 -1.827629825810567210e-01
1.000000000000000000e+03 1.171717171717171713e+00 3.638245681817016131e-01 -2.000745141672282124e-01
1.000000000000000000e+03 1.191919191919192045e+00 3.635769623117486304e-01 -2.167099270023651325e-01
1.000000000000000000e+03 1.212121212121212155e+00 3.633387047167895290e-01 -2.326758897839982243e-01
1.000000000000000000e+03 1.232323232323232487e+00 3.631097028888088385e-01 -2.479821224204047381e-01
1.000000000000000000e+03 1.252525252525252597e+00 3.628898230913949474e-01 -2.626409372853659718e-01
1.000000000000000000e+03 1.272727272727272929e+00 3.626788977113448165e-01 -2.766668066811004412e-01
1.000000000000000000e+03 1.292929292929293039e+00 3.624767302271173497e-01 -2.900759687106939655e-01
1.000000000000000000e+03 1.313131313131313149e+00 3.622831007933235425e-01 -3.028860669037808928e-01
1.000000000000000000e+03 1.333333333333333481e+00 3.620977708023312980e-01 -3.151158262972273416e-01
1.000000000000000000e+03 1.353535353535353591e+00 3.619204876320286646e-01 -3.267847644389139106e-01
1.000000000000000000e+03 1.373737373737373924e+00 3.617509876859837381e-01 -3.379129380391591719e-01
1.000000000000000000e+03 1.393939393939394034e+00 3.615890002926508418e-01 -3.485207199401569866e-01
1.000000000000000000e+03 1.414141414141414366e+00 3.614342509996279484e-01 -3.586286064101767979e-01
1.000000000000000000e+03 1.434343434343434476e+00 3.612864628623978502e-01 -3.682570556483523716e-01
1.000000000000000000e+03 1.454545454545454586e+00 3.611453598643433738e-01 -3.774263467183138765e-01
1.000000000000000000e+03 1.474747474747474918e+00 3.610106681509365756e-01 -3.861564650517174679e-01
1.000000000000000000e+03 1.494949494949495028e+00 3.608821176179961565e-01 -3.944670075293419953e-01
1.000000000000000000e+03 1.515151515151515360e+00 3.607594432018330077e-01 -4.023771056052388162e-01
1.000000000000000000e+03 1.535353535353535470e+00 3.606423859484229610e-01 -4.099053648112808146e-01
1.000000000000000000e+03 1.555555555555555580e+00 3.605306935761163345e-01 -4.170698188536772211e-01
1.000000000000000000e+03 1.575757575757575912e+00 3.604241218281248327e-01 -4.238878935087481703e-01
1.000000000000000000e+03 1.595959595959596022e+00 3.603224336299244990e-01 -4.303763862871521906e-01
1.000000000000000000e+03 1.616161616161616355e+00 3.602254006562033428e-01 -4.365514486152692886e-01
1.000000000000000000e+03 1.636363636363636465e+00 3.601328031236167293e-01 -4.424285796414965111e-01
1.000000000000000000e+03 1.656565656565656797e+00 3.600444294180750182e-01 -4.480226264819830995e-01
1.000000000000000000e+03 1.676767676767676907e+00 3.599600771145409217e-01 -4.533477867819946105e-01
1.000000000000000000e+03 1.696969696969697017e+00 3.598795518852265785e-01 -4.584176196743657283e-01
1.000000000000000000e+03 1.717171717171717349e+00 3.598026679545888173e-01 -4.632450567593338064e-01
1.000000000000000000e+03 1.737373737373737459e+00 3.597292480397256687e-01 -4.678424172410542425e-01
1.000000000000000000e+03 1.757575757575757791e+00 3.596591228149288444e-01 -4.722214259076069620e-01
1.000000000000000000e+03 1.777777777777777901e+00 3.595921308757258350e-01 -4.763932315063366119e-01
1.000000000000000000e+03 1.797979797979798233e+00 3.595281186799509365e-01 -4.803684266597274544e-01
1.000000000000000000e+03 1.818181818181818343e+00 3.594669397844924008e-01 -4.841570695976658012e-01
1.000000000000000000e+03 1.838383838383838453e+00 3.594084550735511252e-01 -4.877687046666470128e-01
1.000000000000000000e+03 1.858585858585858785e+00 3.593525325562064721e-01 -4.912123835711737496e-01
1.000000000000000000e+03 1.878787878787878896e+00 3.592990461408724912e-01 -4.944966891309996448e-01
1.000000000000000000e+03 1.898989898989899228e+00 3.592478768461955241e-01 -4.976297532445779770e-01
1.000000000000000000e+03 1.919191919191919338e+00 3.591989110150660691e-01 -5.006192814161267712e-01
1.000000000000000000e+03 1.939393939393939448e+00 3.591520414956808072e-01 -5.034725699170958801e-01
1.000000000000000000e+03 1.959595959595959780e+00 3.591071659081902512e-01 -5.061965292261372262e-01
1.000000000000000000e+03 1.979797979797979890e+00 3.590641877293262452e-01 -5.087977005106281148e-01
1.000000000000000000e+03 2.000000000000000000e+00 3.590230149674359383e-01 -5.112822765891636978e-01
1.500000000000000000e+03 0.000000000000000000e+00 3.750000000000000555e-01 6.096067358450976137e-01
1.500000000000000000e+03 2.020202020202020374e-02 3.749998323056470961e-01 6.095643293555805808e-01
1.500000000000000000e+03 4.040404040404040747e-02 3.749993218093670144e-01 6.094362145654774743e-01
1.500000000000000000e+03 6.060606060606060774e-02 3.749984462824678122e-01 6.092197073149546727e-01
1.500000000000000000e+03 8.080808080808081495e-02 3.749971687144348920e-01 6.089103401073596711e-01
1.500000000000000000e+03 1.010101010101010222e-01 3.749954373714161626e-01 6.085018715676977497e-01
1.500000000000000000e+03 1.212121212121212155e-01 3.749931858831980214e-01 6.079863002890490975e-01
1.500000000000000000e+03 1.414141414141414366e-01 3.749903333636281366e-01 6.073538836644130079e-01
1.500000000000000000e+03 1.616161616161616299e-01 3.749867845709116132e-01 6.065931624610717554e-01
1.500000000000000000e+03 1.818181818181818232e-01 3.749824301154301431e-01 6.056909920456993168e-01
1.500000000000000000e+03 2.020202020202020443e-01 3.749771467239039202e-01 6.046325813065820398e-01
1.500000000000000000e+03 2.222222222222222376e-01 3.749707975699562157e-01 6.034015404426434914e-01
1.500000000000000000e+03 2.424242424242424310e-01 3.749632326818798100e-01 6.019799388928107620e-01
1.500000000000000000e+03 2.626262626262626521e-01 3.749542894392201564e-01 6.003483747563576056e-01
1.500000000000000000e+03 2.828282828282828731e-01 3.749437931707325089e-01 5.984860571059260614e-01
1.500000000000000000e+03 3.030303030303030387e-01 3.749315578653144576e-01 5.963709026064833996e-01
1.500000000000000000e+03 3.232323232323232598e-01 3.749173870094283378e-01 5.939796478252362677e-01
1.500000000000000000e+03 3.434343434343434809e-01 3.749010745614680395e-01 5.912879785408561295e-01
1.500000000000000000e+03 3.636363636363636465e-01 3.748824060758160770e-01 5.882706772263240902e-01
1.500000000000000000e+03 3.838383838383838675e-01 3.748611599837523012e-01 5.849017896967275698e-01
1.500000000000000000e+03 4.040404040404040886e-01 3.748371090070274914e-01 5.811548115451379282e-01
1.500000000000000000e+03 4.242424242424242542e-01 3.748100219494441276e-01 5.770028954112770281e-01
1.500000000000000000e+03 4.444444444444444753e-01 3.747796651417121816e-01 5.724190771798279842e-01
1.500000000000000000e+03 4.646464646464646964e-01 3.747458047182289365e-01 5.673765237528911598e-01
1.500000000000000000e+03 4.848484848484848619e-01 3.747082087220298119e-01 5.618487985391242834e-01
1.500000000000000000e+03 5.050505050505050830e-01 3.746666491237619079e-01 5.558101441177136781e-01
1.500000000000000000e+03 5.252525252525253041e-01 3.746209046164960532e-01 5.492357806138595810e-01
1.500000000000000000e+03 5.454545454545455252e-01 3.745707627677921092e-01 5.421022150587538890e-01
1.500000000000000000e+03 5.656565656565657463e-01 3.745160229616136816e-01 5.343875603682096687e-01
1.500000000000000000e+03 5.858585858585858563e-01 3.744564988920863202e-01 5.260718574196293629e-01
1.500000000000000000e+03 6.060606060606060774e-01 3.743920213805720376e-01 5.171373971584847240e-01
1.500000000000000000e+03 6.262626262626262985e-01 3.743224409875711700e-01 5.075690354400280713e-01
1.500000000000000000e+03 6.464646464646465196e-01 3.742476305597521868e-01 4.973544965174479526e-01
1.500000000000000000e+03 6.666666666666667407e-01 3.741674876939086736e-01 4.864846569041960112e-01
1.500000000000000000e+03 6.868686868686869618e-01 3.740819371611613930e-01 4.749538052161270119e-01
1.500000000000000000e+03 7.070707070707071829e-01 3.739909327982602338e-01 4.627598692797553204e-01
1.500000000000000000e+03 7.272727272727272929e-01 3.738944593598534372e-01 4.499046062135715340e-01
1.500000000000000000e+03 7.474747474747475140e-01 3.737925340336387681e-01 4.363937480202834118e-01
1.500000000000000000e+03 7.676767676767677351e-01 3.736852069860853165e-01 4.222370988698580518e-01
1.500000000000000000e+03 7.878787878787879562e-01 3.735725627888386580e-01 4.074485795242132058e-01
1.500000000000000000e+03 8.080808080808081773e-01 3.734547197277099939e-01 3.920462148169033267e-01
1.500000000000000000e+03 8.282828282828283983e-01 3.733318300680558144e-01 3.760520641751461945e-01
1.500000000000000000e+03 8.484848484848485084e-01 3.732040790717053858e-01 3.594920931064615188e-01
1.500000000000000000e+03 8.686868686868687295e-01 3.730716837047120538e-01 3.423959874751337229e-01
1.500000000000000000e+03 8.888888888888889506e-01 3.729348908677726504e-01 3.247969129672578781e-01
1.500000000000000000e+03 9.090909090909091717e-01 3.727939755318038784e-01 3.067312241734140299e-01
1.500000000000000000e+03 9.292929292929293927e-01 3.726492374944085917e-01 2.882381268743683389e-01
1.500000000000000000e+03 9.494949494949496138e-01 3.725009994581136019e-01 2.693593038961826225e-01
1.500000000000000000e+03 9.696969696969697239e-01 3.723496027490572624e-01 2.501385058737909395e-01
1.500000000000000000e+03 9.898989898989899450e-01 3.721954047921672837e-01 2.306211225221261873e-01
1.500000000000000000e+03 1.010101010101010166e+00 3.720387751360543227e-01 2.108537369564237318e-01
1.500000000000000000e+03 1.030303030303030498e+00 3.718800918983982129e-01 1.908836746871544476e-01
1.500000000000000000e+03 1.050505050505050608e+00 3.717197378058881840e-01 1.707585552060101319e-01
1.500000000000000000e+03 1.070707070707070718e+00 3.715580972439446183e-01 1.505258562566245129e-01
1.500000000000000000e+03 1.090909090909091050e+00 3.713955522209323457e-01 1.302324947008989264e-01
1.500000000000000000e+03 1.111111111111111160e+00 3.712324790639826011e-01 1.099244335066317246e-01
1.500000000000000000e+03 1.131313131313131493e+00 3.710692459770494889e-01 8.964632200461589151e-02
1.500000000000000000e+03 1.151515151515151603e+00 3.709062093912612879e-01 6.944116829281749004e-02
1.500000000000000000e+03 1.171717171717171713e+00 3.707437120399544872e-01 4.935005437944406381e-02
1.500000000000000000e+03 1.191919191919192045e+00 3.705820806946575896e-01 2.941189152065670775e-02
1.500000000000000000e+03 1.212121212121212155e+00 3.704216245390858919e-01 9.663219097392984971e-03
1.500000000000000000e+03 1.232323232323232487e+00 3.702626327582621002e-01 -9.861956595842460288e-03
1.500000000000000000e+03 1.252525252525252597e+00 3.701053745961707664e-01 -2.913227602259005344e-02
1.500000000000000000e+03 1.272727272727272929e+00 3.699500980775174419e-01 -4.811910403733590802e-02
1.500000000000000000e+03 1.292929292929293039e+00 3.697970291332312032e-01 -6.679656949126289156e-02
1.500000000000000000e+03 1.313131313131313149e+00 3.696463720976232992e-01 -8.514156735456304692e-02
1.500000000000000000e+03 1.333333333333333481e+00 3.694983089666199483e-01 -1.031337327735524223e-01
1.500000000000000000e+03 1.353535353535353591e+00 3.693530007648728741e-01 -1.207553829053460426e-01
1.500000000000000000e+03 1.373737373737373924e+00 3.692105867877150671e-01 -1.379914405887152362e-01
1.500000000000000000e+03 1.393939393939394034e+00 3.690711861208920697e-01 -1.548293319679028279e-01
1.500000000000000000e+03 1.414141414141414366e+00 3.689348984866978598e-01 -1.712588703907304277e-01
1.500000000000000000e+03 1.434343434343434476e+00 3.688018046569651043e-01 -1.872721280770222041e-01
1.500000000000000000e+03 1.454545454545454586e+00 3.686719679257314253e-01 -2.028632961432734749e-01
1.500000000000000000e+03 1.474747474747474918e+00 3.685454353187295196e-01 -2.180285385954404409e-01
1.500000000000000000e+03 1.494949494949495028e+00 3.684222380151368492e-01 -2.327658448438432170e-01
1.500000000000000000e+03 1.515151515151515360e+00 3.683023937429923955e-01 -2.470748760366816843e-01
1.500000000000000000e+03 1.535353535353535470e+00 3.681859063762250583e-01 -2.609568187991837540e-01
1.500000000000000000e+03 1.555555555555555580e+00 3.680727689488636489e-01 -2.744142335698243063e-01
1.500000000000000000e+03 1.575757575757575912e+00 3.679629629549129310e-01 -2.874509161025717852e-01
1.500000000000000000e+03 1.595959595959596022e+00 3.678564608108779721e-01 -3.000717558755909842e-01
1.500000000000000000e+03 1.616161616161616355e+00 3.677532263977238980e-01 -3.122826063648105333e-01
1.500000000000000000e+03 1.636363636363636465e+00 3.676532157969562009e-01 -3.240901610017834500e-01
1.500000000000000000e+03 1.656565656565656797e+00 3.675563789648313429e-01 -3.355018343611657072e-01
1.500000000000000000e+03 1.676767676767676907e+00 3.674626598716731474e-01 -3.465256549638815464e-01
1.500000000000000000e+03 1.696969696969697017e+00 3.673719980053712364e-01 -3.571701625775171030e-01
1.500000000000000000e+03 1.717171717171717349e+00 3.672843285613349718e-01 -3.674443160687390630e-01
1.500000000000000000e+03 1.737373737373737459e+00 3.671995835970568445e-01 -3.773574073487904190e-01
1.500000000000000000e+03 1.757575757575757791e+00 3.671176922826584477e-01 -3.869189846425238333e-01
1.500000000000000000e+03 1.777777777777777901e+00 3.670385822571909373e-01 -3.961387800831054906e-01
1.500000000000000000e+03 1.797979797979798233e+00 3.669621789822752889e-01 -4.050266496486232826e-01
1.500000000000000000e+03 1.818181818181818343e+00 3.668884072952955377e-01 -4.135925140608285866e-01
1.500000000000000000e+03 1.838383838383838453e+00 3.668171912821652780e-01 -4.218463099107081504e-01
1.500000000000000000e+03 1.858585858585858785e+00 3.667484549223339330e-01 -4.297979448315032425e-01
1.500000000000000000e+03 1.878787878787878896e+00 3.666821221903901473e-01 -4.374572591741949235e-01
1.500000000000000000e+03 1.898989898989899228e+00 3.666181175142144699e-01 -4.448339920854631480e-01
1.500000000000000000e+03 1.919191919191919338e+00 3.665563662238743858e-01 -4.519377519000200571e-01
1.500000000000000000e+03 1.939393939393939448e+00 3.664967941850382771e-01 -4.587779926974298039e-01
1.500000000000000000e+03 1.959595959595959780e+00 3.664393286393728966e-01 -4.653639920720190060e-01
1.500000000000000000e+03 1.979797979797979890e+00 3.663838980157133607e-01 -4.717048343215736184e-01
1.500000000000000000e+03 2.000000000000000000e+00 3.663304321577090517e-01 -4.778093961429668579e-01
2.000000000000000000e+03 0.000000000000000000e+00 3.750000000000000555e-01 6.096067358450976137e-01
2.000000000000000000e+03 2.020202020202020374e-02 3.749999311754181885e-01 6.095792044860777192e-01
2.000000000000000000e+03 4.040404040404040747e-02 3.749997227539573208e-01 6.094962329865671880e-01
2.000000000000000000e+03 6.060606060606060774e-02 3.749993688943068504e-01 6.093566895608885092e-01
2.000000000000000000e+03 8.080808080808081495e-02 3.749988598671499251e-01 6.091586895202150131e-01
2.000000000000000000e+03 1.010101010101010222e-01 3.749981820647342312e-01 6.088995977560570649e-01
2.000000000000000000e+03 1.212121212121212155e-01 3.749973180148201135e-01 6.085760323219380208e-01
2.000000000000000000e+03 1.414141414141414366e-01 3.749962463995537565e-01 6.081838692172069072e-01
2.000000000000000000e+03 1.616161616161616299e-01 3.749949420799381095e-01 6.077182485056187300e-01
2.000000000000000000e+03 1.818181818181818232e-01 3.749933761267758014e-01 6.071735819287861213e-01
2.000000000000000000e+03 2.020202020202020443e-01 3.749915158590306774e-01 6.065435622013413131e-01
2.000000000000000000e+03 2.222222222222222376e-01 3.749893248907240628e-01 6.058211741991361698e-01
2.000000000000000000e+03 2.424242424242424310e-01 3.749867631876615537e-01 6.049987082754679779e-01
2.000000000000000000e+03 2.626262626262626521e-01 3.749837871352414420e-01 6.040677759600215913e-01
2.000000000000000000e+03 2.828282828282828731e-01 3.749803496188770513e-01 6.030193283148667094e-01
2.000000000000000000e+03 3.030303030303030387e-01 3.749764001186769447e-01 6.018436772342160568e-01
2.000000000000000000e+03 3.232323232323232598e-01 3.749718848195778276e-01 6.005305199877818412e-01
2.000000000000000000e+03 3.434343434343434809e-01 3.749667467393376641e-01 5.990689673124013348e-01
2.000000000000000000e+03 3.636363636363636465e-01 3.749609258749506124e-01 5.974475753572390246e-01
2.000000000000000000e+03 3.838383838383838675e-01 3.749543593706020084e-01 5.956543817855648459e-01
2.000000000000000000e+03 4.040404040404040886e-01 3.749469817073930455e-01 5.936769463221022169e-01
2.000000000000000000e+03 4.242424242424242542e-01 3.749387249171147740e-01 5.915023960172640649e-01
2.000000000000000000e+03 4.444444444444444753e-01 3.749295188215275298e-01 5.891174754735336583e-01
2.000000000000000000e+03 4.646464646464646964e-01 3.749192912983396186e-01 5.865086022451743153e-01
2.000000000000000000e+03 4.848484848484848619e-01 3.749079685742920387e-01 5.836619275725644096e-01
2.000000000000000000e+03 5.050505050505050830e-01 3.748954755476783807e-01 5.805634025686631228e-01
2.000000000000000000e+03 5.252525252525253041e-01 3.748817361387947189e-01 5.771988498998099626e-01
2.000000000000000000e+03 5.454545454545455252e-01 3.748666736703037405e-01 5.735540409382436922e-01
2.000000000000000000e+03 5.656565656565657463e-01 3.748502112763486549e-01 5.696147782783681501e-01
2.000000000000000000e+03 5.858585858585858563e-01 3.748322723206596319e-01 5.653669833509959997e-01
2.000000000000000000e+03 6.060606060606060774e-01 3.748127809525418908e-01 5.607967892567775614e-01
2.000000000000000000e+03 6.262626262626262985e-01 3.747916624130138152e-01 5.558906371491149079e-01
2.000000000000000000e+03 6.464646464646465196e-01 3.747688437278182128e-01 5.506353777313113262e-01
2.000000000000000000e+03 6.666666666666667407e-01 3.747442541487995826e-01 5.450183751379362729e-01
2.000000000000000000e+03 6.868686868686869618e-01 3.747178257193060635e-01 5.390276136915799210e-01
2.000000000000000000e+03 7.070707070707071829e-01 3.746894937867562003e-01 5.326518061837611784e-01
2.000000000000000000e+03 7.272727272727272929e-01 3.746591977438106236e-01 5.258805029331078407e-01
2.000000000000000000e+03 7.474747474747475140e-01 3.746268813641492335e-01 5.187042002388593254e-01
2.000000000000000000e+03 7.676767676767677351e-01 3.745924934831558195e-01 5.111144472746205203e-01
2.000000000000000000e+03 7.878787878787879562e-01 3.745559884508572468e-01 5.031039493556476172e-01
2.000000000000000000e+03 8.080808080808081773e-01 3.745173269173688313e-01 4.946666685097146354e-01
2.000000000000000000e+03 8.282828282828283983e-01 3.744764761134536935e-01 4.857979166264161375e-01
2.000000000000000000e+03 8.484848484848485084e-01 3.744334102734863112e-01 4.764944422006075486e-01
2.000000000000000000e+03 8.686868686868687295e-01 3.743881113072327071e-01 4.667545088793048080e-01
2.000000000000000000e+03 8.888888888888889506e-01 3.743405690022738597e-01 4.565779634852330515e-01
2.000000000000000000e+03 9.090909090909091717e-01 3.742907814958609247e-01 4.459662937323000120e-01
2.000000000000000000e+03 9.292929292929293927e-01 3.742387554447698661e-01 4.349226723320639421e-01
2.000000000000000000e+03 9.494949494949496138e-01 3.741845061900874181e-01 4.234519887155033246e-01
2.000000000000000000e+03 9.696969696969697239e-01 3.741280580556592961e-01 4.115608663552970947e-01
2.000000000000000000e+03 9.898989898989899450e-01 3.740694443447467599e-01 3.992576648065616074e-01
2.000000000000000000e+03 1.010101010101010166e+00 3.740087071882298719e-01 3.865524657708109268e-01
2.000000000000000000e+03 1.030303030303030498e+00 3.739458978245553400e-01 3.734570450606773395e-01
2.000000000000000000e+03 1.050505050505050608e+00 3.738810758403623979e-01 3.599848262182840930e-01
2.000000000000000000e+03 1.070707070707070718e+00 3.738143094796453347e-01 3.461508214384718674e-01
2.000000000000000000e+03 1.090909090909091050e+00 3.737456748371679183e-01 3.319715551992010738e-01
2.000000000000000000e+03 1.111111111111111160e+00 3.736752560672547130e-01 3.174649758492921192e-01
2.000000000000000000e+03 1.131313131313131493e+00 3.736031441658190788e-01 3.026503512585594358e-01
2.000000000000000000e+03 1.151515151515151603e+00 3.735294368387591657e-01 2.875481550636223571e-01
2.000000000000000000e+03 1.171717171717171713e+00 3.734542379104583421e-01 2.721799411104683930e-01
2.000000000000000000e+03 1.191919191919192045e+00 3.733776565514602130e-01 2.565682090091666034e-01
2.000000000000000000e+03 1.212121212121212155e+00 3.732998065397674647e-01 2.407362625809758017e-01
2.000000000000000000e+03 1.232323232323232487e+00 3.732208059419826474e-01 2.247080634656422327e-01
2.000000000000000000e+03 1.252525252525252597e+00 3.731407754920950115e-01 2.085080795387248553e-01
2.000000000000000000e+03 1.272727272727272929e+00 3.730598388558019618e-01 1.921611343013218953e-01
2.000000000000000000e+03 1.292929292929293039e+00 3.729781210490249466e-01 1.756922539830252372e-01
2.000000000000000000e+03 1.313131313131313149e+00 3.728957480965444660e-01 1.591265184708628988e-01
2.000000000000000000e+03 1.333333333333333481e+00 3.728128462193985859e-01 1.424889154977554417e-01
2.000000000000000000e+03 1.353535353535353591e+00 3.727295410454567470e-01 1.258042000769380442e-01
2.000000000000000000e+03 1.373737373737373924e+00 3.726459569918590953e-01 1.090967611577606800e-01
2.000000000000000000e+03 1.393939393939394034e+00 3.725622162794789416e-01 9.239049539280574930e-02
2.000000000000000000e+03 1.414141414141414366e+00 3.724784388835297722e-01 7.570869235742047620e-02
2.000000000000000000e+03 1.434343434343434476e+00 3.723947414516194376e-01 5.907392723518338495e-02
2.000000000000000000e+03 1.454545454545454586e+00 3.723112370527557058e-01 4.250796608797280385e-02
2.000000000000000000e+03 1.474747474747474918e+00 3.722280348295375907e-01 2.603168193479215090e-02
2.000000000000000000e+03 1.494949494949495028e+00 3.721452390100298269e-01 9.664981138525763349e-03
2.000000000000000000e+03 1.515151515151515360e+00 3.720629495737990400e-01 -6.573255557690504958e-03
2.000000000000000000e+03 1.535353535353535470e+00 3.719812607024367002e-01 -2.266522532141548862e-02
2.000000000000000000e+03 1.555555555555555580e+00 3.719002616129793437e-01 -3.859423869918232608e-02
2.000000000000000000e+03 1.575757575757575912e+00 3.718200358616536860e-01 -5.434474850908216359e-02
2.000000000000000000e+03 1.595959595959596022e+00 3.717406611710305508e-01 -6.990236659044501977e-02
2.000000000000000000e+03 1.616161616161616355e+00 3.716622101620915553e-01 -8.525386937735426884e-02
2.000000000000000000e+03 1.636363636363636465e+00 3.715847486666419286e-01 -1.003871997570313646e-01
2.000000000000000000e+03 1.656565656565656797e+00 3.715083375262141496e-01 -1.152914527360755503e-01
2.000000000000000000e+03 1.676767676767676907e+00 3.714330316714797853e-01 -1.299568600811359664e-01
2.000000000000000000e+03 1.696969696969697017e+00 3.713588802968889602e-01 -1.443747656786637523e-01
2.000000000000000000e+03 1.717171717171717349e+00 3.712859272750063111e-01 -1.585375944855736130e-01
2.000000000000000000e+03 1.737373737373737459e+00 3.712142111008857048e-01 -1.724388179829772216e-01
2.000000000000000000e+03 1.757575757575757791e+00 3.711437651312947117e-01 -1.860729138050519205e-01
2.000000000000000000e+03 1.777777777777777901e+00 3.710746176918470196e-01 -1.994353233605359321e-01
2.000000000000000000e+03 1.797979797979798233e+00 3.710067926525486004e-01 -2.125224047689180662e-01
2.000000000000000000e+03 1.818181818181818343e+00 3.709403089925472630e-01 -2.253313863395172145e-01
2.000000000000000000e+03 1.838383838383838453e+00 3.708751815863859935e-01 -2.378603160232384550e-01
2.000000000000000000e+03 1.858585858585858785e+00 3.708114213615226196e-01 -2.501080109468961643e-01
2.000000000000000000e+03 1.878787878787878896e+00 3.707490353604391831e-01 -2.620740072605313720e-01
2.000000000000000000e+03 1.898989898989899228e+00 3.706880269770974623e-01 -2.737585094423915510e-01
2.000000000000000000e+03 1.919191919191919338e+00 3.706283968744693569e-01 -2.851623386592341824e-01
2.000000000000000000e+03 1.939393939393939448e+00 3.705701417325201197e-01 -2.962868868551458146e-01
2.000000000000000000e+03 1.959595959595959780e+00 3.705132563945315871e-01 -3.071340643786328872e-01
2.000000000000000000e+03 1.979797979797979890e+00 3.704577323492701524e-01 -3.177062574336096401e-01
2.000000000000000000e+03 2.000000000000000000e+00 3.704035592070403227e-01 -3.280062799156349129e-01
2.500000000000000000e+03 0.000000000000000000e+00 3.750000000000000555e-01 6.096067358450976137e-01
2.500000000000000000e+03 2.020202020202020374e-02 3.749999677677958165e-01 6.095877565042477908e-01
2.500000000000000000e+03 4.040404040404040747e-02 3.749998704468597288e-01 6.095306390546427755e-01
2.500000000000000000e+03 6.060606060606060774e-02 3.749997061646224705e-01 6.094348453708904323e-01
2.500000000000000000e+03 8.080808080808081495e-02 3.749994718014860173e-01 6.092994790999373134e-01
2.500000000000000000e+03 1.010101010101010222e-01 3.749991629928917658e-01 6.091232864566750171e-01
2.500000000000000000e+03 1.212121212121212155e-01 3.749987741322935997e-01 6.089046573611686108e-01
2.500000000000000000e+03 1.414141414141414366e-01 3.749982983751270482e-01 6.086416269407621815e-01
2.500000000000000000e+03 1.616161616161616299e-01 3.749977276438771767e-01 6.083318774268019480e-01
2.500000000000000000e+03 1.818181818181818232e-01 3.749970526343472943e-01 6.079727404820420844e-01
2.500000000000000000e+03 2.020202020202020443e-01 3.749962628233434181e-01 6.075612000009366076e-01
2.500000000000000000e+03 2.222222222222222376e-01 3.749953464778431611e-01 6.070938954312554703e-01
2.500000000000000000e+03 2.424242424242424310e-01 3.749942906659535224e-01 6.065671256704556757e-01
2.500000000000000000e+03 2.626262626262626521e-01 3.749930812697788163e-01 6.059768535966869596e-01
2.500000000000000000e+03 2.828282828282828731e-01 3.749917030004725760e-01 6.053187112981655016e-01
2.500000000000000000e+03 3.030303030303030387e-01 3.749901394157086343e-01 6.045880060702091274e-01
2.500000000000000000e+03 3.232323232323232598e-01 3.749883729398352239e-01 6.037797272526980175e-01
2.500000000000000000e+03 3.434343434343434809e-01 3.749863848869826599e-01 6.028885539842362418e-01
2.500000000000000000e+03 3.636363636363636465e-01 3.749841554874188687e-01 6.019088639524825535e-01
2.500000000000000000e+03 3.838383838383838675e-01 3.749816639174136657e-01 6.008347432217189255e-01
2.500000000000000000e+03 4.040404040404040886e-01 3.749788883330325562e-01 5.996599972200780115e-01
2.500000000000000000e+03 4.242424242424242542e-01 3.749758059079041361e-01 5.983781629690777537e-01
2.500000000000000000e+03 4.444444444444444753e-01 3.749723928757298652e-01 5.969825226369950277e-01
2.500000000000000000e+03 4.646464646464646964e-01 3.749686245770610382e-01 5.954661184960207132e-01
2.500000000000000000e+03 4.848484848484848619e-01 3.749644755117144679e-01 5.938217693593459412e-01
2.500000000000000000e+03 5.050505050505050830e-01 3.749599193959707866e-01 5.920420885694304136e-01
2.500000000000000000e+03 5.252525252525253041e-01 3.749549292257399746e-01 5.901195036032728103e-01
2.500000000000000000e+03 5.454545454545455252e-01 3.749494773451643170e-01 5.880462773518649877e-01
2.500000000000000000e+03 5.656565656565657463e-01 3.749435355215838261e-01 5.858145311213952544e-01
2.500000000000000000e+03 5.858585858585858563e-01 3.749370750264641172e-01 5.834162693932680721e-01
2.500000000000000000e+03 6.060606060606060774e-01 3.749300667226191930e-01 5.808434063656239266e-01
2.500000000000000000e+03 6.262626262626262985e-01 3.749224811579162653e-01 5.780877942877294950e-01
2.500000000000000000e+03 6.464646464646465196e-01 3.749142886653443196e-01 5.751412535739218734e-01
2.500000000000000000e+03 6.666666666666667407e-01 3.749054594693141951e-01 5.719956046760061863e-01
2.500000000000000000e+03 6.868686868686869618e-01 3.748959637982782200e-01 5.686427016637146670e-01
2.500000000000000000e+03 7.070707070707071829e-01 3.748857720035854157e-01 5.650744674456023020e-01
2.500000000000000000e+03 7.272727272727272929e-01 3.748748546838169826e-01 5.612829305390587553e-01
2.500000000000000000e+03 7.474747474747475140e-01 3.748631828148309419e-01 5.572602632710220716e-01
2.500000000000000000e+03 7.676767676767677351e-01 3.748507278842372892e-01 5.529988212669305625e-01
2.500000000000000000e+03 7.878787878787879562e-01 3.748374620314793848e-01 5.484911840641756298e-01
2.500000000000000000e+03 8.080808080808081773e-01 3.748233581907933210e-01 5.437301966469537673e-01
2.500000000000000000e+03 8.282828282828283983e-01 3.748083901993427558e-01 5.387090116261824546e-01
2.500000000000000000e+03 8.484848484848485084e-01 3.747925331364411194e-01 5.334211322327104821e-01
2.500000000000000000e+03 8.686868686868687295e-01 3.747757630927731620e-01 5.278604545967592321e-01
2.500000000000000000e+03 8.888888888888889506e-01 3.747580576674500730e-01 5.220213109725921896e-01
2.500000000000000000e+03 9.090909090909091717e-01 3.747393960999548801e-01 5.158985124108721454e-01
2.500000000000000000e+03 9.292929292929293927e-01 3.747197591107414572e-01 5.094873890762073865e-01
2.500000000000000000e+03 9.494949494949496138e-01 3.746991293681550816e-01 5.027838318877468904e-01
2.500000000000000000e+03 9.696969696969697239e-01 3.746774915766954983e-01 4.957843311351231019e-01
2.500000000000000000e+03 9.898989898989899450e-01 3.746548323747381781e-01 4.884860128824469738e-01
2.500000000000000000e+03 1.010101010101010166e+00 3.746311408027815926e-01 4.808866748070994568e-01
2.500000000000000000e+03 1.030303030303030498e+00 3.746064082685268137e-01 4.729848175497758933e-01
2.500000000000000000e+03 1.050505050505050608e+00 3.745806283622475918e-01 4.647796738422325102e-01
2.500000000000000000e+03 1.070707070707070718e+00 3.745537977628716209e-01 4.562712353672093712e-01
2.500000000000000000e+03 1.090909090909091050e+00 3.745259152470018504e-01 4.474602731767329811e-01
2.500000000000000000e+03 1.111111111111111160e+00 3.744969825887817239e-01 4.383483570806564478e-01
2.500000000000000000e+03 1.131313131313131493e+00 3.744670045422768268e-01 4.289378691035896085e-01
2.500000000000000000e+03 1.151515151515151603e+00 3.744359882844065512e-01 4.192320120396925143e-01
2.500000000000000000e+03 1.171717171717171713e+00 3.744039441305945237e-01 4.092348146015956645e-01
2.500000000000000000e+03 1.191919191919192045e+00 3.743708851444439434e-01 3.989511303816971610e-01
2.500000000000000000e+03 1.212121212121212155e+00 3.743368274380219907e-01 3.883866327625017378e-01
2.500000000000000000e+03 1.232323232323232487e+00 3.743017897618969858e-01 3.775478035337639371e-01
2.500000000000000000e+03 1.252525252525252597e+00 3.742657938530305484e-01 3.664419174695763282e-01
2.500000000000000000e+03 1.272727272727272929e+00 3.742288639234905290e-01 3.550770208766904634e-01
2.500000000000000000e+03 1.292929292929293039e+00 3.741910271799910870e-01 3.434619066404889232e-01
2.500000000000000000e+03 1.313131313131313149e+00 3.741523132573485455e-01 3.316060823631912235e-01
2.500000000000000000e+03 1.333333333333333481e+00 3.741127541375456333e-01 3.195197353316107103e-01
2.500000000000000000e+03 1.353535353535353591e+00 3.740723844311185098e-01 3.072136934873378467e-01
2.500000000000000000e+03 1.373737373737373924e+00 3.740312406593679917e-01 2.946993805776877418e-01
2.500000000000000000e+03 1.393939393939394034e+00 3.739893615379541458e-01 2.819887698958983835e-01
2.500000000000000000e+03 1.414141414141414366e+00 3.739467877809106722e-01 2.690943332040501845e-01
2.500000000000000000e+03 1.434343434343434476e+00 3.739035615370899235e-01 2.560289872295151703e-01
2.500000000000000000e+03 1.454545454545454586e+00 3.738597266772816230e-01 2.428060385289062262e-01
2.500000000000000000e+03 1.474747474747474918e+00 3.738153282946035105e-01 2.294391255907411997e-01
2.500000000000000000e+03 1.494949494949495028e+00 3.737704128314554008e-01 2.159421606744313937e-01
2.500000000000000000e+03 1.515151515151515360e+00 3.737250273253761579e-01 2.023292691945245414e-01
2.500000000000000000e+03 1.535353535353535470e+00 3.736792198252014696e-01 1.886147310339217897e-01
2.500000000000000000e+03 1.555555555555555580e+00 3.736330388641530553e-01 1.748129203140124099e-01
2.500000000000000000e+03 1.575757575757575912e+00 3.735865330782239813e-01 1.609382461313275114e-01
2.500000000000000000e+03 1.595959595959596022e+00 3.735397513818292659e-01 1.470050954881988448e-01
2.500000000000000000e+03 1.616161616161616355e+00 3.734927428328533860e-01 1.330277773929948726e-01
2.500000000000000000e+03 1.636363636363636465e+00 3.734455556863593984e-01 1.190204669338023047e-01
2.500000000000000000e+03 1.656565656565656797e+00 3.733982383407024042e-01 1.049971561388102215e-01
2.500000000000000000e+03 1.676767676767676907e+00 3.733508381577720914e-01 9.097160279151111917e-02
2.500000000000000000e+03 1.696969696969697017e+00 3.733034018172618484e-01 7.695728534061718751e-02
2.500000000000000000e+03 1.717171717171717349e+00 3.732559751458182085e-01 6.296736005777869849e-02
2.500000000000000000e+03 1.737373737373737459e+00 3.732086029226884261e-01 4.901462190597383195e-02
2.500000000000000000e+03 1.757575757575757791e+00 3.731613286070807889e-01 3.511146808342088116e-02
2.500000000000000000e+03 1.777777777777777901e+00 3.731141941203547363e-01 2.126986594373969641e-02
2.500000000000000000e+03 1.797979797979798233e+00 3.730672404423776567e-01 7.501326082251304726e-03
2.500000000000000000e+03 1.818181818181818343e+00 3.730205065193589187e-01 -6.183124153534613754e-03
2.500000000000000000e+03 1.838383838383838453e+00 3.729740299789858771e-01 -1.977296013505536187e-02
2.500000000000000000e+03 1.858585858585858785e+00 3.729278467741646286e-01 -3.325817711287466089e-02
2.500000000000000000e+03 1.878787878787878896e+00 3.728819908656509918e-01 -4.662930460739089789e-02
2.500000000000000000e+03 1.898989898989899228e+00 3.728364945680837650e-01 -5.987741564581838816e-02
2.500000000000000000e+03 1.919191919191919338e+00 3.727913887457080522e-01 -7.299413232020127151e-02
2.500000000000000000e+03 1.939393939393939448e+00 3.727467016596243132e-01 -8.597163242983163478e-02
2.500000000000000000e+03 1.959595959595959780e+00 3.727024603719338858e-01 -9.880264622164390553e-02
2.500000000000000000e+03 1.979797979797979890e+00 3.726586897629564632e-01 -1.114804563945969162e-01
2.500000000000000000e+03 2.000000000000000000e+00 3.726154129993553554e-01 -1.239988920655647475e-01
3.000000000000000000e+03 0.000000000000000000e+00 3.750000000000000555e-01 6.096067358450976137e-01
3.000000000000000000e+03 2.020202020202020374e-02 3.749999832102532960e-01 6.095929779360895751e-01
3.000000000000000000e+03 4.040404040404040747e-02 3.749999326062325999e-01 6.095516098971026642e-01
3.000000000000000000e+03 6.060606060606060774e-02 3.749998474837048512e-01 6.094823488511427190e-01
3.000000000000000000e+03 8.080808080808081495e-02 3.749997266693136933e-01 6.093847235337853663e-01
3.000000000000000000e+03 1.010101010101010222e-01 3.749995685211345298e-01 6.092580745922380192e-01
3.000000000000000000e+03 1.212121212121212155e-01 3.749993709294694444e-01 6.091015550104300624e-01
3.000000000000000000e+03 1.414141414141414366e-01 3.749991313178955843e-01 6.089141306665357689e-01
3.000000000000000000e+03 1.616161616161616299e-01 3.749988466445884905e-01 6.086945810310866456e-01
3.000000000000000000e+03 1.818181818181818232e-01 3.749985134039469648e-01 6.084415000156385700e-01
3.000000000000000000e+03 2.020202020202020443e-01 3.749981276285436760e-01 6.081532969836721536e-01
3.000000000000000000e+03 2.222222222222222376e-01 3.749976848914450267e-01 6.078281979370866450e-01
3.000000000000000000e+03 2.424242424242424310e-01 3.749971803089343081e-01 6.074642468933372230e-01
3.000000000000000000e+03 2.626262626262626521e-01 3.749966085436552965e-01 6.070593074697624436e-01
3.000000000000000000e+03 2.828282828282828731e-01 3.749959638082895896e-01 6.066110646933348116e-01
3.000000000000000000e+03 3.030303030303030387e-01 3.749952398697219969e-01 6.061170270553213335e-01
3.000000000000000000e+03 3.232323232323232598e-01 3.749944300538301523e-01 6.055745288317564423e-01
3.000000000000000000e+03 3.434343434343434809e-01 3.749935272509492545e-01 6.049807326920748629e-01
3.000000000000000000e+03 3.636363636363636465e-01 3.749925239219472073e-01 6.043326326189693010e-01
3.000000000000000000e+03 3.838383838383838675e-01 3.749914121052118632e-01 6.036270571639607008e-01
3.000000000000000000e+03 4.040404040404040886e-01 3.749901834243359322e-01 6.028606730637666722e-01
3.000000000000000000e+03 4.242424242424242542e-01 3.749888290968023119e-01 6.020299892432695588e-01
3.000000000000000000e+03 4.444444444444444753e-01 3.749873399436368104e-01 6.011313612315708488e-01
3.000000000000000000e+03 4.646464646464646964e-01 3.749857064000000628e-01 6.001609960172960001e-01
3.000000000000000000e+03 4.848484848484848619e-01 3.749839185270332775e-01 5.991149573706356923e-01
3.000000000000000000e+03 5.050505050505050830e-01 3.749819660248033815e-01 5.979891716576728466e-01
3.000000000000000000e+03 5.252525252525253041e-01 3.749798382464890611e-01 5.967794341734952157e-01
3.000000000000000000e+03 5.454545454545455252e-01 3.749775242139189446e-01 5.954814160197481332e-01
3.000000000000000000e+03 5.656565656565657463e-01 3.749750126345324230e-01 5.940906715498233126e-01
3.000000000000000000e+03 5.858585858585858563e-01 3.749722919197301385e-01 5.926026464057210230e-01
3.000000000000000000e+03 6.060606060606060774e-01 3.749693502046694271e-01 5.910126861661683106e-01
3.000000000000000000e+03 6.262626262626262985e-01 3.749661753698677602e-01 5.893160456270872816e-01
3.000000000000000000e+03 6.464646464646465196e-01 3.749627550640506346e-01 5.875078987281459053e-01
3.000000000000000000e+03 6.666666666666667407e-01 3.749590767290884030e-01 5.855833491414996761e-01
3.000000000000000000e+03 6.868686868686869618e-01 3.749551276261842703e-01 5.835374415311836982e-01
3.000000000000000000e+03 7.070707070707071829e-01 3.749508948640560280e-01 5.813651734900943113e-01
3.000000000000000000e+03 7.272727272727272929e-01 3.749463654288636705e-01 5.790615081577785705e-01
3.000000000000000000e+03 7.474747474747475140e-01 3.749415262157533291e-01 5.766213875146161127e-01
3.000000000000000000e+03 7.676767676767677351e-01 3.749363640619683968e-01 5.740397463473310147e-01
3.000000000000000000e+03 7.878787878787879562e-01 3.749308657822377766e-01 5.713115268721719042e-01
3.000000000000000000e+03 8.080808080808081773e-01 3.749250182050624103e-01 5.684316939953492076e-01
3.000000000000000000e+03 8.282828282828283983e-01 3.749188082114366383e-01 5.653952511905854239e-01
3.000000000000000000e+03 8.484848484848485084e-01 3.749122227743874047e-01 5.621972569567353917e-01
3.000000000000000000e+03 8.686868686868687295e-01 3.749052490006143379e-01 5.588328418225995131e-01
3.000000000000000000e+03 8.888888888888889506e-01 3.748978741730158992e-01 5.552972258504620395e-01
3.000000000000000000e+03 9.090909090909091717e-01 3.748900857947589094e-01 5.515857365868155338e-01
3.000000000000000000e+03 9.292929292929293927e-01 3.748818716346022928e-01 5.476938274034747201e-01
3.000000000000000000e+03 9.494949494949496138e-01 3.748732197727516757e-01 5.436170961567529103e-01
3.000000000000000000e+03 9.696969696969697239e-01 3.748641186479529930e-01 5.393513040973877404e-01
3.000000000000000000e+03 9.898989898989899450e-01 3.748545571047077196e-01 5.348923949405317568e-01
3.000000000000000000e+03 1.010101010101010166e+00 3.748445244418778244e-01 5.302365140219519324e-01
3.000000000000000000e+03 1.030303030303030498e+00 3.748340104598916200e-01 5.253800274252026226e-01
3.000000000000000000e+03 1.050505050505050608e+00 3.748230055097271918e-01 5.203195410020189371e-01
3.000000000000000000e+03 1.070707070707070718e+00 3.748115004893698421e-01 5.150519190636413391e-01
3.000000000000000000e+03 1.090909090909091050e+00 3.747994871115492010e-01 5.095743032534560957e-01
3.000000000000000000e+03 1.111111111111111160e+00 3.747869576049788209e-01 5.038841298728136131e-01
3.000000000000000000e+03 1.131313131313131493e+00 3.747739049458564953e-01 4.979791477193751814e-01
3.000000000000000000e+03 1.151515151515151603e+00 3.747603229661103930e-01 4.918574348819296227e-01
3.000000000000000000e+03 1.171717171717171713e+00 3.747462062882811473e-01 4.855174144936093006e-01
3.000000000000000000e+03 1.191919191919192045e+00 3.747315503961955452e-01 4.789578697668563367e-01
3.000000000000000000e+03 1.212121212121212155e+00 3.747163516742024747e-01 4.721779578676357225e-01
3.000000000000000000e+03 1.232323232323232487e+00 3.747006074309694457e-01 4.651772229035499029e-01
3.000000000000000000e+03 1.252525252525252597e+00 3.746843158946383534e-01 4.579556068310536299e-01
3.000000000000000000e+03 1.272727272727272929e+00 3.746674764668290747e-01 4.505134601953418860e-01
3.000000000000000000e+03 1.292929292929293039e+00 3.746500894103707013e-01 4.428515503184186075e-01
3.000000000000000000e+03 1.313131313131313149e+00 3.746321559095036058e-01 4.349710678245751749e-01
3.000000000000000000e+03 1.333333333333333481e+00 3.746136785750547871e-01 4.268736328970133553e-01
3.000000000000000000e+03 1.353535353535353591e+00 3.745946606911152443e-01 4.185612977250582345e-01
3.000000000000000000e+03 1.373737373737373924e+00 3.745751068503980208e-01 4.100365488472764164e-01
3.000000000000000000e+03 1.393939393939394034e+00 3.745550226501275226e-01 4.013023065817027391e-01
3.000000000000000000e+03 1.414141414141414366e+00 3.745344147967432091e-01 3.923619231177877253e-01
3.000000000000000000e+03 1.434343434343434476e+00 3.745132911127001529e-01 3.832191781805591724e-01
3.000000000000000000e+03 1.454545454545454586e+00 3.744916603843565506e-01 3.738782732032396305e-01
3.000000000000000000e+03 1.474747474747474918e+00 3.744695325157654242e-01 3.643438231077901768e-01
3.000000000000000000e+03 1.494949494949495028e+00 3.744469183332391760e-01 3.546208465171014623e-01
3.000000000000000000e+03 1.515151515151515360e+00 3.744238299263343284e-01 3.447147543368828670e-01
3.000000000000000000e+03 1.535353535353535470e+00 3.744002800060162173e-01 3.346313352696692611e-01
3.000000000000000000e+03 1.555555555555555580e+00 3.743762825412309536e-01 3.243767414218950429e-01
3.000000000000000000e+03 1.575757575757575912e+00 3.743518521586076675e-01 3.139574703272857148e-01
3.000000000000000000e+03 1.595959595959596022e+00 3.743270045399488821e-01 3.033803475034330677e-01
3.000000000000000000e+03 1.616161616161616355e+00 3.743017560312055791e-01 2.926525047861087692e-01
3.000000000000000000e+03 1.636363636363636465e+00 3.742761238238928589e-01 2.817813603087003238e-01
3.000000000000000000e+03 1.656565656565656797e+00 3.742501257987948526e-01 2.707745951912002291e-01
3.000000000000000000e+03 1.676767676767676907e+00 3.742237804917422084e-01 2.596401299700293319e-01
3.000000000000000000e+03 1.696969696969697017e+00 3.741971070367268171e-01 2.483861000090163418e-01
3.000000000000000000e+03 1.717171717171717349e+00 3.741701251023875630e-01 2.370208301319152167e-01
3.000000000000000000e+03 1.737373737373737459e+00 3.741428548309590485e-01 2.255528086754491346e-01
3.000000000000000000e+03 1.757575757575757791e+00 3.741153167535403723e-01 2.139906610498492068e-01
3.000000000000000000e+03 1.777777777777777901e+00 3.740875317866286798e-01 2.023431233036157018e-01
3.000000000000000000e+03 1.797979797979798233e+00 3.740595211881507787e-01 1.906190152921747871e-01
3.000000000000000000e+03 1.818181818181818343e+00 3.740313061926786586e-01 1.788272135219598491e-01
3.000000000000000000e+03 1.838383838383838453e+00 3.740029084988995001e-01 1.669766258610605181e-01
3.000000000000000000e+03 1.858585858585858785e+00 3.739743495756016056e-01 1.550761639992747076e-01
3.000000000000000000e+03 1.878787878787878896e+00 3.739456512705319757e-01 1.431347194840204007e-01
3.000000000000000000e+03 1.898989898989899228e+00 3.739168349875318098e-01 1.311611371755647681e-01
3.000000000000000000e+03 1.919191919191919338e+00 3.738879224132285461e-01 1.191641928291675701e-01
3.000000000000000000e+03 1.939393939393939448e+00 3.738589347976066790e-01 1.071525683762741404e-01
3.000000000000000000e+03 1.959595959595959780e+00 3.738298932854067780e-01 9.513483086229766739e-02
3.000000000000000000e+03 1.979797979797979890e+00 3.738008187152536133e-01 8.311941079146689670e-02
3.000000000000000000e+03 2.000000000000000000e+00 3.737717317472543654e-01 7.111458271946005660e-02
3.500000000000000000e+03 0.000000000000000000e+00 3.750000000000000555e-01 6.096067358450976137e-01
3.500000000000000000e+03 2.020202020202020374e-02 3.749999904907237447e-01 6.095963531442644134e-01
3.500000000000000000e+03 4.040404040404040747e-02 3.749999618627966602e-01 6.095651513153743650e-01
3.500000000000000000e+03 6.060606060606060774e-02 3.749999138159587631e-01 6.095129692044514158e-01
3.500000000000000000e+03 8.080808080808081495e-02 3.749998458498929321e-01 6.094395383058179849e-01
3.500000000000000000e+03 1.010101010101010222e-01 3.749997572644029886e-01 6.093444828895565601e-01
3.500000000000000000e+03 1.212121212121212155e-01 3.749996471596658831e-01 6.092273201820282980e-01
3.500000000000000000e+03 1.414141414141414366e-01 3.749995144365607103e-01 6.090874606015043158e-01
3.500000000000000000e+03 1.616161616161616299e-01 3.749993577970845982e-01 6.089242080515803179e-01
3.500000000000000000e+03 1.818181818181818232e-01 3.749991757448584151e-01 6.087367602755603402e-01
3.500000000000000000e+03 2.020202020202020443e-01 3.749989665857211829e-01 6.085242092756457666e-01
3.500000000000000000e+03 2.222222222222222376e-01 3.749987284284465039e-01 6.082855418012481641e-01
3.500000000000000000e+03 2.424242424242424310e-01 3.749984591855517468e-01 6.080196399113309003e-01
3.500000000000000000e+03 2.626262626262626521e-01 3.749981565742536715e-01 6.077252816162300730e-01
3.500000000000000000e+03 2.828282828282828731e-01 3.749978181175390723e-01 6.074011416048835654e-01
3.500000000000000000e+03 3.030303030303030387e-01 3.749974411454013445e-01 6.070457920639398264e-01
3.500000000000000000e+03 3.232323232323232598e-01 3.749970227962317604e-01 6.066577035956712827e-01
3.500000000000000000e+03 3.434343434343434809e-01 3.749965600183771675e-01 6.062352462421104482e-01
3.500000000000000000e+03 3.636363636363636465e-01 3.749960495719049658e-01 6.057766906231976112e-01
3.500000000000000000e+03 3.838383838383838675e-01 3.749954880305600424e-01 6.052802091971797305e-01
3.500000000000000000e+03 4.040404040404040886e-01 3.749948717839527990e-01 6.047438776519480363e-01
3.500000000000000000e+03 4.242424242424242542e-01 3.749941970399811586e-01 6.041656764360450182e-01
3.500000000000000000e+03 4.444444444444444753e-01 3.749934598275179165e-01 6.035434924388112243e-01
3.500000000000000000e+03 4.646464646464646964e-01 3.749926559993666531e-01 6.028751208290173969e-01
3.500000000000000000e+03 4.848484848484848619e-01 3.749917812355036961e-01 6.021582670615684973e-01
3.500000000000000000e+03 5.050505050505050830e-01 3.749908310466663619e-01 6.013905490623850936e-01
3.500000000000000000e+03 5.252525252525253041e-01 3.749898007782330733e-01 6.005694996010453313e-01
3.500000000000000000e+03 5.454545454545455252e-01 3.749886856144886704e-01 5.996925688613699013e-01
3.500000000000000000e+03 5.656565656565657463e-01 3.749874805832557056e-01 5.987571272196281491e-01
3.500000000000000000e+03 5.858585858585858563e-01 3.749861805608692422e-01 5.977604682403437897e-01
3.500000000000000000e+03 6.060606060606060774e-01 3.749847802776729022e-01 5.966998118991861944e-01
3.500000000000000000e+03 6.262626262626262985e-01 3.749832743238321608e-01 5.955723080421317928e-01
3.500000000000000000e+03 6.464646464646465196e-01 3.749816571556340294e-01 5.943750400898177855e-01
3.500000000000000000e+03 6.666666666666667407e-01 3.749799231022866719e-01 5.931050289959550748e-01
3.500000000000000000e+03 6.868686868686869618e-01 3.749780663731578922e-01 5.917592374669371491e-01
3.500000000000000000e+03 7.070707070707071829e-01 3.749760810655697330e-01 5.903345744504204795e-01
3.500000000000000000e+03 7.272727272727272929e-01 3.749739611729574484e-01 5.888278998993026203e-01
3.500000000000000000e+03 7.474747474747475140e-01 3.749717005937341918e-01 5.872360298163027403e-01
3.500000000000000000e+03 7.676767676767677351e-01 3.749692931406718444e-01 5.855557415837833179e-01
3.500000000000000000e+03 7.878787878787879562e-01 3.749667325506282345e-01 5.837837795822811149e-01
3.500000000000000000e+03 8.080808080808081773e-01 3.749640124951230669e-01 5.819168611006172442e-01
3.500000000000000000e+03 8.282828282828283983e-01 3.749611265911163560e-01 5.799516825364811057e-01
3.500000000000000000e+03 8.484848484848485084e-01 3.749580684127568619e-01 5.778849258892819751e-01
3.500000000000000000e+03 8.686868686868687295e-01 3.749548315033476853e-01 5.757132655408253585e-01
3.500000000000000000e+03 8.888888888888889506e-01 3.749514093879914300e-01 5.734333753214825302e-01
3.500000000000000000e+03 9.090909090909091717e-01 3.749477955868983914e-01 5.710419358550051783e-01
3.500000000000000000e+03 9.292929292929293927e-01 3.749439836288025463e-01 5.685356421744161004e-01
3.500000000000000000e+03 9.494949494949496138e-01 3.749399670655888528e-01 5.659112115998355952e-01
3.500000000000000000e+03 9.696969696969697239e-01 3.749357394868262361e-01 5.631653918662899994e-01
3.500000000000000000e+03 9.898989898989899450e-01 3.749312945348793336e-01 5.602949694847840778e-01
3.500000000000000000e+03 1.010101010101010166e+00 3.749266259208863250e-01 5.572967783267996911e-01
3.500000000000000000e+03 1.030303030303030498e+00 3.749217274406316247e-01 5.541677084050034008e-01
3.500000000000000000e+03 1.050505050505050608e+00 3.749165929908511163e-01 5.509047148361112534e-01
3.500000000000000000e+03 1.070707070707070718e+00 3.749112165866440027e-01 5.475048269599345208e-01
3.500000000000000000e+03 1.090909090909091050e+00 3.749055923778149002e-01 5.439651575876544021e-01
3.500000000000000000e+03 1.111111111111111160e+00 3.748997146668190950e-01 5.402829123529360178e-01
3.500000000000000000e+03 1.131313131313131493e+00 3.748935779262464463e-01 5.364553991370081265e-01
3.500000000000000000e+03 1.151515151515151603e+00 3.748871768163659079e-01 5.324800375295047905e-01
3.500000000000000000e+03 1.171717171717171713e+00 3.748805062026331347e-01 5.283543682971787447e-01
3.500000000000000000e+03 1.191919191919192045e+00 3.748735611743957419e-01 5.240760628182907777e-01
3.500000000000000000e+03 1.212121212121212155e+00 3.748663370616136525e-01 5.196429324487623624e-01
3.500000000000000000e+03 1.232323232323232487e+00 3.748588294532456677e-01 5.150529377731989378e-01
3.500000000000000000e+03 1.252525252525252597e+00 3.748510342140244922e-01 5.103041977054043610e-01
3.500000000000000000e+03 1.272727272727272929e+00 3.748429475020374491e-01 5.053949983930802192e-01
3.500000000000000000e+03 1.292929292929293039e+00 3.748345657852995561e-01 5.003238018781759333e-01
3.500000000000000000e+03 1.313131313131313149e+00 3.748258858580717501e-01 4.950892544757360958e-01
3.500000000000000000e+03 1.333333333333333481e+00 3.748169048565320183e-01 4.896901948185478637e-01
3.500000000000000000e+03 1.353535353535353591e+00 3.748076202739136775e-01 4.841256615254027063e-01
3.500000000000000000e+03 1.373737373737373924e+00 3.747980299748948085e-01 4.783949004467457078e-01
3.500000000000000000e+03 1.393939393939394034e+00 3.747881321702141166e-01 4.724973713839936140e-01
3.500000000000000000e+03 1.414141414141414366e+00 3.747779256264694991e-01 4.664327546551642611e-01
3.500000000000000000e+03 1.434343434343434476e+00 3.747674092825137859e-01 4.602009562077240545e-01
3.500000000000000000e+03 1.454545454545454586e+00 3.747565826134021671e-01 4.538021132463414542e-01
3.500000000000000000e+03 1.474747474747474918e+00 3.747454456559826119e-01 4.472365988615438770e-01
3.500000000000000000e+03 1.494949494949495028e+00 3.747339986283133029e-01 4.405050250045254301e-01
3.500000000000000000e+03 1.515151515151515360e+00 3.747222423199432217e-01 4.336082464305461848e-01
3.500000000000000000e+03 1.535353535353535470e+00 3.747101780889384726e-01 4.265473628690121810e-01
3.500000000000000000e+03 1.555555555555555580e+00 3.746978075725431179e-01 4.193237203877708819e-01
3.500000000000000000e+03 1.575757575757575912e+00 3.746851328697710093e-01 4.119389121498865380e-01
3.500000000000000000e+03 1.595959595959596022e+00 3.746721567204854275e-01 4.043947792433655875e-01
3.500000000000000000e+03 1.616161616161616355e+00 3.746588821126515256e-01 3.966934085496295892e-01
3.500000000000000000e+03 1.636363636363636465e+00 3.746453126186239935e-01 3.888371322656377083e-01
3.500000000000000000e+03 1.656565656565656797e+00 3.746314522372278244e-01 3.808285248776905330e-01
3.500000000000000000e+03 1.676767676767676907e+00 3.746173053764035865e-01 3.726703999287677149e-01
3.500000000000000000e+03 1.696969696969697017e+00 3.746028770573256450e-01 3.643658060611437155e-01
3.500000000000000000e+03 1.717171717171717349e+00 3.745881724193310669e-01 3.559180215445092443e-01
3.500000000000000000e+03 1.737373737373737459e+00 3.745731974163362121e-01 3.473305494134822924e-01
3.500000000000000000e+03 1.757575757575757791e+00 3.745579581646031331e-01 3.386071100088832164e-01
3.500000000000000000e+03 1.777777777777777901e+00 3.745424612404300024e-01 3.297516339248884876e-01
3.500000000000000000e+03 1.797979797979798233e+00 3.745267136554016330e-01 3.207682543493894922e-01
3.500000000000000000e+03 1.818181818181818343e+00 3.745107227103627867e-01 3.116612976121217460e-01
3.500000000000000000e+03 1.838383838383838453e+00 3.744944961659392724e-01 3.024352744720111841e-01
3.500000000000000000e+03 1.858585858585858785e+00 3.744780420924867514e-01 2.930948696795877551e-01
3.500000000000000000e+03 1.878787878787878896e+00 3.744613688863200895e-01 2.836449314669192701e-01
3.500000000000000000e+03 1.898989898989899228e+00 3.744444852077862818e-01 2.740904603780873749e-01
3.500000000000000000e+03 1.919191919191919338e+00 3.744274001100792448e-01 2.644365978281087992e-01
3.500000000000000000e+03 1.939393939393939448e+00 3.744101228808385251e-01 2.546886141276178961e-01
3.500000000000000000e+03 1.959595959595959780e+00 3.743926629812754370e-01 2.448518957884060487e-01
3.500000000000000000e+03 1.979797979797979890e+00 3.743750300542291187e-01 2.349319329993193595e-01
3.500000000000000000e+03 2.000000000000000000e+00 3.743572340820411348e-01 2.249343071461693544e-01
4.000000000000000000e+03 0.000000000000000000e+00 3.750000000000000555e-01 6.096067358450976137e-01
4.000000000000000000e+03 2.020202020202020374e-02 3.749999942450780166e-01 6.095986436374974948e-01
4.000000000000000000e+03 4.040404040404040747e-02 3.749999769331764377e-01 6.095743343724661090e-01
4.000000000000000000e+03 6.060606060606060774e-02 3.749999479228997012e-01 6.095337101351997466e-01
4.000000000000000000e+03 8.080808080808081495e-02 3.749999069786316697e-01 6.094766077741095023e-01
4.000000000000000000e+03 1.010101010101010222e-01 3.749998537706002444e-01 6.094027989608273854e-01
4.000000000000000000e+03 1.212121212121212155e-01 3.749997878749683489e-01 6.093119902749767336e-01
4.000000000000000000e+03 1.414141414141414366e-01 3.749997087739544988e-01 6.092038233144684289e-01
4.000000000000000000e+03 1.616161616161616299e-01 3.749996158559810722e-01 6.090778748322979164e-01
4.000000000000000000e+03 1.818181818181818232e-01 3.749995084158568859e-01 6.089336569010299627e-01
4.000000000000000000e+03 2.020202020202020443e-01 3.749993856549866944e-01 6.087706171063737015e-01
4.000000000000000000e+03 2.222222222222222376e-01 3.749992466816253200e-01 6.085881387714607849e-01
4.000000000000000000e+03 2.424242424242424310e-01 3.749990905111623141e-01 6.083855412136216501e-01
4.000000000000000000e+03 2.626262626262626521e-01 3.749989160664524701e-01 6.081620800357037115e-01
4.000000000000000000e+03 2.828282828282828731e-01 3.749987221781888591e-01 6.079169474541310514e-01
4.000000000000000000e+03 3.030303030303030387e-01 3.749985075853215499e-01 6.076492726661019139e-01
4.000000000000000000e+03 3.232323232323232598e-01 3.749982709355364485e-01 6.073581222585260342e-01
4.000000000000000000e+03 3.434343434343434809e-01 3.749980107857776579e-01 6.070425006614991181e-01
4.000000000000000000e+03 3.636363636363636465e-01 3.749977256028476091e-01 6.067013506492187069e-01
4.000000000000000000e+03 3.838383838383838675e-01 3.749974137640436078e-01 6.063335538915053391e-01
4.000000000000000000e+03 4.040404040404040886e-01 3.749970735578981307e-01 6.059379315591475468e-01
4.000000000000000000e+03 4.242424242424242542e-01 3.749967031849775201e-01 6.055132449865818778e-01
4.000000000000000000e+03 4.444444444444444753e-01 3.749963007587480690e-01 6.050581963953456377e-01
4.000000000000000000e+03 4.646464646464646964e-01 3.749958643065469666e-01 6.045714296820901001e-01
4.000000000000000000e+03 4.848484848484848619e-01 3.749953917706381201e-01 6.040515312749429322e-01
4.000000000000000000e+03 5.050505050505050830e-01 3.749948810093766127e-01 6.034970310620493272e-01
4.000000000000000000e+03 5.252525252525253041e-01 3.749943297984391077e-01 6.029064033963856817e-01
4.000000000000000000e+03 5.454545454545455252e-01 3.749937358322111280e-01 6.022780681807080594e-01
4.000000000000000000e+03 5.656565656565657463e-01 3.749930967252529945e-01 6.016103920371036473e-01
4.000000000000000000e+03 5.858585858585858563e-01 3.749924100139133132e-01 6.009016895647999457e-01
4.000000000000000000e+03 6.060606060606060774e-01 3.749916731580436591e-01 6.001502246906728066e-01
4.000000000000000000e+03 6.262626262626262985e-01 3.749908835428977794e-01 5.993542121167830805e-01
4.000000000000000000e+03 6.464646464646465196e-01 3.749900384810654352e-01 5.985118188683301588e-01
4.000000000000000000e+03 6.666666666666667407e-01 3.749891352147136092e-01 5.976211659469922166e-01
4.000000000000000000e+03 6.868686868686869618e-01 3.749881709178205513e-01 5.966803300927393527e-01
4.000000000000000000e+03 7.070707070707071829e-01 3.749871426986748912e-01 5.956873456586557758e-01
4.000000000000000000e+03 7.272727272727272929e-01 3.749860476024822198e-01 5.946402066021205801e-01
4.000000000000000000e+03 7.474747474747475140e-01 3.749848826142147540e-01 5.935368685953911205e-01
4.000000000000000000e+03 7.676767676767677351e-01 3.749836446614811525e-01 5.923752512601121456e-01
4.000000000000000000e+03 7.878787878787879562e-01 3.749823306178055038e-01 5.911532405279077418e-01
4.000000000000000000e+03 8.080808080808081773e-01 3.749809373059188600e-01 5.898686911296543434e-01
4.000000000000000000e+03 8.282828282828283983e-01 3.749794615012204124e-01 5.885194292166675556e-01
4.000000000000000000e+03 8.484848484848485084e-01 3.749778999356577769e-01 5.871032551155218604e-01
4.000000000000000000e+03 8.686868686868687295e-01 3.749762493014717757e-01 5.856179462182881101e-01
4.000000000000000000e+03 8.888888888888889506e-01 3.749745062554770691e-01 5.840612600093628703e-01
4.000000000000000000e+03 9.090909090909091717e-01 3.749726674232882195e-01 5.824309372300444654e-01
4.000000000000000000e+03 9.292929292929293927e-01 3.749707294038629457e-01 5.807247051808163141e-01
4.000000000000000000e+03 9.494949494949496138e-01 3.749686887743234331e-01 5.789402811619779321e-01
4.000000000000000000e+03 9.696969696969697239e-01 3.749665420947453920e-01 5.770753760503876117e-01
4.000000000000000000e+03 9.898989898989899450e-01 3.749642859133742734e-01 5.751276980120519910e-01
4.000000000000000000e+03 1.010101010101010166e+00 3.749619167720554813e-01 5.730949563493108467e-01
4.000000000000000000e+03 1.030303030303030498e+00 3.749594312115931971e-01 5.709748654772455190e-01
4.000000000000000000e+03 1.050505050505050608e+00 3.749568257775963698e-01 5.687651490280247746e-01
4.000000000000000000e+03 1.070707070707070718e+00 3.749540970264570450e-01 5.664635440793396315e-01
4.000000000000000000e+03 1.090909090909091050e+00 3.749512415312707403e-01 5.640678054995421631e-01
4.000000000000000000e+03 1.111111111111111160e+00 3.749482558883854844e-01 5.615757104060086213e-01
4.000000000000000000e+03 1.131313131313131493e+00 3.749451367234895582e-01 5.589850627295136487e-01
4.000000000000000000e+03 1.151515151515151603e+00 3.749418806987293573e-01 5.562936978759435158e-01
4.000000000000000000e+03 1.171717171717171713e+00 3.749384845189003834e-01 5.534994874790460928e-01
4.000000000000000000e+03 1.191919191919192045e+00 3.749349449387754385e-01 5.506003442329392428e-01
4.000000000000000000e+03 1.212121212121212155e+00 3.749312587699211718e-01 5.475942267961028120e-01
4.000000000000000000e+03 1.232323232323232487e+00 3.749274228878393678e-01 5.444791447547986385e-01
4.000000000000000000e+03 1.252525252525252597e+00 3.749234342392880892e-01 5.412531636342943209e-01
4.000000000000000000e+03 1.272727272727272929e+00 3.749192898493928228e-01 5.379144099458985639e-01
4.000000000000000000e+03 1.292929292929293039e+00 3.749149868290348464e-01 5.344610762547198357e-01
4.000000000000000000e+03 1.313131313131313149e+00 3.749105223705389012e-01 5.308914262378821025e-01
4.000000000000000000e+03 1.333333333333333481e+00 3.749058938144377850e-01 5.272037998448183549e-01
4.000000000000000000e+03 1.353535353535353591e+00 3.749010985375768046e-01 5.233966181586364730e-01
4.000000000000000000e+03 1.373737373737373924e+00 3.748961340797840602e-01 5.194683885847318772e-01
4.000000000000000000e+03 1.393939393939394034e+00 3.748909980918802010e-01 5.154177097092965676e-01
4.000000000000000000e+03 1.414141414141414366e+00 3.748856883541893392e-01 5.112432761895410183e-01
4.000000000000000000e+03 1.434343434343434476e+00 3.748802027843359252e-01 5.069438835387236608e-01
4.000000000000000000e+03 1.454545454545454586e+00 3.748745394436365230e-01 5.025184327947050944e-01
4.000000000000000000e+03 1.474747474747474918e+00 3.748686965443021046e-01 4.979659350626403636e-01
4.000000000000000000e+03 1.494949494949495028e+00 3.748626724560804035e-01 4.932855159085576813e-01
4.000000000000000000e+03 1.515151515151515360e+00 3.748564657123687471e-01 4.884764195845376911e-01
4.000000000000000000e+03 1.535353535353535470e+00 3.748500750168443085e-01 4.835380130663803344e-01
4.000000000000000000e+03 1.555555555555555580e+00 3.748434992241357344e-01 4.784697898155675366e-01
4.000000000000000000e+03 1.575757575757575912e+00 3.748367374702429311e-01 4.732713737548290833e-01
4.000000000000000000e+03 1.595959595959596022e+00 3.748297888852711868e-01 4.679425218623833871e-01
4.000000000000000000e+03 1.616161616161616355e+00 3.748226530641349807e-01 4.624831281981175435e-01
4.000000000000000000e+03 1.636363636363636465e+00 3.748153294910676614e-01 4.568932258811551073e-01
4.000000000000000000e+03 1.656565656565656797e+00 3.748078181133453479e-01 4.511729906398477818e-01
4.000000000000000000e+03 1.676767676767676907e+00 3.748001188794485294e-01 4.453227416466579713e-01
4.000000000000000000e+03 1.696969696969697017e+00 3.747922321401190859e-01 4.393429448829283546e-01
4.000000000000000000e+03 1.717171717171717349e+00 3.747841582759323664e-01 4.332342135675704142e-01
4.000000000000000000e+03 1.737373737373737459e+00 3.747758979808155644e-01 4.269973100324468973e-01
4.000000000000000000e+03 1.757575757575757791e+00 3.747674521476704879e-01 4.206331462607567628e-01
4.000000000000000000e+03 1.777777777777777901e+00 3.747588218979884811e-01 4.141427846982174144e-01
4.000000000000000000e+03 1.797979797979798233e+00 3.747500084891474126e-01 4.075274376019848432e-01
4.000000000000000000e+03 1.818181818181818343e+00 3.747410135208847359e-01 4.007884678523981892e-01
4.000000000000000000e+03 1.838383838383838453e+00 3.747318388030397851e-01 3.939273874286493560e-01
4.000000000000000000e+03 1.858585858585858785e+00 3.747224861480027425e-01 3.869458562919548816e-01
4.000000000000000000e+03 1.878787878787878896e+00 3.747129578973470432e-01 3.798456816895833810e-01
4.000000000000000000e+03 1.898989898989899228e+00 3.747032563455540699e-01 3.726288155003903979e-01
4.000000000000000000e+03 1.919191919191919338e+00 3.746933841352180772e-01 3.652973524110207926e-01
4.000000000000000000e+03 1.939393939393939448e+00 3.746833440771837331e-01 3.578535269989706613e-01
4.000000000000000000e+03 1.959595959595959780e+00 3.746731392002958794e-01 3.502997112981551253e-01
4.000000000000000000e+03 1.979797979797979890e+00 3.746627727106466854e-01 3.426384102588344027e-01
4.000000000000000000e+03 2.000000000000000000e+00 3.746522479621959834e-01 3.348722589844858044e-01
4.500000000000000000e+03 0.000000000000000000e+00 3.750000000000000555e-01 6.096067358450976137e-01
4.500000000000000000e+03 2.020202020202020374e-02 3.749999963265509551e-01 6.096002621330139926e-01
4.500000000000000000e+03 4.040404040404040747e-02 3.749999852821617741e-01 6.095808201032286711e-01
4.500000000000000000e+03 6.060606060606060774e-02 3.749999667947112592e-01 6.095483470812134152e-01
4.500000000000000000e+03 8.080808080808081495e-02 3.749999407440143817e-01 6.095027386297173777e-01
4.500000000000000000e+03 1.010101010101010222e-01 3.749999069618492609e-01 6.094438485793690630e-01
4.500000000000000000e+03 1.212121212121212155e-01 3.749998652319939119e-01 6.093714890718292532e-01
4.500000000000000000e+03 1.414141414141414366e-01 3.749998152902748183e-01 6.092854306158068667e-01
4.500000000000000000e+03 1.616161616161616299e-01 3.749997568246261626e-01 6.091854021563364308e-01
4.500000000000000000e+03 1.818181818181818232e-01 3.749996894751637666e-01 6.090710911578077758e-01
4.500000000000000000e+03 2.020202020202020443e-01 3.749996128342687474e-01 6.089421437013133875e-01
4.500000000000000000e+03 2.222222222222222376e-01 3.749995264466872702e-01 6.087981645969811062e-01
4.500000000000000000e+03 2.424242424242424310e-01 3.749994298096441803e-01 6.086387175120353543e-01
4.500000000000000000e+03 2.626262626262626521e-01 3.749993223729716774e-01 6.084633251154072386e-01
4.500000000000000000e+03 2.828282828282828731e-01 3.749992035392559209e-01 6.082714692398299983e-01
4.500000000000000000e+03 3.030303030303030387e-01 3.749990726639969019e-01 6.080625910623569386e-01
4.500000000000000000e+03 3.232323232323232598e-01 3.749989290557975141e-01 6.078360913044591474e-01
4.500000000000000000e+03 3.434343434343434809e-01 3.749987719765591199e-01 6.075913304527613690e-01
4.500000000000000000e+03 3.636363636363636465e-01 3.749986006417106443e-01 6.073276290017125545e-01
4.500000000000000000e+03 3.838383838383838675e-01 3.749984142204549897e-01 6.070442677194416436e-01
4.500000000000000000e+03 4.040404040404040886e-01 3.749982118360416505e-01 6.067404879381866900e-01
4.500000000000000000e+03 4.242424242424242542e-01 3.749979925660682500e-01 6.064154918707470587e-01
4.500000000000000000e+03 4.444444444444444753e-01 3.749977554428020610e-01 6.060684429544146434e-01
4.500000000000000000e+03 4.646464646464646964e-01 3.749974994535483774e-01 6.056984662239910389e-01
4.500000000000000000e+03 4.848484848484848619e-01 3.749972235410296006e-01 6.053046487154825073e-01
4.500000000000000000e+03 5.050505050505050830e-01 3.749969266038110094e-01 6.048860399021556145e-01
4.500000000000000000e+03 5.252525252525253041e-01 3.749966074967745477e-01 6.044416521646671647e-01
4.500000000000000000e+03 5.454545454545455252e-01 3.749962650316001622e-01 6.039704612969946096e-01
4.500000000000000000e+03 5.656565656565657463e-01 3.749958979773172496e-01 6.034714070500794003e-01
4.500000000000000000e+03 5.858585858585858563e-01 3.749955050608727580e-01 6.029433937148208633e-01
4.500000000000000000e+03 6.060606060606060774e-01 3.749950849677725628e-01 6.023852907465210293e-01
4.500000000000000000e+03 6.262626262626262985e-01 3.749946363427443807e-01 6.017959334324533005e-01
4.500000000000000000e+03 6.464646464646465196e-01 3.749941577904631340e-01 6.011741236045519132e-01
4.500000000000000000e+03 6.666666666666667407e-01 3.749936478763327696e-01 6.005186303990766028e-01
4.500000000000000000e+03 6.868686868686869618e-01 3.749931051273067140e-01 5.998281910651833693e-01
4.500000000000000000e+03 7.070707070707071829e-01 3.749925280327682797e-01 5.991015118242062343e-01
4.500000000000000000e+03 7.272727272727272929e-01 3.749919150454836814e-01 5.983372687816426172e-01
4.500000000000000000e+03 7.474747474747475140e-01 3.749912645826176116e-01 5.975341088935758327e-01
4.500000000000000000e+03 7.676767676767677351e-01 3.749905750267576998e-01 5.966906509891862775e-01
4.500000000000000000e+03 7.878787878787879562e-01 3.749898447270874624e-01 5.958054868515800795e-01
4.500000000000000000e+03 8.080808080808081773e-01 3.749890720005881195e-01 5.948771823579179774e-01
4.500000000000000000e+03 8.282828282828283983e-01 3.749882551332843761e-01 5.939042786810309060e-01
4.500000000000000000e+03 8.484848484848485084e-01 3.749873923815795762e-01 5.928852935538230229e-01
4.500000000000000000e+03 8.686868686868687295e-01 3.749864819737046551e-01 5.918187225977703525e-01
4.500000000000000000e+03 8.888888888888889506e-01 3.749855221111773607e-01 5.907030407170887898e-01
4.500000000000000000e+03 9.090909090909091717e-01 3.749845109703786039e-01 5.895367035596507099e-01
4.500000000000000000e+03 9.292929292929293927e-01 3.749834467042097441e-01 5.883181490454254536e-01
4.500000000000000000e+03 9.494949494949496138e-01 3.749823274437892873e-01 5.870457989639671359e-01
4.500000000000000000e+03 9.696969696969697239e-01 3.749811513002617724e-01 5.857180606411689361e-01
4.500000000000000000e+03 9.898989898989899450e-01 3.749799163667193458e-01 5.843333286759533340e-01
4.500000000000000000e+03 1.010101010101010166e+00 3.749786207201181720e-01 5.828899867475551000e-01
4.500000000000000000e+03 1.030303030303030498e+00 3.749772624233727591e-01 5.813864094931139315e-01
4.500000000000000000e+03 1.050505050505050608e+00 3.749758395274589429e-01 5.798209644561367337e-01
4.500000000000000000e+03 1.070707070707070718e+00 3.749743500736711921e-01 5.781920141046145156e-01
4.500000000000000000e+03 1.090909090909091050e+00 3.749727920958406679e-01 5.764979179196200176e-01
4.500000000000000000e+03 1.111111111111111160e+00 3.749711636228307277e-01 5.747370345518938439e-01
4.500000000000000000e+03 1.131313131313131493e+00 3.749694626809192965e-01 5.729077240472614241e-01
4.500000000000000000e+03 1.151515151515151603e+00 3.749676872963909613e-01 5.710083501377670734e-01
4.500000000000000000e+03 1.171717171717171713e+00 3.749658354980836550e-01 5.690372825977623172e-01
4.500000000000000000e+03 1.191919191919192045e+00 3.749639053202939443e-01 5.669928996634477913e-01
4.500000000000000000e+03 1.212121212121212155e+00 3.749618948052395040e-01 5.648735905123559720e-01
4.500000000000000000e+03 1.232323232323232487e+00 3.749598020061308823e-01 5.626777578011735725e-01
4.500000000000000000e+03 1.252525252525252597e+00 3.749576249901363512e-01 5.604038202584729067e-01
4.500000000000000000e+03 1.272727272727272929e+00 3.749553618410405020e-01 5.580502153291067025e-01
4.500000000000000000e+03 1.292929292929293039e+00 3.749530106627941839e-01 5.556154018674778206e-01
4.500000000000000000e+03 1.313131313131313149e+00 3.749505695821169216e-01 5.530978628732393654e-01
4.500000000000000000e+03 1.333333333333333481e+00 3.749480367520645063e-01 5.504961082691472996e-01
4.500000000000000000e+03 1.353535353535353591e+00 3.749454103548596207e-01 5.478086777114418160e-01
4.500000000000000000e+03 1.373737373737373924e+00 3.749426886054467167e-01 5.450341434322869549e-01
4.500000000000000000e+03 1.393939393939394034e+00 3.749398697547642878e-01 5.421711131057219690e-01
4.500000000000000000e+03 1.414141414141414366e+00 3.749369520926479904e-01 5.392182327320531599e-01
4.500000000000000000e+03 1.434343434343434476e+00 3.749339339519155989e-01 5.361741895369870337e-01
4.500000000000000000e+03 1.454545454545454586e+00 3.749308137108935401e-01 5.330377148737891480e-01
4.500000000000000000e+03 1.474747474747474918e+00 3.749275897975380412e-01 5.298075871286027638e-01
4.500000000000000000e+03 1.494949494949495028e+00 3.749242606922232324e-01 5.264826346148956393e-01
4.500000000000000000e+03 1.515151515151515360e+00 3.749208249314635588e-01 5.230617384557147975e-01
4.500000000000000000e+03 1.535353535353535470e+00 3.749172811110516035e-01 5.195438354419141813e-01
4.500000000000000000e+03 1.555555555555555580e+00 3.749136278896663121e-01 5.159279208604550249e-01
4.500000000000000000e+03 1.575757575757575912e+00 3.749098639918311826e-01 5.122130512847731243e-01
4.500000000000000000e+03 1.595959595959596022e+00 3.749059882113973119e-01 5.083983473174717993e-01
4.500000000000000000e+03 1.616161616161616355e+00 3.749019994144477397e-01 5.044829962797574563e-01
4.500000000000000000e+03 1.636363636363636465e+00 3.748978965430484478e-01 5.004662548358573826e-01
4.500000000000000000e+03 1.656565656565656797e+00 3.748936786176200742e-01 4.963474515446507085e-01
4.500000000000000000e+03 1.676767676767676907e+00 3.748893447404325618e-01 4.921259893330811597e-01
4.500000000000000000e+03 1.696969696969697017e+00 3.748848940980806232e-01 4.878013478762291411e-01
4.500000000000000000e+03 1.717171717171717349e+00 3.748803259647582320e-01 4.833730858831054578e-01
4.500000000000000000e+03 1.737373737373737459e+00 3.748756397043294664e-01 4.788408432721201202e-01
4.500000000000000000e+03 1.757575757575757791e+00 3.748708347737925717e-01 4.742043432326373265e-01
4.500000000000000000e+03 1.777777777777777901e+00 3.748659107045342331e-01 4.694633941193088189e-01
4.500000000000000000e+03 1.797979797979798233e+00 3.748608671776104684e-01 4.646178914456494669e-01
4.500000000000000000e+03 1.818181818181818343e+00 3.748557039659616841e-01 4.596678192537430596e-01
4.500000000000000000e+03 1.838383838383838453e+00 3.748504208550155758e-01 4.546132517932188200e-01
4.500000000000000000e+03 1.858585858585858785e+00 3.748450178259891685e-01 4.494543549383965275e-01
4.500000000000000000e+03 1.878787878787878896e+00 3.748394949370212892e-01 4.441913872945746355e-01
4.500000000000000000e+03 1.898989898989899228e+00 3.748338523522415922e-01 4.388247012608683661e-01
4.500000000000000000e+03 1.919191919191919338e+00 3.748280903439734080e-01 4.333547438852729528e-01
4.500000000000000000e+03 1.939393939393939448e+00 3.748222092923619853e-01 4.277820575421636407e-01
4.500000000000000000e+03 1.959595959595959780e+00 3.748162096658229636e-01 4.221072803085396119e-01
4.500000000000000000e+03 1.979797979797979890e+00 3.748100921307667144e-01 4.163311468493181011e-01
4.500000000000000000e+03 2.000000000000000000e+00 3.748038573316679889e-01 4.104544873586513098e-01
5.000000000000000000e+03 0.000000000000000000e+00 3.750000000000000555e-01 6.096067358450976137e-01
5.000000000000000000e+03 2.020202020202020374e-02 3.749999975508471195e-01 6.096014448395035146e-01
5.000000000000000000e+03 4.040404040404040747e-02 3.749999901902985044e-01 6.095855578646035555e-01
5.000000000000000000e+03 6.060606060606060774e-02 3.749999778790862326e-01 6.095590330493556586e-01
5.000000000000000000e+03 8.080808080808081495e-02 3.749999605517721490e-01 6.095218006197501426e-01
5.000000000000000000e+03 1.010101010101010222e-01 3.749999381167585244e-01 6.094737629154675096e-01
5.000000000000000000e+03 1.212121212121212155e-01 3.749999104563050967e-01 6.094147944133395667e-01
5.000000000000000000e+03 1.414141414141414366e-01 3.749998774265503876e-01 6.093447417577517733e-01
5.000000000000000000e+03 1.616161616161616299e-01 3.749998388575382369e-01 6.092634237981642276e-01
5.000000000000000000e+03 1.818181818181818232e-01 3.749997945532488330e-01 6.091706316339687843e-01
5.000000000000000000e+03 2.020202020202020443e-01 3.749997442916375712e-01 6.090661286669384333e-01
5.000000000000000000e+03 2.222222222222222376e-01 3.749996878246764642e-01 6.089496506615628135e-01
5.000000000000000000e+03 2.424242424242424310e-01 3.749996248784042141e-01 6.088209058136052620e-01
5.000000000000000000e+03 2.626262626262626521e-01 3.749995551529823890e-01 6.086795748272456619e-01
5.000000000000000000e+03 2.828282828282828731e-01 3.749994783227574846e-01 6.085253110012314171e-01
5.000000000000000000e+03 3.030303030303030387e-01 3.749993940363305356e-01 6.083577403244587734e-01
5.000000000000000000e+03 3.232323232323232598e-01 3.749993019166347197e-01 6.081764615814906350e-01
5.000000000000000000e+03 3.434343434343434809e-01 3.749992015610236207e-01 6.079810464685064808e-01
5.000000000000000000e+03 3.636363636363636465e-01 3.749990925413620446e-01 6.077710397202505943e-01
5.000000000000000000e+03 3.838383838383838675e-01 3.749989744041345996e-01 6.075459592485654703e-01
5.000000000000000000e+03 4.040404040404040886e-01 3.749988466705536094e-01 6.073052962931005938e-01
5.000000000000000000e+03 4.242424242424242542e-01 3.749987088366911747e-01 6.070485155849039138e-01
5.000000000000000000e+03 4.444444444444444753e-01 3.749985603736066819e-01 6.067750555234938670e-01
5.000000000000000000e+03 4.646464646464646964e-01 3.749984007275025122e-01 6.064843283682335162e-01
5.000000000000000000e+03 4.848484848484848619e-01 3.749982293198786953e-01 6.061757204446402980e-01
5.000000000000000000e+03 5.050505050505050830e-01 3.749980455477082142e-01 6.058485923664641559e-01
5.000000000000000000e+03 5.252525252525253041e-01 3.749978487836231889e-01 6.055022792743022242e-01
5.000000000000000000e+03 5.454545454545455252e-01 3.749976383761218779e-01 6.051360910915761782e-01
5.000000000000000000e+03 5.656565656565657463e-01 3.749974136497788990e-01 6.047493127987039196e-01
5.000000000000000000e+03 5.858585858585858563e-01 3.749971739054906994e-01 6.043412047263599929e-01
5.000000000000000000e+03 6.060606060606060774e-01 3.749969184207179729e-01 6.039110028685928944e-01
5.000000000000000000e+03 6.262626262626262985e-01 3.749966464497578311e-01 6.034579192168647577e-01
5.000000000000000000e+03 6.464646464646465196e-01 3.749963572240423426e-01 6.029811421157640350e-01
5.000000000000000000e+03 6.666666666666667407e-01 3.749960499524361279e-01 6.024798366414015893e-01
5.000000000000000000e+03 6.868686868686869618e-01 3.749957238215698152e-01 6.019531450033710485e-01
5.000000000000000000e+03 7.070707070707071829e-01 3.749953779962003630e-01 6.014001869712349846e-01
5.000000000000000000e+03 7.272727272727272929e-01 3.749950116195684413e-01 6.008200603264302053e-01
5.000000000000000000e+03 7.474747474747475140e-01 3.749946238138300303e-01 6.002118413406023478e-01
5.000000000000000000e+03 7.676767676767677351e-01 3.749942136804433335e-01 5.995745852812404131e-01
5.000000000000000000e+03 7.878787878787879562e-01 3.749937803006260784e-01 5.989073269454521231e-01
5.000000000000000000e+03 8.080808080808081773e-01 3.749933227358547838e-01 5.982090812230468346e-01
5.000000000000000000e+03 8.282828282828283983e-01 3.749928400283555341e-01 5.974788436895356325e-01
5.000000000000000000e+03 8.484848484848485084e-01 3.749923312016045784e-01 5.967155912300946552e-01
5.000000000000000000e+03 8.686868686868687295e-01 3.749917952609426175e-01 5.959182826952802436e-01
5.000000000000000000e+03 8.888888888888889506e-01 3.749912311941297482e-01 5.950858595893173675e-01
5.000000000000000000e+03 9.090909090909091717e-01 3.749906379719538663e-01 5.942172467919186740e-01
5.000000000000000000e+03 9.292929292929293927e-01 3.749900145489458159e-01 5.933113533139818818e-01
5.000000000000000000e+03 9.494949494949496138e-01 3.749893598639795766e-01 5.923670730884560420e-01
5.000000000000000000e+03 9.696969696969697239e-01 3.749886728410831704e-01 5.913832857963622347e-01
5.000000000000000000e+03 9.898989898989899450e-01 3.749879523900835343e-01 5.903588577294599515e-01
5.000000000000000000e+03 1.010101010101010166e+00 3.749871974074907022e-01 5.892926426888875913e-01
5.000000000000000000e+03 1.030303030303030498e+00 3.749864067772858411e-01 5.881834829217996718e-01
5.000000000000000000e+03 1.050505050505050608e+00 3.749855793717579155e-01 5.870302100949714719e-01
5.000000000000000000e+03 1.070707070707070718e+00 3.749847140523756561e-01 5.858316463066054469e-01
5.000000000000000000e+03 1.090909090909091050e+00 3.749838096708389967e-01 5.845866051363275417e-01
5.000000000000000000e+03 1.111111111111111160e+00 3.749828650698882049e-01 5.832938927338082724e-01
5.000000000000000000e+03 1.131313131313131493e+00 3.749818790844148264e-01 5.819523089452749431e-01
5.000000000000000000e+03 1.151515151515151603e+00 3.749808505424307437e-01 5.805606484792991129e-01
5.000000000000000000e+03 1.171717171717171713e+00 3.749797782662114831e-01 5.791177021103082190e-01
5.000000000000000000e+03 1.191919191919192045e+00 3.749786610733542580e-01 5.776222579206141683e-01
5.000000000000000000e+03 1.212121212121212155e+00 3.749774977779622431e-01 5.760731025802920957e-01
5.000000000000000000e+03 1.232323232323232487e+00 3.749762871918728147e-01 5.744690226640624120e-01
5.000000000000000000e+03 1.252525252525252597e+00 3.749750281257136497e-01 5.728088060056079067e-01
5.000000000000000000e+03 1.272727272727272929e+00 3.749737193903825427e-01 5.710912430871866174e-01
5.000000000000000000e+03 1.292929292929293039e+00 3.749723597981687861e-01 5.693151284652332444e-01
5.000000000000000000e+03 1.313131313131313149e+00 3.749709481642032327e-01 5.674792622301153555e-01
5.000000000000000000e+03 1.333333333333333481e+00 3.749694833077653611e-01 5.655824514985108298e-01
5.000000000000000000e+03 1.353535353535353591e+00 3.749679640536022762e-01 5.636235119383712355e-01
5.000000000000000000e+03 1.373737373737373924e+00 3.749663892335614590e-01 5.616012693240005627e-01
5.000000000000000000e+03 1.393939393939394034e+00 3.749647576877781496e-01 5.595145611199113800e-01
5.000000000000000000e+03 1.414141414141414366e+00 3.749630682663852022e-01 5.573622380924422304e-01
5.000000000000000000e+03 1.434343434343434476e+00 3.749613198309281192e-01 5.551431659461901758e-01
5.000000000000000000e+03 1.454545454545454586e+00 3.749595112558861687e-01 5.528562269837352661e-01
5.000000000000000000e+03 1.474747474747474918e+00 3.749576414302491778e-01 5.505003217864883336e-01
5.000000000000000000e+03 1.494949494949495028e+00 3.749557092591137009e-01 5.480743709147135601e-01
5.000000000000000000e+03 1.515151515151515360e+00 3.749537136653248726e-01 5.455773166228005122e-01
5.000000000000000000e+03 1.535353535353535470e+00 3.749516535909005466e-01 5.430081245891895669e-01
5.000000000000000000e+03 1.555555555555555580e+00 3.749495279989705221e-01 5.403657856558075068e-01
5.000000000000000000e+03 1.575757575757575912e+00 3.749473358751047036e-01 5.376493175761646315e-01
5.000000000000000000e+03 1.595959595959596022e+00 3.749450762292408923e-01 5.348577667677382186e-01
5.000000000000000000e+03 1.616161616161616355e+00 3.749427480971249671e-01 5.319902100657031285e-01
5.000000000000000000e+03 1.636363636363636465e+00 3.749403505419458549e-01 5.290457564737198748e-01
5.000000000000000000e+03 1.656565656565656797e+00 3.749378826563784517e-01 5.260235489112126128e-01
5.000000000000000000e+03 1.676767676767676907e+00 3.749353435637234888e-01 5.229227659491203495e-01
5.000000000000000000e+03 1.696969696969697017e+00 3.749327324198706846e-01 5.197426235336941591e-01
5.000000000000000000e+03 1.717171717171717349e+00 3.749300484148782031e-01 5.164823766931202487e-01
5.000000000000000000e+03 1.737373737373737459e+00 3.749272907745981320e-01 5.131413212231072940e-01
5.000000000000000000e+03 1.757575757575757791e+00 3.749244587620851887e-01 5.097187953479669353e-01
5.000000000000000000e+03 1.777777777777777901e+00 3.749215516795562642e-01 5.062141813523759470e-01
5.000000000000000000e+03 1.797979797979798233e+00 3.749185688696512475e-01 5.026269071786479969e-01
5.000000000000000000e+03 1.818181818181818343e+00 3.749155097170444040e-01 4.989564479879093351e-01
5.000000000000000000e+03 1.838383838383838453e+00 3.749123736498671255e-01 4.952023276796773121e-01
5.000000000000000000e+03 1.858585858585858785e+00 3.749091601414425434e-01 4.913641203629836030e-01
5.000000000000000000e+03 1.878787878787878896e+00 3.749058687113056010e-01 4.874414517805304992e-01
5.000000000000000000e+03 1.898989898989899228e+00 3.749024989267359387e-01 4.834340006738925277e-01
5.000000000000000000e+03 1.919191919191919338e+00 3.748990504042646332e-01 4.793415000943350157e-01
5.000000000000000000e+03 1.939393939393939448e+00 3.748955228105122495e-01 4.751637386455264123e-01
5.000000000000000000e+03 1.959595959595959780e+00 3.748919158640136584e-01 4.709005616645979275e-01
5.000000000000000000e+03 1.979797979797979890e+00 3.748882293354568462e-01 4.665518723254681865e-01
5.000000000000000000e+03 2.000000000000000000e+00 3.748844630497609742e-01 4.621176326731959438e-01
