0.385008 1.105036
-0.059817 -0.729443
0.033369 0.293062
-0.088543 -0.657988
0.032575 0.474206
0.212546 0.763203
0.165193 0.641526
-0.065304 -0.484801
-0.082203 -0.884880
-0.091996 -0.856670
-0.103286 -0.412999
-0.127180 -1.399164
0.150670 1.038706
-0.278081 -1.755582
0.009548 0.053804
-0.017917 -0.277524
0.215988 0.913799
0.006235 0.090255
-0.089519 -0.791628
-0.263400 -1.763280
0.030082 0.218557
0.003027 0.028258
0.182981 0.972454
0.120292 1.088403
-0.038113 -0.265687
0.008340 0.050299
-0.349519 -2.035154
0.081379 0.833484
-0.339684 -1.543001
-0.165671 -1.297308
-0.068456 -0.966367
0.151828 0.551181
0.030291 0.225848
0.628576 1.094966
0.029696 0.293536
0.041746 0.400927
-0.021428 -0.341101
-0.026783 -0.302371
0.093007 0.789095
-0.039673 -0.713170
-0.135837 -1.496407
-0.045935 -0.326111
0.054678 0.363753
-0.285011 -1.626167
-0.147129 -0.988162
0.096742 0.460385
-0.067657 -0.606016
-0.077975 -0.640979
-0.070373 -0.475800
0.006338 0.063904
