-0.115766 -0.565564
-0.800053 -0.430224
-0.009958 -0.015709
-1.143126 -2.007555
-0.258419 -0.437575
-0.314439 -0.533543
0.591822 0.257432
-0.152265 -0.336472
0.815800 1.333608
0.490621 0.276136
-0.262352 -0.244866
-0.149633 -0.151107
2.130512 1.854751
0.626536 1.583897
0.309650 0.263635
-0.121437 -0.209053
-0.687204 -0.529285
-0.277444 -0.537760
-0.166793 -0.698080
1.113345 2.432091
-0.148012 -0.399323
-1.061709 -0.536847
1.655978 2.586087
-0.142278 -0.213881
-1.071609 -2.365077
0.301504 0.291398
-0.416616 -0.504872
-0.636615 -0.552542
0.880892 1.328999
0.280700 1.584365
-0.175149 -0.420356
0.159018 0.158493
0.901040 2.163334
-0.180923 -0.515141
1.027360 1.528005
-0.069814 -0.155617
0.495350 2.010041
1.418308 1.823508
0.232039 0.237855
0.287307 0.318502
-0.280956 -0.364384
-0.130868 -0.399764
-0.654378 -2.009153
0.463631 0.148223
-0.086685 -0.298265
0.418020 0.233016
-0.288731 -0.579494
0.404179 1.776863
-0.000300 -0.000973
