-0.085321 -1.210121
0.000199 0.001552
-0.019220 -0.128400
0.123345 0.411005
-0.141315 -2.236978
0.621859 1.613019
0.930474 2.052382
0.012956 0.062822
-0.075569 -0.642249
-0.118380 -1.000927
0.157048 0.387648
-0.056839 -0.474376
0.057958 0.279714
-0.325974 -2.494358
0.092284 0.302180
0.039098 0.256630
0.255748 1.002838
-0.141453 -2.046818
0.060374 0.300444
-0.374384 -2.733819
0.028242 0.146096
0.010594 0.060793
0.254878 0.963259
-0.055396 -0.521708
-0.097988 -0.607854
-0.112152 -0.614965
-0.304189 -2.690292
0.020105 0.135755
0.002458 0.009599
-0.181284 -1.479897
-0.169265 -2.350904
-0.062433 -0.251484
-0.066887 -0.423888
0.693225 2.176586
0.568485 0.317704
0.065296 -1.193053
-0.095748 -0.183111
-0.025585 0.135198
0.028261 -2.170720
-0.136535 -2.928028
-0.251522 -0.684136
-0.120679 2.150286
0.691152 -1.973156
-0.316416 2.321668
0.846027 0.587684
0.237876 -0.254545
-0.041512 -1.441847
-0.183246 -2.129580
-0.323991 -0.360634
