0.454602 1.433514
0.229966 0.911730
-0.152076 -1.246734
-0.222726 -1.083563
-0.243307 -3.716007
-0.043476 -0.163744
-0.169374 -0.493514
-0.108191 -0.309330
-0.202641 -1.207777
-0.178463 -0.245445
-0.158679 -0.929675
-0.197994 -0.982824
0.163201 0.535477
-0.152636 -1.129245
-0.168371 -1.303614
0.656890 0.867633
-0.098241 -0.519006
0.103929 0.487982
-0.183859 -1.277168
0.472070 1.005560
0.054800 0.259228
-0.135735 -0.709003
0.595115 1.649370
-0.345958 -1.772600
0.018241 0.118992
-0.234541 -2.161978
-0.060234 -0.220826
-0.153630 -0.745351
-0.184907 -1.370375
-0.067031 -0.334370
-0.134732 -0.373252
0.181085 0.714733
0.035059 0.213158
-0.156818 -0.197980
0.049962 0.229465
0.034830 0.230322
-0.355488 -1.153608
0.019724 0.113825
-0.191799 -0.589272
0.043501 0.235076
-0.154074 -0.769639
-0.191525 -1.558502
0.466299 2.362231
-0.070532 -0.243825
0.119647 0.854291
0.001299 0.006310
0.017015 0.117763
-0.160542 -0.240389
-0.098092 -0.299126
