0.237834 0.795494
-0.002296 -0.025429
0.093580 0.647979
-0.011641 -0.078554
-0.026091 -0.423929
0.300991 0.954348
0.086542 0.391059
0.051279 0.306542
-0.036282 -0.370280
-0.022305 -0.197641
-0.223519 -0.911421
-0.101057 -1.193454
0.012892 0.117078
-0.285887 -1.909064
0.122320 0.521034
0.045524 0.497946
0.169498 0.759680
-0.046025 -0.690512
0.065950 0.411770
-0.138521 -1.166042
0.081371 0.490582
0.068829 0.520268
0.166939 0.944286
-0.004934 -0.056687
-0.054737 -0.420161
-0.152789 -0.988871
-0.314230 -2.174481
0.130927 0.988394
-0.159767 -0.817634
-0.107236 -0.889854
-0.104072 -1.449867
-0.073515 -0.341243
0.017537 0.121683
0.225797 0.510553
-0.034367 -0.366358
-0.060574 -0.627236
-0.049675 -0.790147
-0.096217 -1.131312
0.080735 0.553198
-0.087095 -1.549379
-0.093304 -1.144259
-0.096472 -0.756731
0.028185 0.184771
-0.218255 -1.322215
-0.037592 -0.246541
0.182435 0.639015
0.077963 0.486743
-0.045809 -0.356592
-0.237479 -1.557527
-0.100482 -1.084080
