0.250662 1.076735
-0.076738 -2.914613
0.045230 0.548212
0.248260 1.469562
0.229815 3.312796
-0.066910 -0.831021
-0.082802 -0.876208
0.151400 1.386477
0.089155 0.942775
-0.008608 -0.285242
0.122605 0.872781
0.086107 0.692783
-0.059980 -0.972974
-0.074238 -1.022229
-0.026354 -0.553449
0.082325 0.400593
-0.096596 -1.416788
0.137776 1.014980
-0.073249 -0.492866
0.060591 0.881710
-0.089184 -1.060462
-0.013575 -0.226670
0.033271 0.239386
-0.071734 -0.619144
0.031595 0.447741
0.044506 0.575682
0.030422 0.472646
0.010997 0.098534
-0.033063 -0.847296
0.015303 0.145457
0.021362 0.364920
0.057216 0.487632
-0.062421 -1.523851
-0.022034 -0.255948
0.366466 1.451201
-0.039777 -0.195403
0.082651 0.619407
0.051908 0.775240
-0.237572 -1.593199
-0.004822 -0.062138
-0.109901 -1.385245
0.036185 0.405891
0.116839 0.893413
-0.078286 -0.796171
0.002127 0.019213
0.036286 0.275806
-0.002341 -0.036890
0.072961 0.951293
0.161232 1.283769
0.021459 0.254669
