-1.134722 -3.588915
-0.033321 -0.149479
-0.180977 -0.558500
-1.198358 -2.832313
-0.074807 -0.465516
-0.752141 -0.883641
0.567298 1.235285
0.107261 0.325970
0.183411 0.671084
-0.046687 -0.164926
0.980570 1.469639
-0.081376 -0.386710
-0.435004 -0.606639
0.220042 0.644288
-0.696174 -1.045997
-0.365437 -1.294498
-0.223064 -0.585581
-0.679870 -2.878534
-0.111141 -0.340854
0.450854 1.150718
-0.576644 -1.269326
-0.370856 -0.758400
-0.401053 -0.513778
-0.462607 -1.387143
0.186674 0.588103
0.226799 0.561354
0.468487 1.227361
-0.346995 -1.280673
0.193871 0.404405
0.124052 0.388919
0.007811 0.039246
0.611197 1.187588
0.065421 0.197924
-0.862813 -0.524740
-0.989282 -3.245951
-1.030810 -2.921952
-0.164872 -0.970620
0.030969 0.136978
-0.865787 -2.871369
-0.115147 -0.757029
0.090012 0.375393
-0.087282 -0.217860
-0.117413 -0.341034
0.598390 1.311947
0.314530 0.859270
-0.149212 -0.278780
0.168073 0.577531
0.062014 0.205807
0.541197 1.252487
0.306064 0.965905
