-0.859269 -1.644591
0.042021 0.131334
-0.184306 -0.663861
-0.460538 -0.700758
0.212894 1.360055
-0.433421 -0.960887
0.141353 0.222230
0.456692 1.377498
0.353054 1.519684
-0.012396 -0.027490
-0.866855 -0.746617
0.314322 1.472083
-0.271135 -0.935113
0.581678 1.726640
-0.136233 -0.183787
-0.102485 -0.422676
-0.278181 -0.912230
-0.200451 -0.749458
-0.288284 -0.631509
0.663016 1.938257
-0.138275 -0.277484
0.013518 0.034462
-0.306134 -0.951344
-0.095506 -0.335900
0.478275 1.556865
-0.733391 -1.104683
0.741662 2.180144
-0.173353 -0.687669
-0.796537 -0.997416
0.427252 1.368713
0.269659 1.467493
0.475842 0.959659
-0.047325 -0.064800
-0.428493 -0.366112
-0.437436 -1.267912
-0.101321 -0.241280
-0.448867 -1.438004
0.016096 0.047444
-0.420810 -1.193925
-0.306007 -0.777816
0.300180 1.378207
0.049454 0.055025
-0.308593 -0.424858
0.767814 1.871952
0.255262 0.592244
-0.532278 -0.906982
0.090090 0.224726
-0.709939 -1.558624
0.546769 1.461859
-0.711394 -2.136944
