-0.510308 -0.810450
-0.287983 -0.667784
-0.406252 -0.905755
0.901377 1.456904
1.124513 1.442443
-0.323133 -0.529473
-0.037716 -0.033274
0.420647 1.075030
0.662615 1.454067
0.027661 0.153776
0.732652 1.127832
1.027545 1.601917
-0.349810 -0.912790
-0.635914 -0.944466
-0.012792 -0.036513
-1.261090 -0.834605
-0.372479 -0.694313
-0.653361 -0.239023
-0.445699 -0.735703
0.231785 0.709231
-0.375715 -0.632689
0.199662 0.546638
-1.367159 -1.722808
-0.396164 -0.848892
-0.871296 -1.956908
0.647098 1.481545
0.049201 0.116069
0.517059 0.874441
0.063522 0.244159
-0.520488 -0.187116
-0.060585 -0.151606
-0.019973 -0.022948
-0.310940 -1.141956
-0.323045 -0.816140
2.144412 1.930481
-1.469594 -1.025275
-0.652775 -0.555995
0.414647 1.264901
-0.408606 -0.938793
0.125124 0.429959
-0.312114 -0.482109
-0.830965 -1.338869
0.691568 1.123312
0.174307 0.253594
-0.217366 -0.143414
0.393049 0.433531
0.056270 0.119389
0.427302 1.201750
0.746603 1.398379
0.079072 0.124680
