0.217311 0.091433
-0.330779 -1.291454
-0.045085 -0.262622
0.382601 1.024843
0.148114 1.035919
-0.355195 -1.141393
-0.671302 -0.667372
0.051930 0.030474
-0.820389 -2.475846
-0.430804 -1.052452
0.163336 0.427962
0.333058 1.107138
0.345060 0.169951
0.107351 0.464815
0.182632 1.063333
-0.648030 -1.178228
-0.400768 -1.017884
-0.143947 -0.406841
-0.120307 -0.259831
0.226142 0.859082
0.161835 0.401627
0.049901 0.038968
-0.040737 -0.152267
-0.536582 -0.736287
0.335613 0.142653
0.037835 0.075466
0.094093 0.111964
-0.481986 -0.980381
0.183601 0.246939
0.297023 1.593543
-0.227353 -0.978387
0.802048 2.129198
-0.489741 -0.785642
-0.322837 -0.859747
0.015397 0.018956
0.424510 1.250559
-0.074212 -0.268097
0.829946 1.454555
-0.769958 -0.539350
0.893395 1.932592
-0.363343 -0.921128
-0.099189 -0.267259
0.340862 2.064443
0.241200 1.073995
-0.219752 -0.566117
-0.219970 -1.209608
0.196658 0.091872
-0.073363 -0.241215
0.242541 1.774710
0.291676 0.200465
