0.933506 1.929454
-0.300161 -0.920166
-0.274616 -1.428909
0.338213 1.085980
-0.002727 -0.015216
-0.437646 -0.960701
0.020914 0.009190
0.208823 0.091809
0.013712 0.008417
-0.748774 -0.955293
0.054384 0.216879
-0.897662 -1.133756
0.745909 1.686188
-0.723013 -0.733719
0.064500 0.420462
-1.331803 -3.131976
0.088560 0.043344
-0.432932 -1.242531
0.058689 0.042612
0.154058 0.714920
-0.823803 -0.785197
-0.135677 -0.312323
-0.209691 -0.793382
-0.593110 -0.558383
0.152003 0.065406
-0.185164 -0.718491
0.031110 0.157939
-0.899445 -3.438146
0.092672 0.229550
-0.957424 -3.500955
-0.231849 -0.991112
0.781627 1.941832
-0.102868 -0.260481
-0.498521 -1.487647
0.005577 0.004260
0.323440 1.046527
-0.501535 -1.410661
0.287696 0.097448
-0.861403 -0.700943
0.568264 1.169119
-0.970954 -0.800782
-0.024035 -0.084150
0.089424 0.558701
-0.328230 -1.263470
0.017913 0.014627
-0.341780 -1.365924
0.238167 0.483058
-0.153993 -0.552800
0.040071 0.287419
0.103353 0.058910
