-0.220999 -0.889167
-0.169470 -0.418173
-0.288131 -0.621855
-1.240300 1.646652
1.264353 -0.401729
-0.239576 -0.387330
-0.397520 1.562575
0.623850 1.630149
0.755084 0.124672
0.029544 0.396005
0.350131 1.541383
0.943120 -0.585315
-0.220818 -0.370936
-0.286285 1.428538
0.368822 -0.741379
-1.033481 -0.653622
-0.265296 -0.296239
-0.660469 -0.528132
-0.326054 -1.316326
-0.643066 -0.558261
-0.264057 0.845869
0.310025 -1.598710
-1.254745 -0.925745
-0.268320 -1.327409
-0.659307 1.846795
0.810066 -1.109290
-0.559541 1.000878
0.488174 -0.201673
-0.095081 -0.627278
-0.729392 0.088756
0.036063 -0.086478
-0.083038 -0.522985
-0.204900 -0.394863
-0.175016 1.967836
2.080335 -1.028630
-1.424717 0.080001
0.103683 1.544328
0.505430 -0.613964
-0.269432 -0.166438
-0.114205 -0.991004
-0.247592 -0.499775
-0.494569 1.592036
1.010350 0.838597
0.485312 -0.118178
-0.181190 -1.736688
-1.427707 0.198537
0.108155 1.374591
0.486800 1.207454
0.650674 -0.584353
