0.010804 0.054987
-0.141486 -1.230385
0.029584 0.152215
0.205700 0.733771
0.415042 1.086508
-0.143404 -1.192329
0.045029 0.221831
0.106244 0.465914
0.034719 0.177231
-0.236633 -3.729679
0.225879 0.774078
0.288784 0.929422
-0.088535 -0.641960
-0.136705 -1.157325
-0.152992 -1.451340
0.266230 0.811117
-0.164661 -1.591845
0.284449 0.846800
0.051182 0.235604
-0.085122 -0.618795
-0.115035 -0.894150
-0.088545 -0.641778
0.179778 0.654879
-0.094798 -0.609921
-0.087440 -0.621273
-0.002927 -0.016472
-0.058477 -0.386456
0.127247 0.516660
-0.238167 -3.696657
-0.014898 -0.081774
-0.153020 -1.440447
0.082146 0.365737
-0.239151 -3.593391
-0.101749 -0.729446
0.757534 1.372902
0.279992 0.819765
0.151303 0.583360
-0.095114 -0.759651
-0.157010 -1.290391
-0.023972 -0.147944
-0.219717 -2.571119
-0.026117 -0.148994
0.205665 0.731467
0.101045 0.439637
0.024965 0.129963
0.138191 0.543344
-0.151278 -1.356794
0.017710 0.095211
0.128276 0.526225
-0.037264 -0.226613
