0.208129 0.648215
-0.413443 -1.056559
-0.641312 -1.191797
0.707627 13.946711
1.273397 1.519442
-0.621601 -1.114420
0.304634 0.608077
0.263897 0.696363
0.541131 1.153698
-0.195264 -1.040395
-0.589620 -0.492895
0.683459 1.103467
-0.398104 -0.564462
-0.280021 -0.393327
-0.055761 -0.209001
-1.438075 -0.956512
-0.582880 -1.315729
-0.133491 -0.064019
-0.696524 -1.046384
-0.020116 -0.058585
-0.420440 -0.679087
0.111494 0.322205
-1.556801 -1.940346
-0.543932 -1.237672
0.204203 0.550361
0.524263 1.138822
0.013964 0.041828
0.494279 0.855196
-0.036140 -0.150241
0.096851 0.141468
-0.487830 -1.306957
0.292404 0.494747
-0.910794 -3.019069
-0.392167 -0.623728
2.222972 1.932006
0.483849 0.328076
0.527838 0.829841
0.223895 -1.428234
-0.601823 -0.227352
-0.140702 -0.807170
-0.480529 -2.446725
-1.367755 1.102902
0.690239 0.733718
0.388567 -0.180843
-0.274451 -0.446965
-0.450234 -0.171617
-0.071353 -0.247542
-0.105653 1.209074
0.677639 -0.252587
