0.822062 1.280796
-0.155295 -1.053251
-0.251821 -1.812318
0.608759 14.898853
-0.199636 -1.351444
0.239911 0.635971
0.321328 0.876034
-0.091638 -0.275738
-0.152239 -0.841269
-0.275798 -2.036257
-0.572991 -2.310079
-0.221032 -1.510394
0.273212 1.110907
-0.404283 -3.103056
-0.024934 -0.087317
0.151767 0.629022
0.058139 0.261297
0.222231 1.049934
-0.031632 -0.122266
-0.339016 -2.532274
-0.138721 -0.653136
0.068094 0.356745
0.171543 0.669704
-0.075903 -0.441604
-0.068899 -0.205995
-0.439192 -4.067706
-0.020824 -0.101930
0.203337 0.361448
-0.193959 -1.043249
-0.289897 -3.039048
0.667462 1.129741
-0.088746 -0.370965
0.518449 1.079135
-0.124756 -0.577178
0.045370 0.137001
-0.270236 -2.970161
-0.169141 -0.816542
0.094573 0.554547
-0.341012 -5.678063
-0.303324 -2.941359
-0.364188 -2.497728
0.342543 0.965745
-0.395269 -2.258620
-0.159889 -0.670917
0.303674 0.804658
0.456471 1.505174
-0.174648 -0.803820
-0.329445 -1.862021
-0.201491 -1.138175
