-0.338419 -0.839102
0.003506 0.011010
-0.202521 -0.707551
-0.518074 -0.705335
0.173313 1.120982
-0.488640 -0.877380
-0.990158 -1.802864
0.254416 0.713899
0.216137 0.898783
0.443104 1.585109
0.620051 1.019701
0.293674 1.369700
-0.603800 -1.727902
0.243783 0.678259
-0.054700 -0.056998
-0.141459 -0.588267
0.243150 0.823135
-0.211294 -0.811458
-0.447989 -0.732385
0.606254 1.792560
0.060446 0.139367
-0.023463 -0.060196
-0.334728 -1.031832
-0.187015 -0.835169
0.438941 1.428865
-0.491156 -0.516012
0.642664 1.945639
-0.209687 -0.814935
-0.840248 -1.056365
0.393838 1.257549
0.188343 1.026145
0.351008 0.647248
0.253319 0.721618
-0.594593 -0.665814
-0.517236 -1.653207
-0.072170 -0.187596
-0.464471 -1.285374
0.032635 0.111483
-0.370378 -0.762102
0.089696 0.580701
0.084565 0.315716
0.030576 0.040577
-0.417107 -0.637706
0.934782 2.046207
0.270722 0.687143
-0.476798 -0.948442
-0.616722 -1.215397
-0.752017 -1.653871
0.470746 1.264253
-0.755028 -2.262819
