0.232665 0.599976
-0.033631 -0.243293
-0.010765 -0.101762
-0.150892 -1.037852
-0.107269 -2.151320
-0.028854 -0.173669
0.089939 0.503421
0.039505 0.220356
-0.058431 -0.437848
-0.095974 -1.497944
-0.206318 -2.326366
-0.143933 -1.201318
-0.052181 -0.181126
-0.027403 -0.261973
-0.096789 -1.330511
-0.076795 -0.399768
0.083820 0.521378
0.011956 0.108029
0.153155 0.915706
-0.114998 -1.281969
-0.035480 -0.291627
0.051079 0.292561
-0.077120 -0.741663
0.536388 1.189287
-0.336174 -2.026227
0.129120 0.970983
-0.097069 -1.094950
0.095016 0.807688
-0.124486 -0.902036
-0.105007 -1.211372
0.031271 0.387749
-0.233087 -1.382902
0.230234 1.251237
0.167025 1.278070
-0.023691 -0.313549
0.058667 0.367864
0.034317 0.374820
-0.102421 -0.303446
-0.005778 -0.036213
-0.146192 -0.582269
0.088130 0.553088
-0.098520 -0.894866
-0.055659 -0.579718
0.055546 0.504905
-0.072757 -0.441571
0.175071 1.188029
-0.042437 -0.177907
0.054050 0.483080
-0.072312 -1.045726
0.024304 0.143259
