0.050799 1.060419
-0.117865 -0.758511
-0.012143 -0.126289
0.104336 1.203414
-0.052703 -0.582152
-0.084641 -1.200018
0.030676 0.341933
-0.029621 -0.512880
0.142342 1.318569
0.054119 0.651937
-0.194841 -0.861401
-0.249308 -1.400371
0.350927 1.268782
0.016794 0.205994
0.068831 -0.938009
-0.081531 -1.113261
-0.086052 -1.635652
-0.190676 -1.360225
-0.065664 1.571349
0.149114 0.021242
0.001519 0.382650
0.037202 1.960092
0.280020 0.670612
0.052486 -0.311241
-0.024046 1.096179
0.055948 -0.393784
-0.053569 0.421021
0.044077 0.916341
0.102593 0.941391
0.026216 -0.019465
-0.001571 0.363536
0.022468 1.833486
0.171103 -1.661903
-0.113630 0.944966
0.122912 -0.107047
-0.006818 0.060318
0.003050 1.309097
0.220422 0.522667
0.021347 -0.026698
-0.001607 -0.093426
-0.011763 -0.581756
-0.026289 0.873052
0.039600 0.118725
0.029050 0.700814
0.032699 0.368379
-0.200277 -1.852344
0.033992 0.669703
-0.226716 -1.618154
