0.066193 0.167064
0.593427 0.174961
-0.132018 -0.231081
0.463214 0.866440
-0.520583 -0.769775
-0.637814 -0.848302
0.392381 0.752705
-0.451334 -0.966270
0.824492 1.597285
0.316308 0.568003
-0.294068 -0.241106
-0.619311 -0.639997
2.278815 2.080116
0.080593 0.049093
0.488071 0.944903
-0.408302 -0.804469
0.279458 0.596615
-0.549241 -1.111565
-0.428304 -1.757695
0.759491 1.693293
-0.396182 -1.092188
0.141686 0.062272
1.973600 2.532078
0.120863 0.064644
0.155365 0.494546
0.327207 0.133630
-0.993297 -0.624475
-0.759115 -3.631256
-0.423946 -1.026036
-0.343679 -0.909778
0.107270 0.069908
-0.942540 -0.689052
0.886223 1.429351
-0.243886 -0.534754
0.095275 0.053762
0.771767 0.668760
0.011416 0.010013
0.231740 0.731958
0.049846 0.033735
-0.391842 -0.932953
0.029854 0.026292
-1.467688 -0.589981
-0.298189 -0.991899
0.201434 0.134944
-0.543829 -0.627580
0.031961 0.023999
-0.381462 -1.509402
