0.283785 0.470538
-0.268783 -1.046021
0.016996 0.054285
0.504181 1.535471
0.213190 1.500423
-0.311032 -0.937143
0.133392 0.092442
0.208696 0.106083
0.476978 2.040514
-0.347029 -0.862207
0.191500 0.160992
0.549634 2.138268
0.267703 0.148387
0.166027 0.699554
0.183828 0.866961
-0.461796 -1.149026
-0.312303 -0.569158
-0.057032 -0.163800
0.228628 0.226019
0.141446 0.278302
-0.121385 -0.369008
0.314014 0.197078
-0.451058 -0.529837
-0.460656 -0.707909
0.393932 0.167782
0.028557 0.073869
0.158921 0.187529
-0.589622 -2.063355
0.372990 0.971865
0.396002 2.170586
-0.215889 -0.880519
0.834641 2.227866
-0.189753 -0.448938
-0.263975 -0.697689
-0.316666 -1.963190
0.351032 0.188498
-0.402280 -0.598188
-1.585399 -1.951777
-0.187996 -0.593049
0.815686 1.659393
-0.310000 -0.652429
0.396452 1.740854
0.347140 2.198973
0.321830 1.512305
0.023806 0.027243
-0.167666 -1.006787
0.266872 0.122819
0.119040 0.146111
0.307186 2.240113
0.199845 0.136350
