-0.971477 -0.728925
0.059180 0.256926
0.004498 0.014751
-0.263000 -0.327443
-0.022410 -0.138599
-0.045471 -0.059686
0.412762 0.994571
0.209352 0.594334
0.027179 0.111419
0.079340 0.269307
0.423800 0.662337
0.125002 0.590523
0.042900 0.157123
0.472641 1.348745
-0.096992 -0.135088
-0.283204 -0.731715
0.045999 0.135238
-0.321595 -0.975315
-0.449726 -0.793146
0.537635 1.523420
-0.092124 -0.197892
-0.066952 -0.212626
-0.450670 -0.962696
-0.302340 -1.055561
-0.112740 -0.132358
-0.897314 -1.383187
0.451768 1.467994
-0.253795 -0.840688
0.255806 0.499750
0.145625 0.452381
0.008475 0.044620
0.452422 0.922101
0.185204 0.545430
-0.557864 -0.697151
0.076610 0.343061
0.219195 0.898113
-0.225625 -0.778073
-0.039749 -0.142311
-0.518597 -1.133762
-0.524167 -1.896700
0.142276 0.651959
-0.938813 -2.235365
-0.499527 -0.790711
0.645936 1.542822
0.116970 0.279242
-0.904815 -1.687517
-0.811129 -1.822032
0.290272 0.977394
0.381333 1.000643
-0.880197 -2.599877
