0.350835 0.421895
-0.130444 -0.320640
-0.238036 -0.516817
-1.190491 -2.228128
0.990784 1.251351
-0.223284 -0.347955
-0.354900 -0.424012
0.659989 1.664327
0.795084 1.716505
0.036454 0.157679
-0.735172 -0.574929
0.979818 1.604770
-0.192101 -0.541807
0.122415 0.216380
0.411561 1.575745
-0.660197 -0.447899
-0.229157 -0.585765
-0.626663 -0.277243
-0.286486 -0.463998
-0.605630 -1.247348
-0.210009 -0.446569
-0.003566 -0.004309
-1.219083 -1.556833
-0.225777 -0.611599
0.618014 1.661748
0.826929 1.853539
-0.639840 -1.522967
0.504077 1.276082
-0.029171 -0.060064
-0.468827 -0.435643
-0.150535 -0.492807
-0.069123 -0.070595
-0.156487 -0.589384
-0.133459 -0.299845
2.115898 2.008672
-1.206962 -0.815293
0.250862 0.239446
0.532119 1.625531
-0.229960 -0.523053
-0.078052 -0.112993
-0.444239 -0.720988
0.894508 1.404045
0.237115 0.295582
-0.150032 -0.094316
-1.388299 -1.688510
0.273320 0.662837
0.466892 1.323899
0.691618 1.283188
-0.321408 -0.534044
