0.124004 0.835470
0.042292 0.287820
0.037266 0.319273
0.120746 0.835341
-0.007941 -0.047195
-0.164134 -1.761895
0.059217 0.482867
-0.107836 -1.025948
0.212188 1.192752
0.031259 0.277722
0.307404 1.287880
0.018913 0.132061
0.427550 1.446667
-0.021748 -0.143940
-0.025181 -0.154659
0.015246 0.138766
-0.029446 -0.197535
-0.078232 -0.415953
-0.193961 -3.170796
0.167701 1.057293
-0.087027 -0.746058
0.008910 0.081242
0.290255 1.386552
0.003186 0.030880
0.041733 0.369772
-0.103522 -1.036588
0.089048 0.606399
0.018613 0.159757
0.207879 -2.161703
-0.146599 -2.041092
-0.183684 -0.410300
-0.052062 -3.025361
0.088516 1.098463
-0.211538 -0.631844
0.197683 0.085487
-0.075066 1.585348
0.008213 -0.873142
0.393649 -0.204284
-0.088879 0.296206
-0.027867 -0.597954
0.038221 -0.403004
-0.068275 1.349146
-0.049922 -0.755749
0.332702 -0.812174
-0.080371 -0.220315
-0.109964 -0.526192
-0.033870 -1.213161
-0.076807 -1.176277
