0.029817 0.276823
0.073544 0.689686
-0.015551 -0.244564
-0.139949 -1.018630
-0.097092 -1.924464
0.038997 0.301660
-0.081614 -0.492665
-0.205015 -1.287284
-0.008015 -0.061466
0.087673 1.127504
-0.094307 -1.060263
-0.136244 -1.243204
0.010497 0.048168
-0.074789 -1.130853
-0.093456 -1.450622
0.034152 0.217025
0.117012 0.753058
-0.105050 -1.076080
-0.034437 -0.187458
-0.118859 -1.415712
-0.007227 -0.063776
0.111217 0.628284
-0.054992 -0.630267
0.469789 1.202735
-0.218989 -1.325210
0.160831 1.244853
-0.030647 -0.356434
0.064377 0.698119
-0.173032 -1.434832
-0.050877 -0.602431
0.119478 1.318995
-0.268338 -1.692373
0.259641 1.288185
0.170928 1.407264
-0.004472 -0.087764
0.082441 0.502908
0.009408 0.112023
-0.071672 -0.217778
-0.001230 -0.010390
-0.342880 -1.749791
0.003313 0.024389
-0.087519 -0.896368
-0.034931 -0.456593
-0.016037 -0.152443
-0.062076 -0.414733
0.326068 1.635239
-0.004111 -0.019721
0.126327 1.087809
-0.014743 -0.228241
-0.128723 -0.820586
