-0.055307 -0.491138
-0.032166 -0.199448
0.033682 0.389485
0.087978 -0.380446
-0.037793 0.034104
0.002206 1.563425
0.152274 -1.383100
-0.081007 1.463054
0.172609 0.813795
0.064780 0.334678
0.070276 -1.799454
-0.308740 1.877439
0.518244 1.450033
0.122470 -0.032360
-0.003617 0.205219
0.016504 -1.895838
-0.139226 -1.830214
-0.185015 -2.351671
-0.118638 1.357922
0.139809 0.289520
0.018461 -0.098968
-0.011180 1.530470
0.217840 -0.435737
-0.036418 1.165568
0.091618 -0.241692
-0.015112 -0.667874
-0.092025 -0.340224
-0.038436 1.264762
0.149142 -1.022236
-0.037923 -0.339818
-0.029020 0.386930
0.021365 1.056380
0.094947 -1.760507
-0.102914 -0.143984
-0.021207 -0.332053
-0.023440 0.982028
0.052281 1.702047
0.299732 -0.252275
-0.013988 -0.389040
-0.025946 0.772167
0.088324 -0.484476
-0.026598 0.330830
0.015534 1.271515
0.252731 0.101361
0.004475 -0.618028
-0.066242 0.473986
0.038767 -1.634185
-0.159614 0.490018
0.020703 -1.920994
