-0.044567 -0.199448
-0.032166 0.389485
0.033682 -0.380446
0.087978 0.034104
-0.037793 1.563425
0.002206 -1.383100
0.152274 1.463054
-0.081007 0.813795
0.172609 0.334678
0.064780 -1.799454
0.070276 1.877439
-0.308740 1.450033
0.518244 -0.032360
0.122470 0.205219
-0.003617 -1.895838
0.016504 -1.830214
-0.139226 -2.351671
-0.185015 1.357922
-0.118638 0.289520
0.139809 -0.098968
0.018461 1.530470
-0.011180 -0.435737
0.217840 1.165568
-0.036418 -0.241692
0.091618 -0.667874
-0.015112 -0.340224
-0.092025 1.264762
-0.038436 -1.022236
0.149142 -0.339818
-0.037923 0.386930
-0.029020 1.056380
0.021365 -1.760507
0.094947 -0.143984
-0.102914 -0.332053
-0.021207 0.982028
-0.023440 1.702047
0.052281 -0.252275
0.299732 -0.389040
-0.013988 0.772167
-0.025946 -0.484476
0.088324 0.330830
-0.026598 1.271515
0.015534 0.101361
0.252731 -0.618028
0.004475 0.473986
-0.066242 -1.634185
0.038767 0.490018
-0.159614 -1.920994
