0.101570 1.446245
-0.041371 -0.594368
0.102421 1.211841
0.217240 3.942371
0.195209 1.171742
-0.037159 -0.444847
0.069250 0.718378
0.132369 1.478535
0.079575 0.929778
0.029266 0.967716
-0.009845 -0.076619
0.173172 1.291521
-0.050716 -0.737283
-0.008808 -0.127867
0.016700 0.361458
0.058053 0.301021
-0.094087 -1.198742
-0.073270 -0.370241
-0.037077 -0.288539
0.067869 1.094807
-0.012833 -0.165430
0.018364 0.310635
0.081253 0.627010
-0.148962 -1.816298
0.094411 1.208263
0.074981 0.895921
-0.060340 -0.873903
0.073012 0.648156
-0.029997 -0.710678
0.031933 0.297018
-0.008885 -0.168447
0.144217 1.037255
-0.039991 -0.868474
-0.016069 -0.188571
0.377379 1.537889
-0.289856 -0.929663
0.064105 0.505137
0.068172 1.121332
-0.242625 -1.346110
0.085426 1.015265
-0.078209 -0.860732
-0.029973 -0.316978
0.203720 1.419537
0.003108 0.032637
-0.101296 -0.761981
-0.020533 -0.141497
-0.011192 -0.170883
0.029550 0.459269
0.186958 1.520800
-0.012158 -0.141543
