-0.029712 -0.421228
-0.032166 -0.199448
0.033682 0.389485
-0.037793 -0.380446
0.002206 0.034104
0.152274 1.563425
-0.081007 -1.383100
0.172609 1.463054
0.064780 0.813795
0.070276 0.334678
-0.308740 -1.799454
0.518244 1.877439
0.122470 1.450033
-0.003617 -0.032360
0.016504 0.205219
-0.139226 -1.895838
-0.185015 -1.830214
-0.118638 -2.351671
0.139809 1.357922
0.018461 0.289520
-0.011180 -0.098968
0.217840 1.530470
-0.036418 -0.435737
0.091618 1.165568
-0.015112 -0.241692
-0.092025 -0.667874
-0.038436 -0.340224
0.149142 1.264762
-0.037923 -1.022236
-0.029020 -0.339818
0.021365 0.386930
0.094947 1.056380
-0.102914 -1.760507
-0.021207 -0.143984
-0.023440 -0.332053
0.052281 0.982028
0.299732 1.702047
-0.013988 -0.252275
-0.025946 -0.389040
0.088324 0.772167
-0.026598 -0.484476
0.015534 0.330830
0.252731 1.271515
0.004475 0.101361
-0.066242 -0.618028
0.038767 0.473986
-0.159614 -1.634185
0.020703 0.490018
-0.084448 -1.920994
