0.408360 0.252518
-0.851418 -0.462144
0.013694 0.012931
0.723048 1.442834
-0.334500 -0.851341
-0.378194 -0.632982
0.506846 0.225981
-0.255912 -0.675511
0.745102 1.202003
0.435265 0.240719
0.215367 0.109320
-0.323338 -0.350395
-1.161574 -0.430298
0.673794 1.855912
0.237842 0.210644
-0.177529 -0.304864
-0.747254 -0.570942
-0.338068 -0.623859
-0.221058 -0.806827
1.061071 2.315415
-0.211045 -0.574185
-0.543761 -0.495232
1.593216 2.487467
-0.209493 -0.314388
-0.937278 -0.502271
0.244772 0.246121
-0.709917 -0.476655
-0.609660 -0.608933
0.800067 1.172605
0.098883 0.149351
-0.098389 -0.182369
-0.158605 -0.421049
0.679822 1.477896
-0.241929 -0.669021
1.012218 1.568340
-0.064655 -0.142821
0.425030 1.721046
1.596229 2.173079
0.081093 0.108560
0.252612 0.225066
-0.349291 -0.475720
-0.272667 -0.666283
0.101441 0.100800
0.397565 0.127923
-0.132155 -0.441965
-0.361038 1.034672
0.542632 -0.506562
-0.324012 1.520010
0.344309 -0.214876
