-0.073990 -0.848806
-0.096100 -1.445002
0.103055 0.747086
0.238894 4.351362
0.293004 1.207611
-0.077521 -0.926650
0.027160 0.228945
0.085137 0.667623
0.089616 0.664144
-0.078893 -1.749052
0.106781 0.643344
0.126413 0.756834
-0.068235 -0.985318
-0.063162 -0.830850
-0.081429 -1.496619
0.000888 0.004571
-0.070619 -1.083060
0.104559 0.529539
-0.114749 -0.987216
0.014106 0.149729
-0.059946 -0.729607
-0.068390 -0.999905
0.056214 0.375421
-0.090662 -0.808843
0.021677 0.205392
-0.001271 -0.012917
-0.033253 -0.418399
0.134071 0.779371
-0.107114 -2.420727
0.025359 0.196022
-0.086256 -1.377639
0.054072 0.382245
-0.132840 -3.269418
-0.079722 -0.928690
0.657726 1.601491
0.079209 0.375182
0.032544 0.226637
-0.040961 -0.548098
-0.096538 -1.098621
-0.036364 -0.400590
-0.145535 0.470524
0.065027 0.925779
0.169126 0.523490
0.068950 -0.205106
-0.024407 -0.112886
-0.015362 -1.422262
-0.094980 0.319950
0.033669 0.952617
0.163039 -0.994225
