-0.273953 -2.800776
-0.247035 -1.230749
-0.418163 -3.494087
-0.523295 -2.766434
-0.686771 -2.328455
-0.184226 -1.818264
-0.373255 -2.870800
-0.334731 -4.418808
-0.330212 -2.449435
-0.656713 -2.358949
-0.442569 -4.302545
-0.579527 -3.527903
-0.488686 -2.873738
-0.663787 -2.613149
-0.684245 -2.765231
-0.455329 -2.887243
-0.690469 -2.126761
-0.349167 -2.848496
-0.171068 -1.072607
-0.665117 -2.963921
-0.319554 -3.860477
-0.793398 -2.340614
-0.395785 -2.709426
-0.213256 -0.903648
-0.478739 -3.336848
-0.649202 -2.913278
-0.605949 -3.104417
-0.105932 -0.330274
-0.428468 -2.698948
-0.455463 -1.949363
-0.625028 -3.148107
-1.010324 -2.243331
-0.494826 -1.270348
-0.318079 -5.985332
-0.347341 -2.567392
-0.503568 -1.271293
-0.394529 -2.032718
-0.348353 -2.057043
-0.335008 -1.694743
-0.466780 -3.109478
-0.485943 -3.341897
-0.744766 -2.789106
-0.600375 -2.895318
-0.949029 -2.813103
-0.563651 -3.382438
-0.365404 -2.001832
-0.615671 -2.052490
-0.564798 -2.526644
-0.454517 -3.544819
-0.302322 -4.780746
