0.068248 0.309087
-0.028199 -0.175978
-0.038156 -0.316390
0.141505 0.686223
0.299075 0.997096
-0.199089 -3.456795
-0.048570 -0.390197
-0.119679 -1.553592
-0.005721 -0.041007
0.182711 0.711706
-0.075447 -0.814681
-0.042652 -0.380457
-0.008382 -0.053764
0.021085 0.110541
0.166321 0.731648
-0.044707 -0.327354
0.156139 0.589107
-0.017719 -0.137188
0.070445 0.423683
0.027649 0.172872
-0.153363 -2.111260
0.340030 1.051617
0.001667 0.011074
-0.119758 -0.833740
0.013632 0.095296
0.200858 0.859681
0.037107 0.233115
0.001177 0.005933
-0.007769 -0.051312
0.105102 0.491139
-0.132813 -1.217027
0.504243 1.252652
0.294338 0.885968
-0.204797 -5.053604
-0.053920 -0.438053
0.570454 1.274245
-0.093728 -0.617393
0.159910 0.732326
-0.198570 -1.318230
0.069596 0.414522
-0.140462 -1.537685
0.083053 0.409296
0.078389 0.427049
0.138194 0.604304
-0.064020 -0.543177
-0.039870 -0.253382
0.214019 0.783459
0.222201 0.885703
-0.033642 -0.279868
-0.146272 -2.281309
