-0.201899 -1.364297
-0.007658 -0.029050
0.004569 0.020123
-0.223418 -2.820982
-0.138379 -1.204512
0.274366 0.748570
0.172754 0.471750
0.082639 0.231895
-0.292314 -1.022015
0.093730 0.225743
-0.027181 -0.100460
-0.328887 -1.261104
-0.228569 -1.806453
-0.167217 -0.612478
-0.201272 -1.097940
0.053019 0.222378
0.534173 0.914540
0.559929 0.788300
-0.117081 -0.997891
-0.300445 -3.060639
0.396454 1.318866
-0.101676 -0.720665
1.451666 1.943479
0.564384 0.890103
-0.245769 -0.982579
-0.344467 -2.362107
-0.284931 -1.119951
-0.089153 -0.638558
-0.062387 -0.426368
0.179946 0.425575
-0.174441 -1.990070
2.200260 2.332391
0.477986 1.163249
-0.217774 -1.970564
0.560528 1.149200
-0.150324 -0.819469
0.407939 0.678510
0.305942 0.473751
0.296996 0.448048
-0.167272 -0.878153
-0.287691 -2.688463
-0.437259 -2.951177
-0.092794 -0.649232
-0.244150 -1.513470
-0.186945 -0.830746
0.631271 1.096215
-0.052012 -0.283911
-0.295600 -2.033545
0.433003 0.973741
0.805473 10.574599
