0.144507 0.344743
-0.002106 -0.005786
-0.243937 -0.840200
-0.923941 -9.678233
-0.756843 -3.601317
-0.385210 -1.036406
-0.082881 -0.238912
-0.577184 -0.915459
-0.298368 -0.340552
-0.831363 -2.134568
0.236095 4.059237
-1.099044 -4.227180
-0.707807 -2.448649
-0.734739 -1.833403
-0.681039 -2.136693
-0.193462 -0.691049
0.128046 0.244107
0.536684 0.876496
-0.506598 -2.132963
-0.896353 -6.068539
-0.111231 -0.294557
-0.463631 -2.146720
1.064565 1.271990
0.265000 0.465543
-0.767406 -2.012923
-0.787789 -3.040891
-1.002693 -3.644541
-0.599324 -3.611806
-0.918214 -8.915862
0.248884 0.515259
-0.792918 -3.021660
1.242708 1.450306
-0.065965 -0.208303
-0.345132 -1.288097
0.010058 0.023157
-0.002014 -0.005787
-0.299517 -0.604732
-0.845268 -3.274257
0.595776 1.033451
-0.793707 -2.669334
-1.007564 -8.994202
-1.002099 -6.301649
-0.838807 -4.729997
-0.970016 -5.189589
-1.130504 -5.787071
-0.032736 -0.069572
-0.358794 -1.574346
-1.001443 -6.497898
0.107999 0.082327
-0.567018 -1.072418
