1.040979 2.152411
0.891211 2.141050
0.633078 1.895426
-0.127461 -0.523866
1.193837 2.050263
0.208024 1.367616
0.628119 2.085118
-0.194614 -1.962339
-0.069983 -1.424292
1.255435 2.125520
0.373531 1.704525
-0.387624 -3.491496
-0.072339 -0.272855
1.342235 2.386716
1.070674 2.170005
0.725366 2.160499
1.342255 2.217458
0.738175 2.136804
0.632179 2.080139
-0.213741 -1.033639
0.412272 1.976496
1.560902 2.218068
0.679808 1.971831
1.196040 2.244712
0.653490 2.226833
1.003823 2.127965
-0.335425 -2.225675
0.861535 1.952855
0.992532 2.232223
1.107986 2.071104
-0.178879 -0.890549
-0.278858 -0.611091
1.664007 2.219458
0.261082 1.748575
0.436799 2.022241
0.871650 1.984312
0.765309 2.154685
0.958258 -1.253233
-0.206668 -0.871016
-0.153867 -1.407504
-0.316911 1.969102
0.842321 -1.908328
-0.436434 -1.237643
-0.189227 2.041656
0.704486 1.915431
1.214179 -0.307908
-0.105682 -1.658280
-0.216187 -1.255538
