-0.418657 -1.364806
0.109985 0.194004
-0.207148 -0.494327
0.058702 0.107716
0.720644 0.811358
-0.554324 -2.453267
-0.186919 -0.451287
-0.417533 -1.355813
-0.143764 -0.379477
0.612404 0.897673
-0.455310 -1.599724
-0.317140 -0.892343
0.058764 0.107690
0.250512 0.453994
0.193327 0.315713
-0.007086 -0.013723
0.744911 0.846164
-0.162893 -0.378705
-0.131014 -0.293267
-0.470234 -3.797880
0.773513 0.844757
-0.184378 -0.502345
0.173729 0.285166
-0.300051 -0.854422
0.296109 0.430596
-0.022315 -0.044228
0.567164 0.700791
0.072287 0.153135
0.243549 0.384947
-0.155746 -0.369284
1.530111 1.194777
1.197054 1.074171
-0.626268 -3.167640
-0.226249 -0.566660
1.576364 0.460933
0.254984 0.257183
0.153853 0.401683
0.262591 -0.388953
-0.165224 -0.529318
-0.211835 0.593800
0.396308 0.159050
0.088861 0.726703
0.643702 -0.511471
-0.208132 0.299189
0.151738 0.798401
0.545437 0.518068
0.376544 -0.849009
-0.308187 -2.228715
