-0.189404 -0.523144
-0.027158 -0.034955
-0.020666 -0.053183
0.043071 0.172225
0.025714 0.096420
-0.283438 -0.533819
-0.385213 -0.806209
0.679310 1.252372
-0.840661 -0.720467
0.851545 1.400385
0.003352 0.004548
1.121132 1.833054
0.113267 0.291860
0.717162 1.244927
-0.210778 -0.416232
0.134881 0.412545
-1.161637 -1.314099
0.558896 0.631750
-0.147385 -0.642534
0.369766 1.516779
-0.311536 -0.731631
0.269627 1.345421
-1.090687 -0.903414
-0.687862 -0.682216
1.178310 1.981219
-0.962394 -1.873421
0.816384 1.401457
-0.306353 -0.704155
-0.468039 -1.753008
0.480256 0.847276
0.117347 0.643778
0.921447 0.814204
-0.629824 -1.149555
0.199395 0.673076
-0.397174 -0.256426
-0.986894 -2.155395
-0.351011 -0.479056
-0.447483 -0.967837
-0.376014 -0.244135
0.066847 0.122611
0.441703 1.623121
0.793602 2.048762
-0.061673 -0.080931
0.849978 1.977213
-1.407422 -2.254575
-0.658931 -0.917681
0.270018 1.201460
0.268451 0.707651
-0.484501 -0.645329
-0.669638 -0.661645
