-2.197771 -2.667038
-1.616827 -2.837895
-1.226198 -3.113668
0.219040 0.460887
0.879024 1.348150
-0.822002 -3.277931
-1.304115 -3.029452
-1.077892 -3.327772
0.429283 1.137794
1.073453 1.577918
0.259879 1.012124
-1.456146 -3.067464
0.543652 1.211192
0.689329 1.164715
0.774643 1.412823
-1.349993 -2.779676
1.198635 1.579105
0.130404 0.395844
-1.180136 -2.873058
0.495119 1.150406
-1.005233 -3.225644
1.445586 1.682584
-1.525688 -2.965218
-1.187762 -2.055519
-1.435608 -3.149453
0.726361 1.428648
0.667055 1.488460
0.662474 1.073961
-1.688924 -2.937753
0.978066 1.505407
-1.628886 -2.989187
1.699973 1.723781
-2.319412 -2.386170
-0.720972 -3.700916
0.058628 0.149761
0.627286 0.603847
-1.570686 -2.660209
0.447994 1.008268
-1.732108 -2.828691
0.338566 0.936966
0.145919 0.450485
1.022903 1.688893
0.546491 1.237664
-2.145566 -2.810973
0.424561 1.212784
-1.360926 -2.541698
1.048504 1.468652
0.766472 1.356781
-1.412508 -3.099205
0.044872 0.246395
