-1.294940 -2.220060
-1.043938 -0.878682
0.522549 1.174174
0.373005 0.536480
1.665069 1.625789
-0.574110 -0.865691
-0.408111 -0.409155
0.210915 0.693078
0.575342 1.115904
1.227596 1.349440
0.696266 1.616582
0.792200 1.611211
0.624136 1.019249
-1.952753 -1.902757
1.257058 1.622666
0.363020 0.611531
1.247334 1.157412
0.303954 0.616710
-0.222645 -0.172801
0.584179 0.886175
0.229425 3.957151
0.966312 0.866714
0.219036 0.329503
-0.482387 -0.348286
0.132308 0.219605
1.279952 1.745627
1.083492 1.674531
0.539781 0.517885
0.996102 1.588335
1.687501 1.799698
0.695505 1.230938
2.825785 1.951212
-1.974905 -0.951229
0.031537 0.146645
-0.641462 -1.008352
1.406750 0.980528
0.333830 0.372749
0.747154 1.171356
0.707781 0.904269
0.509333 1.003131
0.519505 1.087209
1.383463 1.679390
0.772749 1.215823
0.989423 1.193108
0.403950 0.828288
-0.509655 -0.402919
2.229604 1.917963
0.568926 0.693183
0.836786 1.664744
0.278547 0.969279
