1.151641 1.295171
2.084370 1.640065
1.345494 1.225869
2.015097 1.634202
3.988309 0.468071
0.488832 0.787861
1.494528 1.309023
0.596651 0.898933
1.766397 1.556500
3.758125 0.533418
0.599651 0.832788
1.020525 1.081720
2.152653 1.513458
3.063614 1.917233
2.839508 1.723163
1.897851 1.447644
3.999822 0.489194
1.490696 1.456423
1.685543 1.363907
2.595022 1.795194
0.810457 0.963969
3.999966 1.879869
1.595436 1.348813
2.429731 1.739507
1.540618 1.301965
2.675802 1.638197
2.470426 1.779497
3.462849 2.205656
2.131489 1.490227
3.442100 2.017407
1.891830 1.429642
3.999976 3.543210
4.000000 2.751264
0.025531 0.053466
1.607492 1.499300
3.999976 3.615921
2.770677 1.828005
2.414686 1.756918
2.891115 1.715948
1.840315 1.586528
1.451043 1.439993
2.741900 1.827919
2.547890 1.789825
3.801711 0.522122
1.467369 1.290631
2.365017 1.596568
3.999996 0.580333
3.236494 2.007618
1.345301 0.888369
