-0.575507 -2.745342
-0.619985 -2.991910
-0.484952 -1.894046
-0.367877 -1.176709
-0.025112 -0.055695
-0.746164 -5.807333
-0.487093 -2.850645
-0.721409 -5.179162
-0.509272 -2.088210
0.013235 0.026597
-0.647341 -3.720664
-0.638606 -3.523531
-0.397705 -1.331040
-0.218552 -0.600557
0.013528 0.029630
-0.591784 -2.806619
0.142739 0.256761
-0.516716 -2.183312
-0.498945 -1.998233
-0.358844 -1.136151
-0.670214 -4.129188
-0.131866 -0.305435
-0.400864 -1.355811
-0.385612 -1.256193
-0.525494 -2.232688
-0.268983 -0.772113
-0.310029 -0.916349
-0.192943 -0.485263
-0.359355 -1.133359
-0.041211 -0.087227
-0.542527 -2.351091
0.675252 0.835291
0.242964 0.422006
-0.806172 -8.345080
-0.534389 -2.279401
0.761451 0.894844
-0.252071 -0.684698
-0.282326 -0.796742
-0.401397 -1.335557
-0.504757 -2.175250
-0.520051 -2.182797
-0.254324 -0.692306
-0.116522 -0.268349
-0.069486 -0.151953
-0.541435 -2.395813
-0.388270 -1.276345
-0.127876 -0.291779
-0.174858 -0.431400
-0.450775 -1.661178
-0.689194 -4.460810
