-0.040165 -0.464026
-0.138257 -0.827219
0.145745 1.423927
-0.051400 -0.386949
0.296252 1.300004
-0.061676 -0.908899
0.024384 0.271174
-0.011127 -0.217418
0.021935 0.230127
-0.205384 -0.833248
0.109237 1.570591
-0.030208 -0.404019
-0.165914 -1.025536
-0.034414 -0.211142
0.013932 0.094497
0.046685 0.416881
-0.168229 -0.635263
0.090352 0.989211
-0.062841 -0.550362
0.017406 0.150277
-0.012713 -0.201413
-0.133345 -0.535244
0.026216 0.255671
-0.335835 -1.302430
0.018590 0.226950
0.027434 0.225245
0.107162 0.974194
-0.256249 -1.074094
0.076828 0.656675
-0.081224 -0.457174
-0.119518 -0.921416
0.171387 0.593998
-0.459945 -1.099964
-0.031973 -0.800852
-0.016875 -0.172756
0.229137 0.744996
-0.027446 -0.192613
0.118694 0.931481
-0.362942 -1.111194
0.020495 0.216817
-0.007643 -0.087058
-0.011908 -0.076445
0.057190 0.479378
0.151046 0.902150
-0.017232 -0.188538
-0.126484 -0.783815
0.026838 0.112948
-0.037517 -0.243221
0.135955 1.424618
0.025451 0.524415
