1.803260 1.316919
1.531402 1.265167
0.763972 1.039040
1.552566 1.466276
2.812947 1.639771
0.149037 0.307808
1.122570 1.063757
0.285951 0.450160
1.071455 1.050432
2.966260 1.683338
0.213014 0.351662
0.642266 0.855517
1.579456 1.253159
2.127218 1.448414
1.943085 1.607970
1.039604 1.069320
3.073156 1.875198
0.792756 0.903494
1.098482 1.081506
1.620042 1.511988
0.316094 0.486040
3.668521 0.534804
1.137149 1.097821
1.795563 1.346083
1.116558 1.050501
1.958556 1.355972
1.701495 1.256210
2.174155 1.477134
1.391071 1.193927
2.223645 1.693093
1.318991 1.155523
3.999076 0.587791
3.792347 0.519756
-0.190228 -0.480840
1.129388 1.077838
3.999980 0.551828
1.923892 1.383867
1.639167 1.262427
1.993693 1.441180
1.234300 1.093478
0.811147 0.914872
1.989918 1.390582
1.671602 1.286070
2.874624 1.632720
0.925866 0.975506
-3.924592 -3.386516
2.984258 1.713109
1.722018 1.355686
0.995944 0.978881
0.241780 0.382935
