-0.882713 -1.943049
-0.723619 -1.423511
-0.881577 -2.413650
0.783744 1.726402
-1.558330 -2.209989
-0.348740 -1.570206
-0.668337 -1.718535
-0.630739 -2.421416
-0.914593 -2.132715
-1.399553 -1.997540
-0.768928 -2.609551
0.626034 1.929961
-1.093589 -2.169082
0.868333 1.564574
-1.465877 -2.392575
-0.959615 -2.074239
-1.366351 -1.613834
-0.692094 -1.823252
-0.539065 -1.459279
0.654037 1.556037
-0.561634 -2.224605
1.373355 1.779258
-0.862686 -2.014080
-0.538863 -1.265205
-1.024820 -2.521980
0.948451 1.957159
-1.142626 -2.374269
-1.239138 -1.761211
-0.785910 -1.690230
0.852909 1.484876
-0.646251 -1.354121
-1.801372 -1.911090
-1.575338 -1.574436
-0.259634 -1.471906
0.653531 1.744300
1.321993 1.432381
-1.108470 -2.002223
-1.327412 -2.429266
-1.433488 -2.400405
0.562972 1.604959
-0.812487 -2.108419
-1.651950 -2.505933
-1.070901 -2.192648
-1.804273 -2.447888
-0.829717 -2.140660
-0.652845 -1.300462
1.206698 1.668438
-1.034360 -1.674329
-0.830938 -2.443695
-0.627007 -2.477620
