-0.076228 -0.454981
0.262720 0.641745
-0.134102 -1.158453
-0.268990 -1.471173
-0.163943 -0.593597
0.075342 0.677158
-0.034206 -0.265714
-0.006275 -0.085682
-0.093016 -0.680024
0.103583 0.320593
-0.153814 -1.693565
-0.171754 -1.505361
0.019570 0.110378
-0.023529 -0.097973
-0.100256 -0.490016
-0.127148 -0.842941
0.157442 0.382182
-0.062009 -0.504608
0.160490 0.710765
-0.138427 -0.828331
0.020747 0.232849
0.125935 0.302583
-0.087573 -0.595970
0.179941 0.638762
-0.240557 -1.648143
-0.139100 -0.808830
-0.293873 -1.639515
1.381871 2.352384
-0.087640 -0.570978
-0.189437 -0.814685
-0.065698 -0.461526
-0.602286 -1.475893
0.002128 0.044125
-0.115610 -0.847052
0.297210 0.403067
0.167758 0.560848
-0.194229 -1.114375
-0.131722 -0.647027
-0.154374 -1.128443
0.051434 0.385704
-0.243553 -1.149631
-0.056230 -0.327100
-0.440677 -1.678766
-0.203333 -1.478608
0.030472 0.147499
-0.224988 -0.778586
0.044796 0.189465
-0.150669 -1.307617
-0.047369 -0.729144
