-0.463426 -0.342618
-0.526928 -0.590010
0.759021 1.714580
-0.048135 -0.039732
-1.555596 -1.120190
-0.275608 -0.510754
-0.258571 -0.399465
-0.614544 -1.653658
0.101016 0.110332
-0.708168 -0.366874
0.649128 1.985692
0.534872 1.313290
0.005017 0.003443
-1.137313 -0.878129
-1.466942 -1.426888
0.334239 0.392973
-0.577104 -0.514257
0.422691 0.802813
-0.221706 -0.239230
0.719519 1.095390
-0.318785 -0.472131
1.145754 0.996924
-0.834185 -0.942773
-0.429616 -0.691633
-0.849093 -1.466524
0.350686 0.396123
0.314082 0.391477
-0.533500 -0.560480
0.298734 0.393443
1.591795 1.815483
-0.178150 -0.190399
-2.032314 -1.198202
-0.467081 -0.303498
-0.098397 -0.406470
-0.147255 -0.087329
-0.794539 -0.242592
-0.336921 -0.262205
0.907375 1.409218
0.694992 0.801662
0.822388 1.619111
0.076198 0.105670
-1.639179 -1.818105
-0.665490 -0.450555
0.850627 0.978202
-0.340852 -0.188817
-0.363244 -0.500851
-2.172790 -1.791041
0.085594 0.054606
-1.043555 -2.011294
0.499263 1.765534
