0.402378 -0.005786
-0.002106 -0.840200
-0.243937 -9.678233
-0.923941 -3.601317
-0.756843 -1.036406
-0.385210 -0.238912
-0.082881 -0.915459
-0.577184 -0.340552
-0.298368 -2.134568
-0.831363 4.059237
0.236095 -4.227180
-1.099044 -2.448649
-0.707807 -1.833403
-0.734739 -2.136693
-0.681039 -0.691049
-0.193462 0.244107
0.128046 0.876496
0.536684 -2.132963
-0.506598 -6.068539
-0.896353 -0.294557
-0.111231 -2.146720
-0.463631 1.271990
1.064565 0.465543
0.265000 -2.012923
-0.767406 -3.040891
-0.787789 -3.644541
-1.002693 -3.611806
-0.599324 -8.915862
-0.918214 0.515259
0.248884 -3.021660
-0.792918 1.450306
1.242708 -0.208303
-0.065965 -1.288097
-0.345132 0.023157
0.010058 -0.005787
-0.002014 -0.604732
-0.299517 -3.274257
-0.845268 1.033451
0.595776 -2.669334
-0.793707 -8.994202
-1.007564 -6.301649
-1.002099 -4.729997
-0.838807 -5.189589
-0.970016 -5.787071
-1.130504 -0.069572
-0.032736 -1.574346
-0.358794 -6.497898
-1.001443 0.082327
0.107999 -1.072418
