-1.867093 3.529358
-1.783182 3.219804
-1.725408 3.014936
-1.678448 2.853374
-1.637842 2.717260
-1.601549 2.598418
-1.568430 2.492292
-1.537776 2.396034
-1.509105 2.307721
-1.482077 2.225987
-1.456438 2.149815
-1.431994 2.078427
-1.408591 2.011210
-1.386107 1.947674
-1.364441 1.887415
-1.343511 1.830100
-1.323245 1.775448
-1.303585 1.723220
-1.284479 1.673212
-1.265882 1.625245
-1.247757 1.579164
-1.230068 1.534834
-1.212787 1.492132
-1.195885 1.450952
-1.179340 1.411198
-1.163128 1.372782
-1.147232 1.335628
-1.131633 1.299664
-1.116315 1.264825
-1.101263 1.231054
-1.086464 1.198296
-1.071906 1.166502
-1.057578 1.135626
-1.043468 1.105627
-1.029567 1.076464
-1.015866 1.048103
-1.002357 1.020509
-0.989032 0.993651
-0.975883 0.967501
-0.962904 0.942029
-0.950088 0.917233
-0.937430 0.893045
-0.924923 0.869464
-0.912562 0.846469
-0.900343 0.824039
-0.888260 0.802156
-0.876309 0.780802
-0.864487 0.759960
-0.852787 0.739614
-0.841208 0.719749
-0.829746 0.700349
-0.818396 0.681402
-0.807156 0.662894
-0.796022 0.644812
-0.784992 0.627146
-0.774063 0.609882
-0.763232 0.593011
-0.752496 0.576523
-0.741853 0.560407
-0.731301 0.544653
-0.720837 0.529253
-0.710459 0.514198
-0.700166 0.499479
-0.689954 0.485089
-0.679822 0.471020
-0.669769 0.457264
-0.659792 0.443814
-0.649890 0.430663
-0.640060 0.417805
-0.630303 0.405234
-0.620615 0.392942
-0.610996 0.380924
-0.601444 0.369175
-0.591957 0.357689
-0.582535 0.346461
-0.573176 0.335485
-0.563878 0.324756
-0.554641 0.314270
-0.545464 0.304021
-0.536345 0.294006
-0.527283 0.284220
-0.518277 0.274659
-0.509326 0.265318
-0.500429 0.256194
-0.491586 0.247282
-0.482794 0.238580
-0.474054 0.230083
-0.465364 0.221787
-0.456724 0.213690
-0.448133 0.205787
-0.439589 0.198077
-0.431092 0.190554
-0.422642 0.183218
-0.414237 0.176063
-0.405877 0.169089
-0.397561 0.162290
-0.389289 0.155666
-0.381059 0.149213
-0.372872 0.142929
-0.364726 0.136810
-0.356620 0.130855
-0.348555 0.125061
-0.340530 0.119426
-0.332543 0.113947
-0.324596 0.108622
-0.316686 0.103450
-0.308813 0.098427
-0.300977 0.093551
-0.293178 0.088821
-0.285415 0.084235
-0.277687 0.079790
-0.269993 0.075485
-0.262335 0.071318
-0.254710 0.067287
-0.247119 0.063390
-0.239560 0.059626
-0.232035 0.055992
-0.224541 0.052487
-0.217080 0.049110
-0.209650 0.045858
-0.202251 0.042731
-0.194882 0.039726
-0.187544 0.036842
-0.180236 0.034079
-0.172957 0.031433
-0.165708 0.028904
-0.158487 0.026491
-0.151295 0.024191
-0.144130 0.022004
-0.136994 0.019929
-0.129885 0.017964
-0.122804 0.016107
-0.115749 0.014358
-0.108721 0.012716
-0.101719 0.011179
-0.094743 0.009745
-0.087793 0.008415
-0.080868 0.007186
-0.073968 0.006058
-0.067094 0.005030
-0.060243 0.004100
-0.053418 0.003267
-0.046616 0.002531
-0.039838 0.001890
-0.033083 0.001343
-0.026352 0.000890
-0.019644 0.000530
-0.012959 0.000260
-0.006297 0.000082
0.000343 -0.000007
0.003655 0.000000
0.006967 -0.000007
0.013607 0.000081
0.020269 0.000260
0.026954 0.000528
0.033662 0.000889
0.040394 0.001342
0.047148 0.001888
0.053926 0.002528
0.060728 0.003264
0.067554 0.004097
0.074404 0.005026
0.081279 0.006055
0.088178 0.007182
0.095103 0.008411
0.102053 0.009741
0.109029 0.011174
0.116031 0.012711
0.123059 0.014353
0.130114 0.016101
0.137195 0.017957
0.144304 0.019922
0.151441 0.021997
0.158605 0.024184
0.165797 0.026483
0.173018 0.028896
0.180267 0.031424
0.187546 0.034070
0.194854 0.036833
0.202192 0.039716
0.209561 0.042720
0.216960 0.045847
0.224390 0.049098
0.231852 0.052475
0.239345 0.055979
0.246870 0.059613
0.254429 0.063377
0.262020 0.067273
0.269645 0.071304
0.277304 0.075470
0.284997 0.079774
0.292725 0.084218
0.300488 0.088804
0.308288 0.093533
0.316123 0.098407
0.323996 0.103430
0.331906 0.108601
0.339854 0.113925
0.347840 0.119403
0.355865 0.125037
0.363930 0.130830
0.372036 0.136784
0.380182 0.142901
0.388369 0.149184
0.396599 0.155636
0.404871 0.162259
0.413187 0.169056
0.421547 0.176029
0.429952 0.183181
0.438402 0.190517
0.446899 0.198037
0.455443 0.205746
0.464034 0.213646
0.472675 0.221741
0.481364 0.230035
0.490105 0.238530
0.498896 0.247230
0.507740 0.256139
0.516636 0.265261
0.525587 0.274599
0.534593 0.284158
0.543655 0.293941
0.552774 0.303953
0.561952 0.314199
0.571188 0.324682
0.580486 0.335408
0.589845 0.346381
0.599267 0.357606
0.608754 0.369088
0.618306 0.380834
0.627925 0.392847
0.637613 0.405135
0.647371 0.417703
0.657200 0.430557
0.667102 0.443703
0.677079 0.457148
0.687132 0.470900
0.697264 0.484965
0.707476 0.499350
0.717769 0.514063
0.728147 0.529113
0.738611 0.544508
0.749163 0.560256
0.759806 0.576367
0.770542 0.592849
0.781373 0.609714
0.792302 0.626971
0.803332 0.644631
0.814466 0.662706
0.825706 0.681207
0.837056 0.700147
0.848519 0.719539
0.860098 0.739397
0.871797 0.759735
0.883620 0.780569
0.895570 0.801914
0.907653 0.823788
0.919872 0.846208
0.932233 0.869194
0.944740 0.892765
0.957398 0.916943
0.970214 0.941751
0.983193 0.967212
0.996342 0.993352
1.009667 1.020199
1.023176 1.047781
1.036877 1.076130
1.050778 1.105280
1.064888 1.135267
1.079216 1.166129
1.093774 1.197909
1.108573 1.230652
1.123625 1.264408
1.138943 1.299231
1.154542 1.335178
1.170438 1.372315
1.186650 1.410712
1.203195 1.450400
1.220097 1.491559
1.237379 1.534239
1.255067 1.578546
1.273192 1.624602
1.291789 1.672544
1.310895 1.722525
1.330555 1.774724
1.350821 1.829345
1.371751 1.886628
1.393417 1.946852
1.415901 2.010352
1.439304 2.077529
1.463748 2.148874
1.489388 2.225000
1.516416 2.306684
1.545086 2.394940
1.575741 2.491137
1.608859 2.597194
1.645152 2.715956
1.685758 2.851977
1.732718 3.013426
1.790492 3.218148
1.874403 3.527470
