-1.865814 3.486392
-1.782064 3.180463
-1.724403 2.977995
-1.677533 2.818327
-1.637005 2.683810
-1.600782 2.566364
-1.567727 2.461485
-1.537132 2.366358
-1.508517 2.279085
-1.481541 2.198313
-1.455951 2.123038
-1.431554 2.052578
-1.408196 1.986152
-1.385755 1.923364
-1.364132 1.863815
-1.343241 1.807176
-1.323015 1.753169
-1.303392 1.701558
-1.284323 1.652140
-1.265763 1.604741
-1.247672 1.559205
-1.230018 1.515400
-1.212770 1.473204
-1.195901 1.432513
-1.179387 1.393230
-1.163207 1.355271
-1.147341 1.318558
-1.131772 1.283022
-1.116483 1.248598
-1.101461 1.215230
-1.086691 1.182862
-1.072161 1.151448
-1.057860 1.120941
-1.043777 1.091300
-1.029903 1.062487
-1.016229 1.034465
-1.002746 1.007203
-0.989446 0.980667
-0.976323 0.954831
-0.963369 0.929666
-0.950578 0.905148
-0.937944 0.881252
-0.925461 0.857957
-0.913124 0.835242
-0.900928 0.813085
-0.888869 0.791470
-0.876941 0.770378
-0.865141 0.749791
-0.853465 0.729696
-0.841908 0.710075
-0.830467 0.690916
-0.819139 0.672204
-0.807921 0.653927
-0.796809 0.636071
-0.785800 0.618626
-0.774892 0.601580
-0.764082 0.584922
-0.753367 0.568642
-0.742744 0.552730
-0.732212 0.537177
-0.721769 0.521974
-0.711411 0.507112
-0.701137 0.492583
-0.690945 0.478379
-0.680833 0.464492
-0.670799 0.450914
-0.660841 0.437640
-0.650958 0.424661
-0.641148 0.411972
-0.631409 0.399565
-0.621740 0.387436
-0.612139 0.375578
-0.602605 0.363985
-0.593137 0.352652
-0.583733 0.341573
-0.574392 0.330744
-0.565113 0.320160
-0.555893 0.309815
-0.546734 0.299705
-0.537632 0.289826
-0.528588 0.280173
-0.519599 0.270742
-0.510666 0.261529
-0.501786 0.252530
-0.492959 0.243741
-0.484185 0.235158
-0.475462 0.226779
-0.466789 0.218598
-0.458165 0.210613
-0.449590 0.202821
-0.441063 0.195217
-0.432583 0.187800
-0.424148 0.180566
-0.415760 0.173534
-0.407416 0.166657
-0.399116 0.159954
-0.390860 0.153424
-0.382646 0.147062
-0.374474 0.140866
-0.366344 0.134834
-0.358254 0.128964
-0.350205 0.123252
-0.342195 0.117697
-0.334224 0.112296
-0.326291 0.107048
-0.318397 0.101949
-0.310539 0.096998
-0.302719 0.092192
-0.294934 0.087531
-0.287186 0.083010
-0.279473 0.078630
-0.271794 0.074387
-0.264150 0.070280
-0.256540 0.066307
-0.248964 0.062466
-0.241420 0.058756
-0.233909 0.055175
-0.226430 0.051721
-0.218983 0.048393
-0.211567 0.045189
-0.204182 0.042107
-0.196828 0.039146
-0.189504 0.036304
-0.182210 0.033581
-0.174945 0.030974
-0.167710 0.028482
-0.160503 0.026104
-0.153324 0.023838
-0.146174 0.021683
-0.139052 0.019638
-0.131956 0.017702
-0.124889 0.015872
-0.117847 0.014149
-0.110833 0.012531
-0.103844 0.011016
-0.096882 0.009604
-0.089945 0.008293
-0.083034 0.007082
-0.076147 0.005970
-0.069286 0.004957
-0.062449 0.004040
-0.055636 0.003220
-0.048847 0.002494
-0.042083 0.001863
-0.035341 0.001324
-0.028623 0.000878
-0.021928 0.000522
-0.015256 0.000257
-0.008606 0.000081
-0.001979 -0.000007
0.001326 0.000000
0.004632 -0.000008
0.011259 0.000079
0.017909 0.000255
0.024581 0.000520
0.031276 0.000874
0.037994 0.001320
0.044735 0.001858
0.051500 0.002489
0.058289 0.003214
0.065102 0.004033
0.071939 0.004949
0.078800 0.005962
0.085687 0.007072
0.092598 0.008282
0.099535 0.009592
0.106497 0.011004
0.113486 0.012518
0.120500 0.014135
0.127541 0.015857
0.134609 0.017686
0.141704 0.019621
0.148827 0.021665
0.155977 0.023819
0.163156 0.026084
0.170362 0.028461
0.177598 0.030952
0.184863 0.033558
0.192157 0.036281
0.199481 0.039121
0.206835 0.042081
0.214220 0.045162
0.221636 0.048365
0.229083 0.051692
0.236562 0.055145
0.244073 0.058724
0.251616 0.062433
0.259193 0.066272
0.266803 0.070244
0.274447 0.074349
0.282126 0.078591
0.289839 0.082970
0.297587 0.087489
0.305371 0.092149
0.313192 0.096953
0.321049 0.101903
0.328944 0.107000
0.336877 0.112218
0.344848 0.117617
0.352858 0.123170
0.360907 0.128879
0.368997 0.134747
0.377127 0.140777
0.385299 0.146970
0.393513 0.153330
0.401769 0.159858
0.410069 0.166559
0.418413 0.173433
0.426801 0.180485
0.435235 0.187716
0.443716 0.195131
0.452243 0.202732
0.460818 0.210521
0.469442 0.218504
0.478115 0.226682
0.486838 0.235059
0.495612 0.243639
0.504439 0.252425
0.513318 0.261421
0.522252 0.270632
0.531241 0.280060
0.540285 0.289710
0.549387 0.299586
0.558546 0.309692
0.567765 0.320034
0.577045 0.330615
0.586386 0.341441
0.595790 0.352516
0.605258 0.363845
0.614792 0.375435
0.624393 0.387290
0.634062 0.399415
0.643801 0.411818
0.653611 0.424503
0.663494 0.437478
0.673452 0.450749
0.683486 0.464322
0.693598 0.478206
0.703790 0.492406
0.714064 0.506931
0.724422 0.521789
0.734865 0.536987
0.745397 0.552536
0.756019 0.568443
0.766735 0.584719
0.777545 0.601372
0.788453 0.618414
0.799462 0.635854
0.810574 0.653705
0.821792 0.671978
0.833120 0.690685
0.844561 0.709839
0.856117 0.729454
0.867794 0.749545
0.879594 0.770126
0.891522 0.791213
0.903581 0.812823
0.915777 0.834974
0.928114 0.857684
0.940597 0.880973
0.953231 0.904863
0.966022 0.929375
0.978976 0.954534
0.992099 0.980364
1.005399 1.006893
1.018882 1.034149
1.032556 1.062164
1.046430 1.090970
1.060513 1.120604
1.074814 1.151104
1.089344 1.182511
1.104114 1.214871
1.119136 1.248232
1.134425 1.282647
1.149994 1.318175
1.165860 1.354880
1.182040 1.392830
1.198554 1.432104
1.215423 1.472786
1.232671 1.514972
1.250325 1.558768
1.268416 1.604293
1.286976 1.651682
1.306045 1.701088
1.325668 1.752688
1.345894 1.806683
1.366784 1.863310
1.388408 1.922846
1.410849 1.985621
1.434207 2.052032
1.458604 2.122566
1.484194 2.197826
1.511170 2.278584
1.539785 2.365841
1.570380 2.460950
1.603435 2.565810
1.639658 2.683169
1.680186 2.817658
1.727055 2.977294
1.784717 3.179721
1.868467 3.485589
