-1.828471 3.536635
-1.745673 3.226257
-1.688667 3.020858
-1.642330 2.858887
-1.602263 2.722435
-1.566451 2.603304
-1.533773 2.497021
-1.503525 2.400531
-1.475235 2.312009
-1.448566 2.230083
-1.423267 2.153734
-1.399147 2.082182
-1.376055 2.014813
-1.353869 1.951134
-1.332491 1.890742
-1.311838 1.833301
-1.291842 1.778530
-1.272442 1.726190
-1.253590 1.676075
-1.235240 1.628007
-1.217355 1.581830
-1.199902 1.537407
-1.182850 1.494618
-1.166172 1.453354
-1.149846 1.413520
-1.133850 1.375027
-1.118165 1.337799
-1.102772 1.301764
-1.087658 1.266857
-1.072806 1.233021
-1.058204 1.200199
-1.043839 1.168345
-1.029700 1.137410
-1.015778 1.107354
-1.002062 1.078137
-0.988543 1.049724
-0.975213 1.022079
-0.962065 0.995172
-0.949090 0.968974
-0.936284 0.943457
-0.923638 0.918595
-0.911147 0.894365
-0.898807 0.870742
-0.886610 0.847708
-0.874553 0.825240
-0.862630 0.803320
-0.850838 0.781930
-0.839172 0.761053
-0.827628 0.740673
-0.816203 0.720775
-0.804893 0.701343
-0.793693 0.682365
-0.782603 0.663827
-0.771617 0.645716
-0.760733 0.628021
-0.749949 0.610731
-0.739262 0.593833
-0.728668 0.577362
-0.718167 0.561219
-0.707755 0.545440
-0.697430 0.530015
-0.687189 0.514936
-0.677032 0.500194
-0.666956 0.485781
-0.656959 0.471690
-0.647039 0.457913
-0.637194 0.444442
-0.627424 0.431271
-0.617725 0.418393
-0.608097 0.405802
-0.598538 0.393492
-0.589046 0.381456
-0.579621 0.369690
-0.570260 0.358186
-0.560963 0.346941
-0.551728 0.335949
-0.542554 0.325204
-0.533440 0.314703
-0.524384 0.304439
-0.515386 0.294410
-0.506444 0.284610
-0.497558 0.275035
-0.488726 0.265681
-0.479947 0.256543
-0.471221 0.247619
-0.462546 0.238904
-0.453922 0.230395
-0.445348 0.222088
-0.436822 0.213979
-0.428345 0.206066
-0.419914 0.198344
-0.411530 0.190812
-0.403192 0.183465
-0.394899 0.176301
-0.386650 0.169316
-0.378445 0.162509
-0.370282 0.155875
-0.362162 0.149413
-0.354083 0.143120
-0.346045 0.136993
-0.338047 0.131030
-0.330089 0.125228
-0.322170 0.119585
-0.314290 0.114099
-0.306447 0.108767
-0.298642 0.103587
-0.290874 0.098557
-0.283143 0.093675
-0.275447 0.088939
-0.267786 0.084346
-0.260161 0.079896
-0.252570 0.075585
-0.245013 0.071412
-0.237489 0.067375
-0.229999 0.063473
-0.222541 0.059703
-0.215115 0.056085
-0.207721 0.052574
-0.200359 0.049190
-0.193027 0.045933
-0.185726 0.042799
-0.178456 0.039789
-0.171215 0.036900
-0.164004 0.034131
-0.156822 0.031480
-0.149668 0.028947
-0.142543 0.026529
-0.135447 0.024225
-0.128378 0.022035
-0.121336 0.019956
-0.114322 0.017987
-0.107334 0.016128
-0.100373 0.014376
-0.093438 0.012731
-0.086529 0.011192
-0.079646 0.009757
-0.072788 0.008425
-0.065955 0.007195
-0.059147 0.006066
-0.052363 0.005037
-0.045604 0.004106
-0.038869 0.003272
-0.032157 0.002535
-0.025469 0.001894
-0.018804 0.001346
-0.012163 0.000893
-0.005544 0.000531
0.001053 0.000262
0.007627 0.000082
0.014179 -0.000007
0.017446 0.000000
0.020714 -0.000008
0.027266 0.000081
0.033840 0.000259
0.040437 0.000527
0.047055 0.000888
0.053697 0.001341
0.060362 0.001887
0.067050 0.002528
0.073761 0.003264
0.080497 0.004096
0.087256 0.005027
0.094040 0.006055
0.100848 0.007184
0.107680 0.008413
0.114538 0.009744
0.121422 0.011178
0.128331 0.012716
0.135266 0.014360
0.142227 0.016109
0.149214 0.017967
0.156229 0.019933
0.163270 0.022010
0.170339 0.024198
0.177436 0.026499
0.184561 0.028914
0.191714 0.031445
0.198897 0.034092
0.206108 0.036858
0.213349 0.039744
0.220619 0.042751
0.227920 0.045880
0.235252 0.049134
0.242614 0.052463
0.250008 0.055968
0.257434 0.059603
0.264891 0.063368
0.272382 0.067265
0.279906 0.071297
0.287463 0.075465
0.295054 0.079770
0.302679 0.084215
0.310340 0.088802
0.318035 0.093533
0.325767 0.098409
0.333535 0.103432
0.341340 0.108606
0.349182 0.113931
0.357063 0.119410
0.364982 0.125046
0.372940 0.130840
0.380937 0.136796
0.388975 0.142915
0.397054 0.149199
0.405175 0.155653
0.413337 0.162277
0.421543 0.169075
0.429792 0.176050
0.438085 0.183205
0.446423 0.190541
0.454807 0.198063
0.463237 0.205774
0.471715 0.213676
0.480241 0.221773
0.488815 0.230068
0.497439 0.238565
0.506114 0.247266
0.514840 0.256177
0.523619 0.265300
0.532451 0.274640
0.541337 0.284200
0.550279 0.293985
0.559277 0.303999
0.568333 0.314246
0.577447 0.324692
0.586621 0.335418
0.595856 0.346391
0.605153 0.357617
0.614514 0.369099
0.623939 0.380845
0.633431 0.392859
0.642990 0.405146
0.652618 0.417714
0.662316 0.430567
0.672087 0.443713
0.681932 0.457158
0.691852 0.470909
0.701849 0.484973
0.711925 0.499357
0.722082 0.514070
0.732322 0.529119
0.742647 0.544512
0.753060 0.560258
0.763561 0.576367
0.774154 0.592848
0.784842 0.609711
0.795626 0.626965
0.806510 0.644623
0.817495 0.662695
0.828586 0.681193
0.839785 0.700130
0.851096 0.719519
0.862521 0.739373
0.874065 0.759707
0.885731 0.780536
0.897523 0.801877
0.909446 0.823746
0.921503 0.846161
0.933699 0.869141
0.946040 0.892706
0.958531 0.916878
0.971176 0.941678
0.983983 0.967132
0.996957 0.993264
1.010106 1.020102
1.023435 1.047675
1.036954 1.076015
1.050671 1.105155
1.064593 1.135131
1.078732 1.165981
1.093096 1.197749
1.107699 1.230479
1.122550 1.264221
1.137665 1.299028
1.153057 1.334960
1.168743 1.372080
1.184739 1.410459
1.201065 1.450175
1.217742 1.491314
1.234795 1.533973
1.252248 1.578258
1.270133 1.624290
1.288482 1.672205
1.307335 1.722159
1.326734 1.774328
1.346731 1.828917
1.367384 1.886165
1.388762 1.946351
1.410947 2.009810
1.434040 2.076942
1.458160 2.148238
1.483459 2.224310
1.510128 2.305934
1.538418 2.394124
1.568665 2.490246
1.601344 2.596217
1.637156 2.714880
1.677223 2.850782
1.723560 3.012084
1.780566 3.216481
1.863364 3.525479
