-1.873570 3.512197
-1.789466 3.203681
-1.731561 2.999509
-1.684493 2.838503
-1.643794 2.702864
-1.607417 2.584440
-1.574223 2.478692
-1.543498 2.382778
-1.514762 2.294786
-1.487672 2.213350
-1.461974 2.137459
-1.437474 2.066336
-1.414017 1.999371
-1.391482 1.936075
-1.369766 1.876045
-1.348788 1.818951
-1.328476 1.764510
-1.308770 1.712486
-1.289621 1.662675
-1.270982 1.614899
-1.252815 1.569002
-1.235086 1.524850
-1.217765 1.482322
-1.200824 1.441311
-1.184241 1.401828
-1.167992 1.363570
-1.152059 1.326568
-1.136424 1.290753
-1.121071 1.256061
-1.105985 1.222432
-1.091152 1.189813
-1.076561 1.158156
-1.062200 1.127413
-1.048058 1.097545
-1.034125 1.068511
-1.020393 1.040275
-1.006853 1.012805
-0.993497 0.986068
-0.980318 0.960037
-0.967309 0.934683
-0.954464 0.909981
-0.941777 0.885908
-0.929241 0.862440
-0.916852 0.839557
-0.904605 0.817239
-0.892494 0.795467
-0.880516 0.774223
-0.868666 0.753490
-0.856940 0.733253
-0.845335 0.713495
-0.833846 0.694202
-0.822470 0.675362
-0.811204 0.656960
-0.800045 0.638984
-0.788990 0.621423
-0.778036 0.604264
-0.767179 0.587497
-0.756419 0.571113
-0.745752 0.555100
-0.735175 0.539449
-0.724688 0.524178
-0.714286 0.509225
-0.703969 0.494607
-0.693734 0.480317
-0.683579 0.466348
-0.673502 0.452691
-0.663502 0.439340
-0.653577 0.426288
-0.643726 0.413527
-0.633946 0.401053
-0.624236 0.388858
-0.614595 0.376936
-0.605021 0.365282
-0.595512 0.353891
-0.586069 0.342756
-0.576688 0.331873
-0.567369 0.321236
-0.558111 0.310841
-0.548913 0.300683
-0.539773 0.290758
-0.530690 0.281061
-0.521663 0.271587
-0.512692 0.262334
-0.503775 0.253295
-0.494911 0.244469
-0.486099 0.235850
-0.477339 0.227436
-0.468630 0.219223
-0.459970 0.211206
-0.451358 0.203383
-0.442795 0.195751
-0.434279 0.188307
-0.425809 0.181046
-0.417385 0.173967
-0.409006 0.167066
-0.400671 0.160341
-0.392380 0.153788
-0.384131 0.147405
-0.375925 0.141190
-0.367760 0.135139
-0.359636 0.129251
-0.351553 0.123522
-0.343509 0.117951
-0.335504 0.112535
-0.327538 0.107271
-0.319610 0.102158
-0.311719 0.097194
-0.303866 0.092376
-0.296049 0.087702
-0.288267 0.083170
-0.280522 0.078779
-0.272811 0.074526
-0.265135 0.070409
-0.257492 0.066427
-0.249884 0.062577
-0.242308 0.058859
-0.234765 0.055270
-0.227255 0.051809
-0.219776 0.048474
-0.212329 0.045263
-0.204913 0.042175
-0.197528 0.039208
-0.190173 0.036361
-0.182848 0.033633
-0.175552 0.031021
-0.168286 0.028524
-0.161049 0.026142
-0.153840 0.023872
-0.146659 0.021714
-0.139507 0.019665
-0.132382 0.017726
-0.125284 0.015893
-0.118213 0.014168
-0.111169 0.012547
-0.104151 0.011030
-0.097159 0.009615
-0.090193 0.008302
-0.083252 0.007090
-0.076337 0.005977
-0.069446 0.004962
-0.062580 0.004044
-0.055739 0.003223
-0.048921 0.002497
-0.042128 0.001864
-0.035358 0.001325
-0.028611 0.000878
-0.021888 0.000522
-0.015188 0.000257
-0.008510 0.000080
-0.001855 -0.000007
0.001465 0.000000
0.004784 -0.000007
0.011439 0.000080
0.018117 0.000256
0.024817 0.000521
0.031541 0.000876
0.038287 0.001323
0.045057 0.001862
0.051851 0.002494
0.058668 0.003219
0.065510 0.004040
0.072375 0.004958
0.079266 0.005972
0.086181 0.007084
0.093122 0.008296
0.100088 0.009608
0.107080 0.011021
0.114098 0.012538
0.121142 0.014158
0.128213 0.015882
0.135311 0.017713
0.142436 0.019652
0.149589 0.021699
0.156769 0.023856
0.163978 0.026124
0.171215 0.028505
0.178482 0.031000
0.185777 0.033610
0.193102 0.036337
0.200457 0.039182
0.207842 0.042147
0.215258 0.045232
0.222705 0.048441
0.230184 0.051774
0.237695 0.055232
0.245237 0.058818
0.252813 0.062534
0.260422 0.066380
0.268064 0.070359
0.275740 0.074436
0.283451 0.078684
0.291197 0.083071
0.298978 0.087598
0.306795 0.092267
0.314649 0.097080
0.322539 0.102039
0.330467 0.107147
0.338434 0.112404
0.346438 0.117815
0.354482 0.123380
0.362566 0.129102
0.370689 0.134983
0.378854 0.141027
0.387060 0.147235
0.395309 0.153610
0.403600 0.160155
0.411935 0.166873
0.420314 0.173765
0.428738 0.180836
0.437208 0.188087
0.445724 0.195522
0.454288 0.203145
0.462899 0.210957
0.471559 0.218963
0.480269 0.227166
0.489029 0.235570
0.497840 0.244177
0.506704 0.252992
0.515621 0.262018
0.524593 0.271259
0.533619 0.280720
0.542702 0.290404
0.551842 0.300316
0.561040 0.310460
0.570298 0.320841
0.579617 0.331463
0.588998 0.342331
0.598442 0.353450
0.607950 0.364826
0.617524 0.376464
0.627165 0.388369
0.636875 0.400547
0.646655 0.413004
0.656507 0.425746
0.666432 0.438780
0.676431 0.452113
0.686508 0.465750
0.696663 0.479700
0.706898 0.493970
0.717215 0.508567
0.727617 0.523500
0.738105 0.538777
0.748681 0.554407
0.759348 0.570399
0.770109 0.586762
0.780965 0.603506
0.791919 0.620642
0.802974 0.638180
0.814133 0.656133
0.825399 0.674511
0.836775 0.693328
0.848264 0.712596
0.859870 0.732328
0.871596 0.752541
0.883446 0.773248
0.895424 0.794466
0.907534 0.816211
0.919781 0.838502
0.932170 0.861356
0.944706 0.884795
0.957393 0.908840
0.970239 0.933512
0.983247 0.958835
0.996426 0.984836
1.009782 1.011540
1.023322 1.038977
1.037054 1.067179
1.050987 1.096178
1.065129 1.126011
1.079490 1.156717
1.094082 1.188337
1.108914 1.220916
1.124000 1.254505
1.139354 1.289156
1.154989 1.324928
1.170921 1.361885
1.187170 1.400098
1.203754 1.439645
1.220694 1.480610
1.238015 1.523091
1.255744 1.567194
1.273911 1.613039
1.292550 1.660763
1.311700 1.710519
1.331405 1.762485
1.351717 1.816865
1.372696 1.873897
1.394411 1.933860
1.416947 1.997086
1.440403 2.063977
1.464904 2.135021
1.490601 2.210829
1.517691 2.292175
1.546427 2.379969
1.577152 2.475772
1.610347 2.581401
1.646723 2.699689
1.687422 2.835174
1.734490 2.995996
1.792395 3.199935
1.876500 3.508101
