-1.806953 3.533626
-1.725281 3.223474
-1.669049 3.018228
-1.623343 2.856379
-1.583820 2.720031
-1.548496 2.600991
-1.516261 2.494693
-1.486425 2.398282
-1.458520 2.309833
-1.432213 2.227975
-1.407258 2.151690
-1.383466 2.080199
-1.360688 2.012887
-1.338804 1.949262
-1.317716 1.888921
-1.297345 1.831529
-1.277620 1.776806
-1.258484 1.724511
-1.239888 1.674440
-1.221788 1.626413
-1.204147 1.580277
-1.186930 1.535894
-1.170110 1.493142
-1.153659 1.451915
-1.137555 1.412116
-1.121777 1.373658
-1.106305 1.336463
-1.091122 1.300460
-1.076212 1.265586
-1.061563 1.231779
-1.047159 1.198988
-1.032990 1.167163
-1.019043 1.136257
-1.005310 1.106228
-0.991780 1.077038
-0.978445 1.048651
-0.965297 1.021032
-0.952327 0.994243
-0.939529 0.968067
-0.926897 0.942572
-0.914423 0.917732
-0.902102 0.893522
-0.889929 0.869920
-0.877899 0.846905
-0.866005 0.824457
-0.854245 0.802556
-0.842613 0.781185
-0.831106 0.760326
-0.819719 0.739964
-0.808449 0.720083
-0.797292 0.700669
-0.786245 0.681708
-0.775305 0.663186
-0.764469 0.645092
-0.753733 0.627413
-0.743096 0.610138
-0.732554 0.593255
-0.722104 0.576756
-0.711746 0.560629
-0.701475 0.544865
-0.691290 0.529456
-0.681190 0.514391
-0.671171 0.499664
-0.661231 0.485265
-0.651370 0.471188
-0.641585 0.457424
-0.631874 0.443967
-0.622237 0.430809
-0.612670 0.417944
-0.603173 0.405366
-0.593743 0.393068
-0.584381 0.381044
-0.575084 0.369289
-0.565850 0.357798
-0.556680 0.346564
-0.547570 0.335583
-0.538521 0.324849
-0.529531 0.314358
-0.520598 0.304105
-0.511722 0.294086
-0.502902 0.284296
-0.494137 0.274730
-0.485425 0.265386
-0.476766 0.256258
-0.468158 0.247343
-0.459601 0.238637
-0.451094 0.230137
-0.442636 0.221838
-0.434227 0.213738
-0.425865 0.205833
-0.417549 0.198119
-0.409279 0.190595
-0.401054 0.183255
-0.392874 0.176099
-0.384737 0.169122
-0.376643 0.162321
-0.368591 0.155695
-0.360581 0.149282
-0.352612 0.142994
-0.344684 0.136872
-0.336795 0.130914
-0.328945 0.125116
-0.321134 0.119478
-0.313360 0.113997
-0.305625 0.108669
-0.297926 0.103493
-0.290263 0.098468
-0.282637 0.093590
-0.275046 0.088858
-0.267490 0.084269
-0.259968 0.079822
-0.252480 0.075515
-0.245026 0.071346
-0.237604 0.067313
-0.230216 0.063414
-0.222859 0.059647
-0.215534 0.056012
-0.208241 0.052505
-0.200979 0.049126
-0.193747 0.045873
-0.186545 0.042744
-0.179374 0.039738
-0.172231 0.036853
-0.165118 0.034087
-0.158034 0.031440
-0.150977 0.028910
-0.143949 0.026496
-0.136949 0.024195
-0.129976 0.022007
-0.123030 0.019930
-0.116111 0.017964
-0.109219 0.016107
-0.102352 0.014379
-0.095512 0.012733
-0.088697 0.011192
-0.081907 0.009755
-0.075142 0.008421
-0.068402 0.007189
-0.061687 0.006058
-0.054996 0.005027
-0.048328 0.004096
-0.041684 0.003262
-0.035064 0.002525
-0.028467 0.001885
-0.021893 0.001340
-0.015342 0.000888
-0.008813 0.000528
-0.002306 0.000260
0.004179 0.000082
0.010641 -0.000007
0.013865 0.000000
0.017088 -0.000007
0.023551 0.000081
0.030036 0.000259
0.036542 0.000528
0.043071 0.000888
0.049623 0.001340
0.056197 0.001886
0.062794 0.002527
0.069414 0.003263
0.076058 0.004095
0.082725 0.005025
0.089416 0.006054
0.096132 0.007182
0.102872 0.008410
0.109637 0.009741
0.116426 0.011175
0.123241 0.012713
0.130082 0.014356
0.136948 0.016105
0.143841 0.017962
0.150760 0.019928
0.157706 0.022005
0.164679 0.024192
0.171679 0.026448
0.178707 0.028860
0.185763 0.031387
0.192848 0.034031
0.199961 0.036793
0.207103 0.039675
0.214275 0.042677
0.221477 0.045803
0.228708 0.049052
0.235971 0.052427
0.243264 0.055929
0.250589 0.059561
0.257945 0.063323
0.265334 0.067217
0.272755 0.071245
0.280210 0.075409
0.287697 0.079711
0.295219 0.084153
0.302775 0.088736
0.310367 0.093462
0.317993 0.098334
0.325656 0.103353
0.333354 0.108522
0.341090 0.113843
0.348863 0.119277
0.356675 0.124907
0.364524 0.130695
0.372413 0.136643
0.380342 0.142755
0.388311 0.149033
0.396321 0.155479
0.404373 0.162095
0.412467 0.168886
0.420603 0.175853
0.428784 0.182999
0.437009 0.190327
0.445279 0.197840
0.453594 0.205542
0.461957 0.213435
0.470366 0.221522
0.478824 0.229807
0.487331 0.238294
0.495888 0.246986
0.504495 0.255886
0.513154 0.264998
0.521866 0.274327
0.530632 0.283876
0.539452 0.293649
0.548328 0.303651
0.557260 0.313885
0.566251 0.324357
0.575300 0.335071
0.584409 0.346032
0.593580 0.357245
0.602813 0.368715
0.612111 0.380447
0.621473 0.392447
0.630902 0.404721
0.640399 0.417275
0.649966 0.430114
0.659604 0.443245
0.669315 0.456674
0.679100 0.470409
0.688961 0.484457
0.698900 0.498825
0.708919 0.513521
0.719020 0.528552
0.729205 0.543927
0.739475 0.559656
0.749834 0.575746
0.760283 0.592207
0.770826 0.609050
0.781463 0.626285
0.792199 0.643922
0.803035 0.661973
0.813975 0.680449
0.825022 0.699364
0.836179 0.718729
0.847449 0.738560
0.858836 0.758870
0.870343 0.779674
0.881975 0.800990
0.893735 0.822832
0.905628 0.845220
0.917659 0.868173
0.929832 0.891709
0.942153 0.915852
0.954626 0.940622
0.967259 0.966045
0.980057 0.992145
0.993026 1.018950
1.006175 1.046490
1.019510 1.074795
1.033040 1.103898
1.046773 1.133837
1.060719 1.164650
1.074889 1.196378
1.089292 1.229067
1.103942 1.262767
1.118851 1.297428
1.134034 1.333312
1.149506 1.370382
1.165285 1.408710
1.181389 1.448372
1.197840 1.489456
1.214660 1.532056
1.231876 1.576281
1.249518 1.622250
1.267618 1.670100
1.286214 1.719985
1.305349 1.772082
1.325074 1.826596
1.345446 1.883764
1.366534 1.943867
1.388417 2.007237
1.411196 2.074275
1.434988 2.145471
1.459943 2.221435
1.486249 2.302943
1.514155 2.391007
1.543991 2.486991
1.576225 2.592809
1.611550 2.711299
1.651072 2.847003
1.696779 3.008068
1.753010 3.212290
1.834682 3.520834
