-1.851867 3.487129
-1.769335 3.181112
-1.712512 2.978597
-1.666324 2.818899
-1.626385 2.684361
-1.590689 2.566900
-1.558115 2.462010
-1.527964 2.366875
-1.499765 2.279597
-1.473182 2.198821
-1.447964 2.123602
-1.423921 2.053053
-1.400903 1.986628
-1.378789 1.923841
-1.357479 1.864295
-1.336893 1.807658
-1.316960 1.753654
-1.297623 1.702047
-1.278831 1.652633
-1.260541 1.605238
-1.242713 1.559707
-1.225316 1.515905
-1.208318 1.473715
-1.191695 1.433028
-1.175421 1.393750
-1.159476 1.355796
-1.143841 1.319088
-1.128498 1.283557
-1.113432 1.249138
-1.098628 1.215774
-1.084073 1.183411
-1.069754 1.152002
-1.055661 1.121499
-1.041783 1.091863
-1.028111 1.063054
-1.014635 1.035037
-1.001348 1.007779
-0.988242 0.981248
-0.975310 0.955480
-0.962544 0.930317
-0.949939 0.905801
-0.937489 0.881907
-0.925187 0.858613
-0.913030 0.835898
-0.901011 0.813742
-0.889127 0.792127
-0.877373 0.771034
-0.865745 0.750447
-0.854238 0.730350
-0.842849 0.710728
-0.831575 0.691567
-0.820412 0.672852
-0.809356 0.654571
-0.798406 0.636712
-0.787557 0.619263
-0.776808 0.602212
-0.766155 0.585549
-0.755595 0.569264
-0.745127 0.553347
-0.734749 0.537788
-0.724457 0.522578
-0.714250 0.507709
-0.704125 0.493173
-0.694081 0.478961
-0.684116 0.465066
-0.674228 0.451481
-0.664415 0.438198
-0.654676 0.425211
-0.645008 0.412513
-0.635411 0.400097
-0.625883 0.387959
-0.616422 0.376091
-0.607026 0.364489
-0.597696 0.353146
-0.588428 0.342057
-0.579223 0.331218
-0.570079 0.320624
-0.560994 0.310268
-0.551967 0.300148
-0.542998 0.290259
-0.534085 0.280595
-0.525227 0.271154
-0.516423 0.261930
-0.507673 0.252920
-0.498975 0.244120
-0.490328 0.235527
-0.481731 0.227136
-0.473184 0.218945
-0.464686 0.210949
-0.456236 0.203146
-0.447833 0.195533
-0.439476 0.188133
-0.431164 0.180888
-0.422898 0.173823
-0.414675 0.166935
-0.406496 0.160222
-0.398360 0.153681
-0.390265 0.147309
-0.382212 0.141103
-0.374200 0.135062
-0.366228 0.129181
-0.358296 0.123460
-0.350402 0.117896
-0.342547 0.112486
-0.334730 0.107229
-0.326950 0.102121
-0.319207 0.097162
-0.311500 0.092348
-0.303829 0.087678
-0.296193 0.083150
-0.288592 0.078761
-0.281025 0.074511
-0.273493 0.070397
-0.265993 0.066417
-0.258527 0.062570
-0.251093 0.058853
-0.243691 0.055266
-0.236321 0.051806
-0.228982 0.048471
-0.221674 0.045261
-0.214397 0.042174
-0.207149 0.039208
-0.199932 0.036361
-0.192744 0.033633
-0.185585 0.031021
-0.178454 0.028525
-0.171352 0.026142
-0.164278 0.023872
-0.157232 0.021714
-0.150213 0.019665
-0.143221 0.017725
-0.136256 0.015893
-0.129317 0.014167
-0.122404 0.012545
-0.115518 0.011028
-0.108656 0.009614
-0.101821 0.008300
-0.095010 0.007088
-0.088223 0.005975
-0.081462 0.004960
-0.074724 0.004042
-0.068010 0.003220
-0.061320 0.002494
-0.054654 0.001862
-0.048011 0.001323
-0.041390 0.000876
-0.034792 0.000521
-0.028217 0.000255
-0.021664 0.000080
-0.015133 -0.000008
-0.011876 0.000000
-0.008619 -0.000007
-0.002088 0.000081
0.004465 0.000258
0.011040 0.000524
0.017638 0.000880
0.024258 0.001328
0.030902 0.001868
0.037568 0.002501
0.044258 0.003228
0.050972 0.004050
0.057709 0.004969
0.064471 0.005985
0.071257 0.007099
0.078068 0.008312
0.084904 0.009626
0.091765 0.011041
0.098652 0.012560
0.105565 0.014181
0.112504 0.015908
0.119469 0.017742
0.126461 0.019682
0.133480 0.021731
0.140526 0.023891
0.147600 0.026161
0.154702 0.028544
0.161832 0.031041
0.168992 0.033653
0.176180 0.036382
0.183397 0.039229
0.190644 0.042196
0.197922 0.045283
0.205230 0.048494
0.212569 0.051784
0.219939 0.055242
0.227341 0.058828
0.234775 0.062543
0.242241 0.066389
0.249740 0.070367
0.257273 0.074479
0.264840 0.078727
0.272441 0.083112
0.280077 0.087638
0.287748 0.092305
0.295455 0.097116
0.303198 0.102072
0.310978 0.107176
0.318795 0.112430
0.326650 0.117836
0.334543 0.123396
0.342476 0.129113
0.350448 0.134988
0.358460 0.141025
0.366513 0.147226
0.374607 0.153592
0.382744 0.160128
0.390923 0.166835
0.399146 0.173716
0.407412 0.180774
0.415724 0.188013
0.424081 0.195434
0.432484 0.203040
0.440934 0.210836
0.449432 0.218824
0.457979 0.227008
0.466576 0.235390
0.475223 0.243975
0.483921 0.252766
0.492671 0.261767
0.501475 0.270981
0.510333 0.280413
0.519246 0.290066
0.528215 0.299945
0.537241 0.310054
0.546326 0.320397
0.555471 0.330980
0.564676 0.341806
0.573944 0.352881
0.583274 0.364211
0.592669 0.375799
0.602130 0.387652
0.611659 0.399775
0.621256 0.412175
0.630924 0.424856
0.640663 0.437826
0.650476 0.451092
0.660364 0.464658
0.670329 0.478534
0.680373 0.492726
0.690498 0.507242
0.700705 0.522089
0.710997 0.537277
0.721375 0.552813
0.731843 0.568706
0.742402 0.584967
0.753056 0.601604
0.763805 0.618628
0.774654 0.636049
0.785604 0.653880
0.796660 0.672130
0.807823 0.690814
0.819097 0.709944
0.830486 0.729532
0.841992 0.749595
0.853621 0.770146
0.865375 0.791201
0.877259 0.812778
0.889278 0.834893
0.901435 0.857566
0.913736 0.880817
0.926187 0.904665
0.938792 0.929135
0.951558 0.954142
0.964490 0.979922
0.977596 1.006399
0.990883 1.033602
1.004359 1.061560
1.018031 1.090308
1.031909 1.119881
1.046002 1.150316
1.060320 1.181657
1.074876 1.213947
1.089680 1.247236
1.104746 1.281575
1.120089 1.317024
1.135724 1.353646
1.151669 1.391509
1.167943 1.430692
1.184566 1.471279
1.201564 1.513364
1.218961 1.557055
1.236789 1.602469
1.255079 1.649742
1.273871 1.699025
1.293208 1.750494
1.313141 1.804351
1.333727 1.860832
1.355037 1.920211
1.377151 1.982820
1.400169 2.049052
1.424212 2.119394
1.449429 2.194447
1.476013 2.274978
1.504212 2.361988
1.534363 2.456824
1.566936 2.561378
1.602633 2.678454
1.642572 2.812541
1.688760 2.971689
1.745583 3.173485
1.828115 3.478373
