-1.617875 2.617520
-1.353344 1.831539
-1.171214 1.371742
-1.023172 1.046881
-0.895162 0.801315
-0.780747 0.609567
-0.676342 0.457438
-0.579704 0.336056
-0.489320 0.239434
-0.404115 0.163309
-0.323288 0.104515
-0.246226 0.060627
-0.172449 0.029739
-0.101568 0.010316
-0.033267 0.001107
0.000000 0.000000
0.033267 0.001107
0.101568 0.010316
0.172449 0.029739
0.246226 0.060627
0.323288 0.104515
0.404115 0.163309
0.489320 0.239434
0.579704 0.336056
0.676342 0.457438
0.780747 0.609567
0.895162 0.801315
1.023172 1.046881
1.171214 1.371742
1.353344 1.831539
1.617875 2.617520
