-1.856981 3.470460
-1.773487 3.166234
-1.716002 2.964885
-1.669275 2.806094
-1.628871 2.672312
-1.592759 2.555504
-1.559806 2.451193
-1.529304 2.356578
-1.500776 2.269773
-1.473883 2.189431
-1.448371 2.114557
-1.424049 2.044384
-1.400762 1.978310
-1.378390 1.915853
-1.356832 1.856617
-1.336006 1.800274
-1.315841 1.746549
-1.296279 1.695206
-1.277268 1.646044
-1.258764 1.598888
-1.240729 1.553586
-1.223129 1.510005
-1.205934 1.468024
-1.189116 1.427538
-1.172653 1.388453
-1.156522 1.350685
-1.140705 1.314156
-1.125184 1.278796
-1.109942 1.244543
-1.094965 1.211339
-1.080240 1.179130
-1.065755 1.147869
-1.051498 1.117511
-1.037458 1.088013
-1.023626 1.059338
-1.009994 1.031451
-0.996552 1.004318
-0.983293 0.977909
-0.970210 0.952194
-0.957296 0.927146
-0.944544 0.902742
-0.931948 0.878956
-0.919504 0.855767
-0.907205 0.833153
-0.895046 0.811095
-0.883024 0.789574
-0.871132 0.768573
-0.859368 0.748074
-0.847728 0.728063
-0.836206 0.708524
-0.824801 0.689442
-0.813507 0.670805
-0.802323 0.652599
-0.791245 0.634812
-0.780270 0.617433
-0.769395 0.600450
-0.758618 0.583853
-0.747936 0.567631
-0.737346 0.551775
-0.726846 0.536275
-0.716434 0.521122
-0.706108 0.506309
-0.695866 0.491826
-0.685705 0.477665
-0.675624 0.463855
-0.665621 0.450318
-0.655693 0.437081
-0.645840 0.424138
-0.636060 0.411483
-0.626351 0.399109
-0.616712 0.387011
-0.607140 0.375182
-0.597636 0.363617
-0.588197 0.352310
-0.578821 0.341256
-0.569509 0.330451
-0.560258 0.319889
-0.551067 0.309565
-0.541935 0.299475
-0.532861 0.289615
-0.523844 0.279980
-0.514883 0.270565
-0.505977 0.261368
-0.497125 0.252383
-0.488325 0.243608
-0.479578 0.235038
-0.470881 0.226671
-0.462234 0.218501
-0.453637 0.210527
-0.445088 0.202744
-0.436587 0.195150
-0.428133 0.187742
-0.419725 0.180516
-0.411362 0.173469
-0.403044 0.166599
-0.394769 0.159903
-0.386538 0.153378
-0.378349 0.147021
-0.370202 0.140831
-0.362097 0.134804
-0.354032 0.128937
-0.346007 0.123229
-0.338022 0.117678
-0.330075 0.112280
-0.322167 0.107034
-0.314296 0.101938
-0.306463 0.096989
-0.298666 0.092186
-0.290906 0.087526
-0.283181 0.083007
-0.275491 0.078628
-0.267837 0.074386
-0.260216 0.070280
-0.252629 0.066308
-0.245076 0.062468
-0.237555 0.058758
-0.230067 0.055178
-0.222611 0.051724
-0.215187 0.048396
-0.207794 0.045192
-0.200431 0.042110
-0.193100 0.039149
-0.185798 0.036307
-0.178526 0.033584
-0.171284 0.030977
-0.164070 0.028484
-0.156885 0.026106
-0.149729 0.023840
-0.142601 0.021685
-0.135500 0.019640
-0.128426 0.017703
-0.121380 0.015873
-0.114361 0.014150
-0.107367 0.012531
-0.100400 0.011016
-0.093459 0.009603
-0.086544 0.008292
-0.079653 0.007081
-0.072788 0.005970
-0.065948 0.004956
-0.059131 0.004040
-0.052340 0.003219
-0.045572 0.002493
-0.038827 0.001862
-0.032107 0.001323
-0.025409 0.000877
-0.018735 0.000521
-0.012083 0.000256
-0.005454 0.000080
0.001153 -0.000007
0.004449 0.000000
0.007744 -0.000007
0.014351 0.000080
0.020980 0.000256
0.027632 0.000521
0.034307 0.000876
0.041004 0.001322
0.047725 0.001861
0.054469 0.002492
0.061237 0.003217
0.068029 0.004038
0.074845 0.004954
0.081685 0.005967
0.088551 0.007079
0.095441 0.008290
0.102357 0.009600
0.109298 0.011013
0.116265 0.012527
0.123258 0.014146
0.130278 0.015869
0.137324 0.017698
0.144397 0.019635
0.151498 0.021679
0.158626 0.023834
0.165783 0.026100
0.172968 0.028478
0.180181 0.030969
0.187424 0.033576
0.194695 0.036299
0.201997 0.039140
0.209329 0.042101
0.216691 0.045182
0.224084 0.048385
0.231508 0.051713
0.238964 0.055166
0.246453 0.058746
0.253973 0.062454
0.261527 0.066293
0.269113 0.070264
0.276734 0.074370
0.284389 0.078610
0.292078 0.082989
0.299803 0.087506
0.307564 0.092165
0.315360 0.096968
0.323194 0.101915
0.331064 0.107010
0.338972 0.112255
0.346919 0.117651
0.354904 0.123201
0.362929 0.128908
0.370994 0.134772
0.379100 0.140798
0.387247 0.146987
0.395435 0.153342
0.403666 0.159865
0.411941 0.166560
0.420259 0.173428
0.428622 0.180472
0.437030 0.187696
0.445485 0.195103
0.453986 0.202695
0.462535 0.210475
0.471132 0.218447
0.479778 0.226614
0.488475 0.234979
0.497223 0.243547
0.506022 0.252319
0.514875 0.261301
0.523781 0.270496
0.532742 0.279907
0.541759 0.289539
0.550832 0.299397
0.559964 0.309484
0.569155 0.319804
0.578406 0.330363
0.587719 0.341165
0.597094 0.352215
0.606533 0.363519
0.616038 0.375080
0.625609 0.386905
0.635249 0.399000
0.644958 0.411370
0.654738 0.424021
0.664591 0.436960
0.674518 0.450193
0.684521 0.463726
0.694602 0.477567
0.704763 0.491724
0.715006 0.506203
0.725332 0.521012
0.735744 0.536161
0.746243 0.551656
0.756833 0.567508
0.767515 0.583726
0.778293 0.600318
0.789168 0.617297
0.800143 0.634672
0.811221 0.652454
0.822405 0.670655
0.833698 0.689287
0.845104 0.708363
0.856625 0.727898
0.868266 0.747904
0.880030 0.768397
0.891921 0.789393
0.903944 0.810909
0.916102 0.832961
0.928401 0.855569
0.940846 0.878753
0.953441 0.902533
0.966193 0.926932
0.979107 0.951973
0.992191 0.977682
1.005450 1.004086
1.018891 1.031212
1.032524 1.059093
1.046355 1.087761
1.060395 1.117252
1.074652 1.147604
1.089138 1.178858
1.103863 1.211059
1.118839 1.244255
1.134081 1.278500
1.149603 1.313852
1.165420 1.350373
1.181550 1.388133
1.198014 1.427209
1.214831 1.467685
1.232027 1.509656
1.249627 1.553228
1.267662 1.598520
1.286166 1.645665
1.305176 1.694816
1.324739 1.746147
1.344903 1.799861
1.365730 1.856191
1.387287 1.915413
1.409660 1.977857
1.432946 2.043916
1.457269 2.114073
1.482780 2.188931
1.509673 2.269254
1.538201 2.356040
1.568703 2.450634
1.601656 2.554923
1.637769 2.671705
1.678173 2.805458
1.724899 2.964214
1.782384 3.165519
1.865878 3.469679
