-1.660105 3.513197
-1.583576 3.204536
-1.530886 3.000300
-1.488057 2.839262
-1.451024 2.703606
-1.417924 2.585177
-1.387720 2.479431
-1.359762 2.383525
-1.333614 2.295544
-1.308964 2.214123
-1.285581 2.138248
-1.263287 2.067144
-1.241944 2.000200
-1.221438 1.936925
-1.201678 1.876917
-1.182589 1.819845
-1.164107 1.765428
-1.146176 1.713428
-1.128751 1.663640
-1.111791 1.615887
-1.095261 1.570015
-1.079129 1.525887
-1.063367 1.483382
-1.047953 1.442394
-1.032863 1.402828
-1.018078 1.364595
-1.003580 1.327619
-0.989354 1.291830
-0.975383 1.257162
-0.961656 1.223557
-0.948159 1.190963
-0.934882 1.159328
-0.921814 1.128609
-0.908946 1.098762
-0.896268 1.069749
-0.883773 1.041504
-0.871453 1.014054
-0.859300 0.987338
-0.847308 0.961523
-0.835471 0.936182
-0.823783 0.911493
-0.812238 0.887431
-0.800831 0.863974
-0.789558 0.841101
-0.778414 0.818791
-0.767394 0.797025
-0.756495 0.775787
-0.745713 0.755058
-0.735043 0.734823
-0.724482 0.715066
-0.714028 0.695774
-0.703677 0.676932
-0.693426 0.658527
-0.683272 0.640547
-0.673213 0.622980
-0.663245 0.605815
-0.653367 0.589040
-0.643576 0.572647
-0.633869 0.556623
-0.624245 0.540961
-0.614702 0.525651
-0.605237 0.510684
-0.595849 0.496053
-0.586536 0.481748
-0.577296 0.467762
-0.568127 0.454089
-0.559028 0.440720
-0.549997 0.427649
-0.541033 0.414869
-0.532133 0.402374
-0.523298 0.390158
-0.514525 0.378215
-0.505814 0.366539
-0.497162 0.355125
-0.488568 0.343967
-0.480033 0.333060
-0.471553 0.322399
-0.463129 0.311979
-0.454759 0.301797
-0.446442 0.291846
-0.438178 0.282123
-0.429964 0.272624
-0.421801 0.263344
-0.413687 0.254280
-0.405622 0.245427
-0.397604 0.236782
-0.389633 0.228341
-0.381707 0.220101
-0.373827 0.212058
-0.365992 0.204209
-0.358200 0.196675
-0.350451 0.189200
-0.342744 0.181909
-0.335078 0.174799
-0.327454 0.167868
-0.319870 0.161113
-0.312325 0.154531
-0.304820 0.148119
-0.297353 0.141875
-0.289923 0.135796
-0.282531 0.129880
-0.275176 0.124124
-0.267856 0.118526
-0.260573 0.113083
-0.253324 0.107794
-0.246110 0.102655
-0.238930 0.097666
-0.231784 0.092823
-0.224671 0.088126
-0.217590 0.083571
-0.210542 0.079156
-0.203526 0.074881
-0.196541 0.070743
-0.189587 0.066740
-0.182664 0.062870
-0.175771 0.059132
-0.168907 0.055524
-0.162073 0.052044
-0.155268 0.048691
-0.148492 0.045463
-0.141744 0.042359
-0.135024 0.039376
-0.128331 0.036514
-0.121666 0.033770
-0.115028 0.031144
-0.108416 0.028635
-0.101830 0.026239
-0.095271 0.023957
-0.088737 0.021788
-0.082229 0.019763
-0.075745 0.017810
-0.069287 0.015966
-0.062853 0.014228
-0.056443 0.012596
-0.050057 0.011069
-0.043695 0.009645
-0.037356 0.008324
-0.031041 0.007144
-0.024748 0.006020
-0.018478 0.004996
-0.012231 0.004070
-0.006006 0.003241
0.000198 0.002508
0.006379 0.001870
0.012539 0.001327
0.018678 0.000877
0.024796 0.000520
0.030893 0.000254
0.036969 0.000078
0.043025 -0.000008
0.046045 0.000000
0.049066 -0.000006
0.055122 0.000084
0.061198 0.000264
0.067295 0.000534
0.073413 0.000895
0.079551 0.001348
0.085711 0.001894
0.091893 0.002535
0.098096 0.003270
0.104322 0.004102
0.110569 0.005030
0.116839 0.006057
0.123132 0.007183
0.129447 0.008362
0.135786 0.009686
0.142148 0.011111
0.148534 0.012640
0.154944 0.014273
0.161378 0.016012
0.167836 0.017857
0.174319 0.019811
0.180828 0.021874
0.187362 0.024047
0.193921 0.026333
0.200507 0.028690
0.207118 0.031199
0.213757 0.033825
0.220422 0.036568
0.227114 0.039429
0.233834 0.042411
0.240583 0.045514
0.247359 0.048740
0.254164 0.052091
0.260998 0.055568
0.267861 0.059172
0.274755 0.062907
0.281678 0.066772
0.288632 0.070771
0.295617 0.074904
0.302633 0.079173
0.309681 0.083581
0.316762 0.088130
0.323875 0.092820
0.331021 0.097655
0.338201 0.102636
0.345415 0.107765
0.352663 0.113044
0.359947 0.118476
0.367266 0.124063
0.374622 0.129807
0.382014 0.135711
0.389443 0.141776
0.396910 0.148006
0.404416 0.154402
0.411961 0.160968
0.419545 0.167706
0.427169 0.174619
0.434834 0.181710
0.442541 0.188981
0.450290 0.196435
0.458082 0.204076
0.465918 0.211907
0.473798 0.219930
0.481723 0.228150
0.489694 0.236428
0.497712 0.245045
0.505778 0.253870
0.513892 0.262904
0.522055 0.272153
0.530268 0.281619
0.538533 0.291308
0.546850 0.301223
0.555220 0.311369
0.563644 0.321749
0.572123 0.332370
0.580659 0.343235
0.589252 0.354349
0.597904 0.365718
0.606616 0.377347
0.615389 0.389241
0.624224 0.401407
0.633123 0.413848
0.642088 0.426573
0.651119 0.439587
0.660218 0.452897
0.669387 0.466509
0.678627 0.480430
0.687940 0.494669
0.697328 0.509232
0.706793 0.524127
0.716336 0.539364
0.725960 0.554949
0.735666 0.570893
0.745457 0.587204
0.755336 0.603893
0.765303 0.620970
0.775363 0.638445
0.785517 0.656330
0.795768 0.674636
0.806119 0.693376
0.816573 0.712562
0.827133 0.732209
0.837803 0.752330
0.848586 0.772941
0.859485 0.794057
0.870505 0.815696
0.881649 0.837874
0.892922 0.860611
0.904329 0.883926
0.915873 0.907841
0.927561 0.932173
0.939399 0.957350
0.951390 0.983197
0.963543 1.009742
0.975864 1.037013
0.988359 1.065042
1.001037 1.093861
1.013905 1.123506
1.026973 1.154061
1.040250 1.185478
1.053747 1.217846
1.067474 1.251213
1.081444 1.285633
1.095671 1.321164
1.110169 1.357868
1.124954 1.395817
1.140044 1.435086
1.155458 1.475761
1.171219 1.517937
1.187351 1.561720
1.203882 1.607228
1.220842 1.654597
1.238267 1.703978
1.256197 1.755548
1.274680 1.809509
1.293769 1.866095
1.313528 1.925584
1.334034 1.988304
1.355378 2.054653
1.377672 2.125114
1.401055 2.200290
1.425705 2.280950
1.451853 2.368094
1.479810 2.463071
1.510015 2.567773
1.543115 2.685008
1.580148 2.819265
1.622976 2.978603
1.675666 3.180618
1.752195 3.485795
