-1.855201 3.481361
-1.771637 3.176057
-1.714103 2.973998
-1.667338 2.814649
-1.626900 2.680399
-1.590757 2.563183
-1.557776 2.458508
-1.527249 2.363565
-1.498697 2.276459
-1.471781 2.195841
-1.446249 2.120709
-1.421905 2.050295
-1.398600 1.983995
-1.376209 1.921325
-1.354633 1.861887
-1.333789 1.805353
-1.313608 1.751445
-1.294029 1.699929
-1.275002 1.650601
-1.256483 1.603287
-1.238433 1.557833
-1.220818 1.514106
-1.203608 1.471985
-1.186776 1.431365
-1.170299 1.392150
-1.154155 1.354257
-1.138324 1.317607
-1.122790 1.282131
-1.107535 1.247766
-1.092546 1.214453
-1.077809 1.182253
-1.063311 1.150888
-1.049042 1.120428
-1.034991 1.090833
-1.021148 1.062063
-1.007504 1.034084
-0.994051 1.006862
-0.980781 0.980366
-0.967686 0.954567
-0.954761 0.929439
-0.941999 0.904955
-0.929393 0.881093
-0.916937 0.857829
-0.904628 0.835144
-0.892460 0.813016
-0.880427 0.791428
-0.868526 0.770362
-0.856752 0.749800
-0.845101 0.729728
-0.833570 0.710129
-0.822155 0.690990
-0.810852 0.672298
-0.799659 0.654038
-0.788571 0.636200
-0.777587 0.618770
-0.766703 0.601739
-0.755917 0.585095
-0.745226 0.568827
-0.734627 0.552927
-0.724119 0.537385
-0.713698 0.522192
-0.703363 0.507338
-0.693112 0.492817
-0.682943 0.478620
-0.672853 0.464739
-0.662841 0.451167
-0.652906 0.437898
-0.643045 0.424923
-0.633256 0.412237
-0.623539 0.399834
-0.613892 0.387707
-0.604312 0.375850
-0.594800 0.364258
-0.585353 0.352926
-0.575969 0.341848
-0.566649 0.331018
-0.557390 0.320433
-0.548192 0.310087
-0.539052 0.299976
-0.529971 0.290095
-0.520947 0.280440
-0.511978 0.271006
-0.503064 0.261790
-0.494204 0.252788
-0.485398 0.243995
-0.476643 0.235409
-0.467939 0.227025
-0.459285 0.218840
-0.450680 0.210851
-0.442125 0.203054
-0.433616 0.195446
-0.425155 0.188024
-0.416740 0.180786
-0.408370 0.173727
-0.400044 0.166845
-0.391763 0.160137
-0.383525 0.153601
-0.375329 0.147234
-0.367176 0.141033
-0.359063 0.134996
-0.350992 0.129120
-0.342960 0.123403
-0.334968 0.117843
-0.327015 0.112437
-0.319100 0.107183
-0.311223 0.102079
-0.303383 0.097122
-0.295580 0.092312
-0.287813 0.087645
-0.280081 0.083119
-0.272385 0.078733
-0.264724 0.074485
-0.257097 0.070373
-0.249504 0.066396
-0.241944 0.062550
-0.234417 0.058857
-0.226923 0.055271
-0.219461 0.051813
-0.212030 0.048479
-0.204631 0.045270
-0.197262 0.042184
-0.189924 0.039218
-0.182617 0.036373
-0.175339 0.033645
-0.168090 0.031033
-0.160871 0.028537
-0.153680 0.026155
-0.146517 0.023886
-0.139383 0.021727
-0.132276 0.019679
-0.125197 0.017739
-0.118145 0.015906
-0.111119 0.014180
-0.104120 0.012559
-0.097147 0.011041
-0.090200 0.009626
-0.083279 0.008313
-0.076383 0.007100
-0.069512 0.005986
-0.062666 0.004970
-0.055844 0.004052
-0.049046 0.003229
-0.042273 0.002502
-0.035523 0.001869
-0.028797 0.001329
-0.022093 0.000881
-0.015413 0.000525
-0.008756 0.000258
-0.002121 0.000082
0.004492 -0.000007
0.007790 0.000000
0.011088 -0.000008
0.017700 0.000079
0.024335 0.000254
0.030992 0.000519
0.037673 0.000873
0.044376 0.001320
0.051102 0.001858
0.057852 0.002489
0.064625 0.003214
0.071423 0.004035
0.078245 0.004951
0.085091 0.005965
0.091962 0.007077
0.098858 0.008288
0.105780 0.009600
0.112727 0.011013
0.119699 0.012528
0.126698 0.014148
0.133724 0.015872
0.140776 0.017703
0.147855 0.019640
0.154962 0.021687
0.162097 0.023843
0.169259 0.026110
0.176450 0.028490
0.183669 0.030984
0.190918 0.033593
0.198196 0.036318
0.205504 0.039162
0.212841 0.042098
0.220210 0.045182
0.227609 0.048388
0.235040 0.051718
0.242502 0.055174
0.249996 0.058757
0.257523 0.062469
0.265083 0.066311
0.272676 0.070286
0.280303 0.074395
0.287964 0.078640
0.295660 0.083022
0.303392 0.087545
0.311159 0.092209
0.318962 0.097016
0.326802 0.101969
0.334679 0.107070
0.342594 0.112320
0.350547 0.117723
0.358539 0.123280
0.366571 0.128993
0.374642 0.134865
0.382755 0.140898
0.390908 0.147095
0.399104 0.153458
0.407342 0.159990
0.415623 0.166694
0.423949 0.173571
0.432319 0.180626
0.440734 0.187861
0.449195 0.195278
0.457704 0.202881
0.466260 0.210674
0.474864 0.218658
0.483518 0.226838
0.492222 0.235217
0.500977 0.243798
0.509784 0.252586
0.518643 0.261583
0.527557 0.270794
0.536526 0.280222
0.545550 0.289872
0.554631 0.299747
0.563771 0.309853
0.572969 0.320193
0.582228 0.330772
0.591549 0.341596
0.600932 0.352668
0.610379 0.363994
0.619891 0.375580
0.629471 0.387430
0.639118 0.399550
0.648835 0.411947
0.658624 0.424626
0.668485 0.437594
0.678421 0.450857
0.688432 0.464421
0.698522 0.478295
0.708691 0.492485
0.718942 0.506999
0.729277 0.521845
0.739698 0.537031
0.750206 0.552565
0.760805 0.568457
0.771496 0.584717
0.782282 0.601353
0.793166 0.618376
0.804151 0.635797
0.815238 0.653627
0.826431 0.671878
0.837734 0.690562
0.849149 0.709692
0.860680 0.729281
0.872331 0.749345
0.884105 0.769897
0.896006 0.790954
0.908039 0.812533
0.920207 0.834651
0.932517 0.857326
0.944972 0.880580
0.957578 0.904432
0.970340 0.928905
0.983266 0.954023
0.996360 0.979811
1.009630 1.006229
1.023083 1.033438
1.036727 1.061404
1.050570 1.090160
1.064621 1.119741
1.078890 1.150187
1.093388 1.181538
1.108125 1.213839
1.123114 1.247139
1.138369 1.281491
1.153904 1.316954
1.169734 1.353538
1.185878 1.391416
1.202355 1.430615
1.219187 1.471219
1.236397 1.513323
1.254012 1.557033
1.272062 1.602469
1.290581 1.649764
1.309608 1.699073
1.329187 1.750569
1.349368 1.804456
1.370212 1.860968
1.391788 1.920383
1.414179 1.983029
1.437485 2.049303
1.461828 2.119691
1.487361 2.194794
1.514276 2.275382
1.542828 2.362455
1.573355 2.457362
1.606336 2.561998
1.642479 2.679170
1.682917 2.813370
1.729682 2.972661
1.787216 3.174646
1.870780 3.479840
