-0.213095 2.672179
-0.180531 2.129371
-0.158111 1.752072
-0.139886 1.447211
-0.124128 1.187799
-0.110044 0.962470
-0.097191 0.765199
-0.085295 0.592790
-0.074168 0.443053
-0.063679 0.315393
-0.053729 0.210507
-0.044243 0.126829
-0.035161 0.064529
-0.026435 0.023094
-0.018027 0.002698
-0.013932 0.000000
-0.009837 0.002649
-0.001429 0.024132
0.007296 0.070389
0.016379 0.144647
0.025865 0.249677
0.035815 0.387812
0.046304 0.561809
0.057430 0.773605
0.069327 1.026302
0.082179 1.323631
0.096264 1.672123
0.112022 2.082813
0.130246 2.576548
0.152667 3.201206
0.185231 4.124684
