-1.895139 3.521354
-1.810875 3.211839
-1.752859 3.007012
-1.705702 2.845492
-1.664925 2.709422
-1.628480 2.590625
-1.595222 2.484544
-1.564439 2.388356
-1.535648 2.300089
-1.508507 2.218400
-1.482760 2.142274
-1.458213 2.070932
-1.434712 2.003762
-1.412133 1.940272
-1.390377 1.880060
-1.369358 1.822792
-1.349008 1.768188
-1.329265 1.716008
-1.310079 1.666047
-1.291404 1.618129
-1.273203 1.572097
-1.255440 1.527814
-1.238086 1.485162
-1.221114 1.444031
-1.204498 1.404325
-1.188219 1.365959
-1.172256 1.328854
-1.156591 1.292939
-1.141209 1.258150
-1.126094 1.224429
-1.111233 1.191721
-1.096614 1.159976
-1.082225 1.129151
-1.068056 1.099201
-1.054097 1.070089
-1.040339 1.041778
-1.026773 1.014235
-1.013392 0.987428
-1.000188 0.961328
-0.987155 0.935907
-0.974285 0.911141
-0.961573 0.887005
-0.949014 0.863477
-0.936601 0.840535
-0.924331 0.818161
-0.912197 0.796334
-0.900196 0.775037
-0.888324 0.754253
-0.876576 0.733967
-0.864948 0.714162
-0.853437 0.694825
-0.842040 0.675941
-0.830753 0.657497
-0.819572 0.639482
-0.808496 0.621882
-0.797521 0.604688
-0.786644 0.587886
-0.775863 0.571469
-0.765176 0.555424
-0.754579 0.539743
-0.744072 0.524417
-0.733650 0.509437
-0.723313 0.494794
-0.713059 0.480481
-0.702884 0.466489
-0.692789 0.452811
-0.682770 0.439439
-0.672826 0.426368
-0.662956 0.413590
-0.653157 0.401098
-0.643429 0.388887
-0.633769 0.376951
-0.624177 0.365283
-0.614651 0.353878
-0.605189 0.342732
-0.595791 0.331837
-0.586454 0.321190
-0.577178 0.310786
-0.567962 0.300619
-0.558805 0.290685
-0.549705 0.280981
-0.540661 0.271500
-0.531673 0.262240
-0.522739 0.253197
-0.513858 0.244365
-0.505030 0.235742
-0.496253 0.227324
-0.487527 0.219107
-0.478850 0.211088
-0.470223 0.203263
-0.461643 0.195629
-0.453111 0.188182
-0.444625 0.180921
-0.436185 0.173841
-0.427790 0.166939
-0.419439 0.160214
-0.411132 0.153661
-0.402868 0.147279
-0.394646 0.141064
-0.386465 0.135015
-0.378326 0.129128
-0.370227 0.123400
-0.362168 0.117831
-0.354148 0.112416
-0.346167 0.107155
-0.338224 0.102045
-0.330318 0.097083
-0.322450 0.092267
-0.314618 0.087596
-0.306822 0.083067
-0.299061 0.078678
-0.291336 0.074428
-0.283645 0.070315
-0.275988 0.066336
-0.268365 0.062490
-0.260775 0.058775
-0.253218 0.055190
-0.245693 0.051732
-0.238200 0.048400
-0.230739 0.045192
-0.223309 0.042108
-0.215909 0.039144
-0.208540 0.036301
-0.201202 0.033576
-0.193892 0.030967
-0.186612 0.028474
-0.179361 0.026095
-0.172139 0.023828
-0.164945 0.021673
-0.157778 0.019627
-0.150640 0.017691
-0.143528 0.015861
-0.136444 0.014138
-0.129386 0.012520
-0.122355 0.011006
-0.115350 0.009594
-0.108370 0.008283
-0.101417 0.007073
-0.094488 0.005962
-0.087584 0.004949
-0.080705 0.004033
-0.073851 0.003214
-0.067021 0.002489
-0.060214 0.001858
-0.053431 0.001320
-0.046672 0.000874
-0.039936 0.000520
-0.033223 0.000255
-0.026532 0.000080
-0.019864 -0.000008
-0.016539 0.000000
-0.013213 -0.000007
-0.006545 0.000080
0.000145 0.000257
0.006858 0.000522
0.013595 0.000877
0.020354 0.001323
0.027137 0.001862
0.033943 0.002493
0.040773 0.003218
0.047628 0.004038
0.054507 0.004954
0.061410 0.005967
0.068339 0.007078
0.075293 0.008288
0.082272 0.009599
0.089278 0.011010
0.096309 0.012524
0.103366 0.014142
0.110451 0.015864
0.117562 0.017693
0.124701 0.019628
0.131867 0.021672
0.139061 0.023826
0.146284 0.026091
0.153535 0.028468
0.160815 0.030959
0.168124 0.033566
0.175463 0.036288
0.182832 0.039129
0.190231 0.042089
0.197661 0.045170
0.205123 0.048374
0.212615 0.051702
0.220140 0.055155
0.227697 0.058736
0.235287 0.062446
0.242910 0.066287
0.250567 0.070260
0.258258 0.074367
0.265984 0.078611
0.273744 0.082993
0.281540 0.087514
0.289372 0.092178
0.297241 0.096985
0.305146 0.101939
0.313089 0.107040
0.321071 0.112292
0.329091 0.117696
0.337150 0.123255
0.345249 0.128971
0.353388 0.134847
0.361568 0.140885
0.369790 0.147087
0.378054 0.153456
0.386362 0.159995
0.394712 0.166706
0.403107 0.173593
0.411547 0.180657
0.420033 0.187903
0.428566 0.195332
0.437145 0.202949
0.445773 0.210756
0.454449 0.218757
0.463176 0.226955
0.471952 0.235353
0.480781 0.243956
0.489661 0.252766
0.498595 0.261788
0.507584 0.271026
0.516627 0.280483
0.525728 0.290164
0.534885 0.300072
0.544101 0.310214
0.553376 0.320592
0.562713 0.331212
0.572111 0.342079
0.581573 0.353198
0.591100 0.364573
0.600692 0.376211
0.610351 0.388117
0.620080 0.400297
0.629878 0.412756
0.639749 0.425502
0.649693 0.438539
0.659711 0.451876
0.669807 0.465519
0.679981 0.479475
0.690236 0.493752
0.700573 0.508358
0.710994 0.523300
0.721502 0.538560
0.732098 0.554201
0.742786 0.570205
0.753567 0.586582
0.764443 0.603341
0.775419 0.620493
0.786495 0.638049
0.797675 0.656021
0.808962 0.674420
0.820360 0.693258
0.831871 0.712550
0.843498 0.732308
0.855246 0.752548
0.867119 0.773283
0.879120 0.794532
0.891253 0.816310
0.903524 0.838635
0.915936 0.861526
0.928496 0.885004
0.941207 0.909089
0.954077 0.933804
0.967111 0.959172
0.980314 0.985220
0.993696 1.011974
1.007262 1.039463
1.021020 1.067718
1.034979 1.096773
1.049148 1.126664
1.063537 1.157430
1.078156 1.189112
1.093016 1.221757
1.108131 1.255414
1.123514 1.290136
1.139178 1.325981
1.155141 1.363016
1.171421 1.401309
1.188036 1.440939
1.205009 1.481992
1.222363 1.524564
1.240125 1.568763
1.258327 1.614709
1.277001 1.662538
1.296187 1.712405
1.315930 1.764488
1.336281 1.818991
1.357299 1.876153
1.379056 1.936254
1.401634 1.999627
1.425135 2.066674
1.449683 2.137886
1.475429 2.213873
1.502571 2.295414
1.531361 2.383522
1.562145 2.479562
1.595402 2.585454
1.631848 2.704040
1.672624 2.839868
1.719781 3.001103
1.777797 3.205570
1.862061 3.514546
