-1.708793 3.488345
-1.631753 3.182213
-1.578712 2.979620
-1.535597 2.820056
-1.498317 2.685456
-1.464996 2.567939
-1.434590 2.462999
-1.406446 2.367819
-1.380124 2.280499
-1.355309 2.199684
-1.331770 2.124371
-1.309328 2.053789
-1.287841 1.987333
-1.267199 1.924517
-1.247307 1.864942
-1.228091 1.808279
-1.209485 1.754249
-1.191435 1.702618
-1.173894 1.653181
-1.156821 1.605763
-1.140180 1.560210
-1.123940 1.516389
-1.108074 1.474178
-1.092556 1.433472
-1.077366 1.394176
-1.062482 1.356203
-1.047888 1.319478
-1.033566 1.283930
-1.019502 1.249495
-1.005683 1.216116
-0.992097 1.183738
-0.978731 1.152314
-0.965576 1.121797
-0.952622 1.092147
-0.939860 1.063325
-0.927281 1.035295
-0.914878 1.008023
-0.902644 0.981479
-0.890572 0.955635
-0.878656 0.930462
-0.866890 0.905935
-0.855268 0.882031
-0.843786 0.858728
-0.832438 0.836003
-0.821219 0.813838
-0.810126 0.792214
-0.799154 0.771112
-0.788299 0.750516
-0.777558 0.730411
-0.766927 0.710780
-0.756404 0.691610
-0.745983 0.672888
-0.735664 0.654599
-0.725442 0.636732
-0.715315 0.619276
-0.705281 0.602218
-0.695337 0.585548
-0.685481 0.569256
-0.675709 0.553332
-0.666021 0.537767
-0.656415 0.522551
-0.646887 0.507676
-0.637436 0.493134
-0.628061 0.478916
-0.618759 0.465016
-0.609529 0.451425
-0.600369 0.438137
-0.591278 0.425145
-0.582254 0.412442
-0.573295 0.400023
-0.564401 0.388000
-0.555569 0.376125
-0.546799 0.364515
-0.538090 0.353165
-0.529439 0.342070
-0.520847 0.331225
-0.512311 0.320624
-0.503830 0.310263
-0.495405 0.300137
-0.487032 0.290241
-0.478712 0.280572
-0.470444 0.271126
-0.462226 0.261897
-0.454058 0.252883
-0.445939 0.244079
-0.437868 0.235481
-0.429843 0.227086
-0.421865 0.218891
-0.413933 0.210892
-0.406045 0.203086
-0.398201 0.195469
-0.390400 0.188039
-0.382642 0.180792
-0.374925 0.173725
-0.367250 0.166835
-0.359615 0.160121
-0.352020 0.153578
-0.344464 0.147205
-0.336947 0.140998
-0.329468 0.134955
-0.322027 0.129074
-0.314623 0.123352
-0.307254 0.117787
-0.299922 0.112377
-0.292625 0.107119
-0.285363 0.102011
-0.278135 0.097051
-0.270941 0.092237
-0.263781 0.087567
-0.256653 0.083039
-0.249558 0.078651
-0.242495 0.074401
-0.235463 0.070350
-0.228463 0.066368
-0.221493 0.062519
-0.214554 0.058801
-0.207645 0.055212
-0.200765 0.051750
-0.193915 0.048498
-0.187093 0.045282
-0.180300 0.042189
-0.173535 0.039218
-0.166798 0.036366
-0.160089 0.033633
-0.153406 0.031017
-0.146750 0.028517
-0.140121 0.026131
-0.133517 0.023858
-0.126940 0.021696
-0.120388 0.019645
-0.113862 0.017703
-0.107360 0.015868
-0.100883 0.014140
-0.094431 0.012518
-0.088002 0.010999
-0.081598 0.009584
-0.075217 0.008270
-0.068859 0.007057
-0.062524 0.005944
-0.056213 0.004929
-0.049923 0.004011
-0.043657 0.003190
-0.037412 0.002465
-0.031189 0.001876
-0.024988 0.001330
-0.018808 0.000877
-0.012649 0.000515
-0.006512 0.000244
-0.000395 0.000069
0.005701 -0.000011
0.008742 0.000000
0.011782 -0.000005
0.017879 0.000088
0.023995 0.000270
0.030133 0.000541
0.036292 0.000905
0.042471 0.001361
0.048673 0.001910
0.054895 0.002554
0.061140 0.003293
0.067407 0.004129
0.073696 0.004990
0.080008 0.006011
0.086342 0.007130
0.092700 0.008349
0.099081 0.009668
0.105486 0.011089
0.111914 0.012613
0.118367 0.014241
0.124844 0.015974
0.131345 0.017813
0.137872 0.019761
0.144424 0.021817
0.151001 0.023983
0.157604 0.026261
0.164234 0.028651
0.170889 0.031156
0.177572 0.033776
0.184282 0.036513
0.191019 0.039368
0.197784 0.042344
0.204577 0.045440
0.211399 0.048659
0.218249 0.052003
0.225129 0.055473
0.232038 0.059070
0.238977 0.062796
0.245947 0.066653
0.252947 0.070643
0.259979 0.074768
0.267042 0.079028
0.274137 0.083427
0.281264 0.087762
0.288425 0.092495
0.295619 0.097312
0.302847 0.102275
0.310109 0.107385
0.317406 0.112646
0.324738 0.118058
0.332106 0.123625
0.339511 0.129348
0.346952 0.135231
0.354431 0.141275
0.361948 0.147482
0.369504 0.153856
0.377099 0.160399
0.384733 0.167113
0.392409 0.174002
0.400125 0.181067
0.407883 0.188313
0.415684 0.195673
0.423528 0.203284
0.431416 0.211085
0.439349 0.219078
0.447327 0.227266
0.455351 0.235653
0.463423 0.244242
0.471542 0.253038
0.479710 0.262043
0.487928 0.271262
0.496196 0.280698
0.504516 0.290356
0.512888 0.300239
0.521314 0.310352
0.529794 0.320700
0.538330 0.331287
0.546923 0.342118
0.555573 0.353198
0.564283 0.364531
0.573053 0.376124
0.581884 0.387982
0.590779 0.400109
0.599737 0.412396
0.608761 0.425078
0.617852 0.438049
0.627012 0.451314
0.636242 0.464881
0.645544 0.478757
0.654920 0.492949
0.664370 0.507465
0.673898 0.522312
0.683505 0.537499
0.693193 0.553035
0.702964 0.568928
0.712821 0.585188
0.722765 0.601824
0.732799 0.618847
0.742926 0.636268
0.753147 0.654097
0.763467 0.672347
0.773887 0.691030
0.784411 0.710158
0.795042 0.729746
0.805783 0.749807
0.816637 0.770356
0.827609 0.791410
0.838703 0.812985
0.849921 0.835099
0.861269 0.857770
0.872752 0.881018
0.884374 0.904865
0.896140 0.929332
0.908056 0.954444
0.920128 0.980225
0.932362 1.006702
0.944764 1.033904
0.957343 1.061863
0.970105 1.090611
0.983060 1.120183
0.996215 1.150619
1.009580 1.181959
1.023167 1.214249
1.036986 1.247537
1.051050 1.281876
1.065371 1.317324
1.079966 1.353944
1.094849 1.391806
1.110040 1.430987
1.125557 1.471572
1.141424 1.513656
1.157663 1.557344
1.174304 1.602755
1.191377 1.650024
1.208919 1.699304
1.226969 1.750770
1.245575 1.804623
1.264791 1.861098
1.284682 1.920473
1.305325 1.983075
1.326811 2.049301
1.349254 2.119636
1.372793 2.194680
1.397607 2.275202
1.423930 2.362201
1.452074 2.457025
1.482480 2.561565
1.515801 2.678418
1.553081 2.812474
1.596195 2.971585
1.649237 3.173331
1.726276 3.478139
