-1.821833 3.481742
-1.740511 3.176558
-1.684521 2.974570
-1.639010 2.815273
-1.599657 2.681063
-1.564484 2.563880
-1.532387 2.459232
-1.502679 2.364311
-1.474893 2.277224
-1.448699 2.196622
-1.423851 2.121503
-1.400161 2.051101
-1.377480 1.984811
-1.355690 1.922149
-1.334693 1.862719
-1.314408 1.806191
-1.294768 1.752288
-1.275715 1.700776
-1.257198 1.651451
-1.239176 1.604139
-1.221610 1.558688
-1.204467 1.514961
-1.187719 1.472841
-1.171339 1.432221
-1.155304 1.393006
-1.139593 1.355111
-1.124187 1.318460
-1.109069 1.282983
-1.094224 1.248615
-1.079637 1.215300
-1.065295 1.182984
-1.051186 1.151618
-1.037300 1.121157
-1.023625 1.091561
-1.010153 1.062790
-0.996875 1.034809
-0.983783 1.007585
-0.970869 0.981086
-0.958126 0.955285
-0.945548 0.930153
-0.933127 0.905667
-0.920860 0.881801
-0.908739 0.858534
-0.896759 0.835845
-0.884917 0.813714
-0.873207 0.792122
-0.861625 0.771051
-0.850167 0.750485
-0.838829 0.730408
-0.827608 0.710805
-0.816499 0.691661
-0.805499 0.672964
-0.794606 0.654699
-0.783816 0.636831
-0.773126 0.619396
-0.762534 0.602360
-0.752037 0.585711
-0.741633 0.569439
-0.731319 0.553730
-0.721092 0.538177
-0.710951 0.522973
-0.700893 0.508109
-0.690917 0.493577
-0.681021 0.479369
-0.671202 0.465478
-0.661459 0.451896
-0.651789 0.438615
-0.642193 0.425631
-0.632667 0.412934
-0.623211 0.400521
-0.613822 0.388383
-0.604499 0.376516
-0.595242 0.364914
-0.586048 0.353572
-0.576917 0.342483
-0.567846 0.331643
-0.558836 0.321048
-0.549884 0.310692
-0.540990 0.300571
-0.532152 0.290679
-0.523370 0.281014
-0.514642 0.271571
-0.505967 0.262345
-0.497345 0.253333
-0.488774 0.244530
-0.480254 0.235934
-0.471784 0.227541
-0.463362 0.219346
-0.454989 0.211347
-0.446662 0.203541
-0.438382 0.195923
-0.430148 0.188492
-0.421958 0.181243
-0.413813 0.174175
-0.405711 0.167284
-0.397652 0.160567
-0.389634 0.154021
-0.381659 0.147645
-0.373724 0.141435
-0.365829 0.135389
-0.357974 0.129504
-0.350158 0.123778
-0.342380 0.118209
-0.334640 0.112794
-0.326937 0.107531
-0.319272 0.102418
-0.311642 0.097452
-0.304048 0.092633
-0.296490 0.087957
-0.288966 0.083423
-0.281476 0.079029
-0.274020 0.074772
-0.266598 0.070652
-0.259208 0.066665
-0.251851 0.062812
-0.244526 0.059088
-0.237233 0.055494
-0.229971 0.052028
-0.222740 0.048687
-0.215539 0.045470
-0.208368 0.042493
-0.201227 0.039512
-0.194116 0.036651
-0.187033 0.033908
-0.179979 0.031283
-0.172953 0.028773
-0.165955 0.026377
-0.158985 0.024094
-0.152042 0.021923
-0.145126 0.019861
-0.138236 0.017909
-0.131373 0.016064
-0.124536 0.014326
-0.117725 0.012693
-0.110939 0.011165
-0.104178 0.009739
-0.097443 0.008415
-0.090732 0.007191
-0.084045 0.006068
-0.077382 0.005042
-0.070743 0.004114
-0.064128 0.003283
-0.057536 0.002547
-0.050967 0.001905
-0.044421 0.001356
-0.037898 0.000900
-0.031397 0.000557
-0.024918 0.000273
-0.018462 0.000084
-0.012026 -0.000006
-0.008817 0.000000
-0.005607 -0.000009
0.000828 0.000075
0.007285 0.000249
0.013764 0.000516
0.020265 0.000875
0.026788 0.001271
0.033334 0.001803
0.039903 0.002429
0.046494 0.003150
0.053110 0.003965
0.059749 0.004877
0.066411 0.005886
0.073098 0.006994
0.079809 0.008201
0.086545 0.009509
0.093305 0.010918
0.100091 0.012431
0.106902 0.014047
0.113739 0.015769
0.120602 0.017596
0.127492 0.019532
0.134408 0.021576
0.141351 0.023731
0.148321 0.025997
0.155319 0.028376
0.162345 0.030868
0.169399 0.033477
0.176482 0.036202
0.183594 0.039045
0.190735 0.041894
0.197905 0.044971
0.205106 0.048170
0.212337 0.051494
0.219600 0.054943
0.226893 0.058519
0.234218 0.062224
0.241575 0.066060
0.248964 0.070028
0.256387 0.074130
0.263843 0.078368
0.271332 0.082744
0.278856 0.087260
0.286415 0.091917
0.294008 0.096717
0.301638 0.101664
0.309304 0.106758
0.317006 0.112001
0.324746 0.117397
0.332524 0.122947
0.340340 0.128653
0.348195 0.134519
0.356090 0.140545
0.364025 0.146735
0.372001 0.153092
0.380018 0.159617
0.388077 0.166314
0.396179 0.173184
0.404325 0.180232
0.412514 0.187460
0.420749 0.194871
0.429029 0.202467
0.437355 0.210253
0.445729 0.218230
0.454150 0.226403
0.462621 0.234727
0.471141 0.243300
0.479711 0.252079
0.488334 0.261068
0.497008 0.270270
0.505736 0.279690
0.514518 0.289332
0.523356 0.299199
0.532250 0.309296
0.541202 0.319628
0.550213 0.330199
0.559283 0.341014
0.568415 0.352078
0.577608 0.363395
0.586866 0.374972
0.596188 0.386814
0.605577 0.398926
0.615033 0.411314
0.624559 0.423985
0.634156 0.436944
0.643825 0.450198
0.653568 0.463754
0.663387 0.477619
0.673284 0.491801
0.683260 0.506306
0.693317 0.521143
0.703458 0.536320
0.713685 0.551846
0.723999 0.567730
0.734404 0.583980
0.744901 0.600608
0.755493 0.617623
0.766182 0.635035
0.776972 0.652857
0.787865 0.671099
0.798865 0.689775
0.809974 0.708896
0.821196 0.728477
0.832534 0.748532
0.843992 0.769076
0.855574 0.790125
0.867284 0.811696
0.879126 0.833805
0.891105 0.856309
0.903226 0.879550
0.915494 0.903390
0.927914 0.927851
0.940493 0.952957
0.953236 0.978732
0.966150 1.005205
0.979242 1.032404
0.992520 1.060359
1.005991 1.089105
1.019666 1.118676
1.033552 1.149110
1.047661 1.180451
1.062003 1.212741
1.076590 1.246031
1.091435 1.280374
1.106553 1.315826
1.121959 1.352452
1.137670 1.390321
1.153705 1.429511
1.170085 1.470106
1.186834 1.512202
1.203976 1.555904
1.221542 1.601331
1.239565 1.648619
1.258081 1.697919
1.277135 1.749409
1.296775 1.803288
1.317059 1.859794
1.338056 1.919202
1.359847 1.981843
1.382527 2.048112
1.406218 2.118495
1.431065 2.193595
1.457259 2.274180
1.485045 2.361252
1.514754 2.456159
1.546850 2.560797
1.582023 2.677973
1.621376 2.812181
1.666887 2.971484
1.722877 3.173492
1.804200 3.478729
