-0.743431 6.088238
-0.702020 5.152758
-0.673509 4.541030
-0.650334 4.065368
-0.630294 3.670755
-0.612383 3.332190
-0.596039 3.035551
-0.580911 2.771862
-0.566762 2.535304
-0.553423 2.321458
-0.540770 2.127097
-0.528707 1.949720
-0.517157 1.787342
-0.506061 1.638345
-0.495369 1.501504
-0.485040 1.375533
-0.475038 1.259374
-0.455907 1.053679
-0.446730 0.962736
-0.437785 0.878869
-0.429055 0.801585
-0.420527 0.730397
-0.412186 0.664857
-0.404020 0.604562
-0.396020 0.549131
-0.388175 0.498216
-0.380476 0.451492
-0.372917 0.408653
-0.365489 0.369560
-0.358186 0.333524
-0.351001 0.300706
-0.343930 0.270742
-0.336967 0.243509
-0.330106 0.218691
-0.323345 0.196016
-0.316678 0.175281
-0.310102 0.156591
-0.303613 0.139641
-0.297208 0.124477
-0.290883 0.110565
-0.284636 0.097996
-0.278464 0.086654
-0.272364 0.076434
-0.266333 0.067240
-0.260370 0.058980
-0.254473 0.051573
-0.248638 0.044876
-0.242864 0.039138
-0.237150 0.033840
-0.231493 0.029128
-0.225892 0.024947
-0.220345 0.021247
-0.214850 0.017983
-0.209407 0.015114
-0.204013 0.012602
-0.198668 0.010412
-0.193370 0.008512
-0.188118 0.006874
-0.182910 0.005472
-0.177746 0.004280
-0.172625 0.003309
-0.167544 0.002468
-0.162505 0.001780
-0.157505 0.001228
-0.152543 0.000826
-0.147620 0.000489
-0.142733 0.000249
-0.137882 0.000095
-0.133067 0.000016
-0.128286 0.000002
-0.123539 0.000044
-0.118825 0.000133
-0.114143 0.000263
-0.109493 0.000426
-0.104874 0.000618
-0.100286 0.000831
-0.095727 0.001062
-0.091198 0.001258
-0.086698 0.001501
-0.082226 0.001749
-0.077781 0.001999
-0.073364 0.002247
-0.068973 0.002492
-0.064609 0.002731
-0.060270 0.002963
-0.055957 0.003185
-0.051669 0.003395
-0.047404 0.003594
-0.043164 0.003778
-0.038948 0.003949
-0.034755 0.004063
-0.030585 0.004200
-0.026437 0.004321
-0.022311 0.004425
-0.018207 0.004512
-0.014125 0.004582
-0.010063 0.004634
-0.006023 0.004668
-0.002003 0.004685
0.002003 0.004685
0.006023 0.004668
0.010063 0.004634
0.014125 0.004582
0.018207 0.004512
0.022311 0.004425
0.026437 0.004321
0.030585 0.004200
0.034755 0.004063
0.038948 0.003949
0.043164 0.003778
0.047404 0.003594
0.051669 0.003395
0.055957 0.003185
0.060270 0.002963
0.064609 0.002731
0.068973 0.002492
0.073364 0.002247
0.077781 0.001999
0.082226 0.001749
0.086698 0.001501
0.091198 0.001258
0.095727 0.001062
0.100286 0.000831
0.104874 0.000618
0.109493 0.000426
0.114143 0.000263
0.118825 0.000133
0.123539 0.000044
0.128286 0.000002
0.129549 0.000000
0.133067 0.000016
0.137882 0.000095
0.142733 0.000249
0.147620 0.000489
0.152543 0.000826
0.157505 0.001228
0.162505 0.001780
0.167544 0.002468
0.172625 0.003309
0.177746 0.004280
0.182910 0.005472
0.188118 0.006874
0.193370 0.008512
0.198668 0.010412
0.204013 0.012602
0.209407 0.015114
0.214850 0.017983
0.220345 0.021247
0.225892 0.024947
0.231493 0.029128
0.237150 0.033840
0.242864 0.039138
0.248638 0.044876
0.254473 0.051573
0.260370 0.058980
0.266333 0.067240
0.272364 0.076434
0.278464 0.086654
0.284636 0.097996
0.290883 0.110565
0.297208 0.124477
0.303613 0.139641
0.310102 0.156591
0.316678 0.175281
0.323345 0.196016
0.330106 0.218691
0.336967 0.243509
0.343930 0.270742
0.351001 0.300706
0.358186 0.333524
0.365489 0.369560
0.372917 0.408653
0.380476 0.451492
0.388175 0.498216
0.396020 0.549131
0.404020 0.604562
0.412186 0.664857
0.420527 0.730397
0.429055 0.801585
0.437785 0.878869
0.446730 0.962736
0.455907 1.053679
0.475038 1.259374
0.485040 1.375533
0.495369 1.501504
0.506061 1.638345
0.517157 1.787342
0.528707 1.949720
0.540770 2.127097
0.553423 2.321458
0.566762 2.535304
0.580911 2.771862
0.596039 3.035551
0.612383 3.332190
0.630294 3.670755
0.650334 4.065368
0.673509 4.541030
0.702020 5.152758
0.743431 6.088238
