-0.743431 3.650820
-0.702020 3.236686
-0.673509 2.957460
-0.650334 2.734836
-0.630294 2.545880
-0.612383 2.380224
-0.596039 2.231794
-0.580911 2.097010
-0.566762 1.973621
-0.553423 1.859454
-0.540770 1.753673
-0.528707 1.654845
-0.517157 1.562374
-0.506061 1.475620
-0.495369 1.394064
-0.485040 1.317265
-0.475038 1.244868
-0.465336 1.176553
-0.455907 1.111999
-0.446730 1.051259
-0.437785 0.993712
-0.429055 0.939370
-0.420527 0.888065
-0.412186 0.839648
-0.404020 0.793982
-0.396020 0.750940
-0.388175 0.710406
-0.380476 0.672270
-0.372917 0.636432
-0.365489 0.602709
-0.358186 0.571200
-0.351001 0.541709
-0.343930 0.514223
-0.336967 0.488508
-0.330106 0.464549
-0.323345 0.442262
-0.316678 0.421564
-0.310102 0.402371
-0.303613 0.384601
-0.297208 0.368170
-0.290883 0.352995
-0.284636 0.338994
-0.278464 0.326086
-0.272364 0.314188
-0.266333 0.303222
-0.260370 0.293109
-0.254473 0.283773
-0.248638 0.275139
-0.242864 0.267135
-0.237150 0.259692
-0.231493 0.252745
-0.225892 0.246231
-0.220345 0.240090
-0.214850 0.234269
-0.209407 0.228715
-0.204013 0.223380
-0.198668 0.218222
-0.193370 0.213201
-0.188118 0.208280
-0.182910 0.203428
-0.177746 0.198616
-0.172625 0.193820
-0.167544 0.189017
-0.162505 0.184189
-0.157505 0.179321
-0.152543 0.174400
-0.147620 0.169351
-0.142733 0.164298
-0.137882 0.159169
-0.133067 0.153961
-0.128286 0.148673
-0.123539 0.143306
-0.118825 0.138058
-0.114143 0.132532
-0.109493 0.126939
-0.104874 0.121287
-0.100286 0.115584
-0.095727 0.109839
-0.091198 0.104063
-0.086698 0.098269
-0.082226 0.092470
-0.077781 0.086681
-0.073364 0.080915
-0.068973 0.075189
-0.064609 0.069520
-0.060270 0.063926
-0.055957 0.058426
-0.051669 0.053037
-0.047404 0.047781
-0.043164 0.042678
-0.038948 0.037749
-0.034755 0.033016
-0.030585 0.028606
-0.026437 0.024315
-0.022311 0.020291
-0.018207 0.016556
-0.014125 0.013134
-0.010063 0.010051
-0.006023 0.007331
-0.002003 0.004998
0.002003 0.003107
0.006023 0.001597
0.010063 0.000610
0.014125 0.000048
0.016590 0.000000
0.018207 0.000065
0.022311 0.000709
0.026437 0.001926
0.030585 0.003823
0.034755 0.006486
0.038948 0.009933
0.043164 0.014213
0.047404 0.019380
0.051669 0.025283
0.055957 0.032427
0.060270 0.040539
0.064609 0.049747
0.068973 0.060104
0.073364 0.071661
0.077781 0.084470
0.082226 0.098360
0.086698 0.113793
0.091198 0.130620
0.095727 0.148891
0.100286 0.168754
0.104874 0.189989
0.109493 0.212878
0.114143 0.237323
0.118825 0.263408
0.123539 0.291164
0.128286 0.320608
0.133067 0.351763
0.137882 0.384649
0.142733 0.419075
0.147620 0.455449
0.152543 0.493601
0.157505 0.533542
0.162505 0.575282
0.167544 0.618828
0.172625 0.664187
0.177746 0.711362
0.182910 0.760358
0.188118 0.811176
0.193370 0.863968
0.198668 0.918461
0.204013 0.974579
0.209407 1.032697
0.214850 1.092803
0.225892 1.218139
0.231493 1.283577
0.237150 1.350832
0.242864 1.419963
0.248638 1.490911
0.254473 1.563687
0.260370 1.638310
0.266333 1.714795
0.272364 1.793151
0.278464 1.873398
0.284636 1.955543
0.290883 2.039394
0.297208 2.125378
0.303613 2.213319
0.310102 2.303242
0.316678 2.395176
0.323345 2.489154
0.330106 2.585214
0.336967 2.683396
0.343930 2.783833
0.351001 2.886405
0.358186 2.991256
0.365489 3.098451
0.372917 3.208064
0.380476 3.320173
0.388175 3.434871
0.396020 3.552256
0.404020 3.672444
0.412186 3.795558
0.420527 3.921744
0.429055 4.051149
0.437785 4.183761
0.446730 4.320156
0.455907 4.460391
0.465336 4.604821
0.475038 4.753602
0.485040 4.907158
0.495369 5.065902
0.506061 5.230319
0.517157 5.400973
0.528707 5.578647
0.540770 5.763990
0.553423 5.958473
0.566762 6.163406
0.580911 6.380409
0.596039 6.612060
0.612383 6.861639
0.630294 7.134684
0.650334 7.438944
0.673509 7.789412
0.702020 8.217930
0.743431 8.835358
