-1.841214 3.480986
-1.758505 3.175615
-1.701560 2.973519
-1.655273 2.814147
-1.615250 2.679882
-1.579477 2.562655
-1.546833 2.457972
-1.516618 2.363024
-1.488358 2.275915
-1.461718 2.195295
-1.436447 2.120162
-1.412352 2.049749
-1.389285 1.983451
-1.367123 1.920783
-1.345768 1.861349
-1.325138 1.804818
-1.305163 1.750914
-1.285784 1.699402
-1.266952 1.650079
-1.248622 1.602771
-1.230757 1.557322
-1.213322 1.513600
-1.196288 1.471485
-1.179629 1.430871
-1.163321 1.391663
-1.147342 1.353776
-1.131673 1.317133
-1.116297 1.281664
-1.101199 1.247305
-1.086363 1.213999
-1.071777 1.181692
-1.057427 1.150336
-1.043304 1.119886
-1.029397 1.090300
-1.015695 1.061540
-1.002191 1.033570
-0.988875 1.006357
-0.975741 0.979870
-0.962781 0.954081
-0.949988 0.928961
-0.937356 0.904487
-0.924879 0.880634
-0.912551 0.857379
-0.900368 0.834703
-0.888324 0.812584
-0.876414 0.791005
-0.864635 0.769947
-0.852981 0.749394
-0.841450 0.729395
-0.830037 0.709804
-0.818739 0.690672
-0.807552 0.671987
-0.796473 0.653734
-0.785499 0.635903
-0.774627 0.618480
-0.763854 0.601456
-0.753178 0.584818
-0.742597 0.568558
-0.732106 0.552664
-0.721705 0.537129
-0.711391 0.521942
-0.701162 0.507095
-0.691016 0.492580
-0.680951 0.478389
-0.670964 0.464514
-0.661055 0.450949
-0.651221 0.437685
-0.641461 0.424717
-0.631773 0.412037
-0.622155 0.399639
-0.612606 0.387518
-0.603125 0.375667
-0.593710 0.364081
-0.584359 0.352754
-0.575072 0.341680
-0.565847 0.330856
-0.556683 0.320331
-0.547578 0.309989
-0.538533 0.299881
-0.529544 0.290003
-0.520612 0.280351
-0.511735 0.270921
-0.502913 0.261708
-0.494144 0.252708
-0.485427 0.243919
-0.476762 0.235336
-0.468147 0.226955
-0.459581 0.218773
-0.451065 0.210786
-0.442597 0.202992
-0.434175 0.195387
-0.425801 0.187967
-0.417471 0.180731
-0.409187 0.173674
-0.400947 0.166794
-0.392750 0.160089
-0.384597 0.153555
-0.376485 0.147190
-0.368415 0.140991
-0.360385 0.134956
-0.352396 0.129082
-0.344447 0.123366
-0.336536 0.117808
-0.328665 0.112403
-0.320831 0.107151
-0.313034 0.102048
-0.305274 0.097093
-0.297551 0.092283
-0.289864 0.087617
-0.282211 0.083092
-0.274594 0.078708
-0.267011 0.074461
-0.259462 0.070350
-0.251947 0.066408
-0.244464 0.062562
-0.237015 0.058848
-0.229597 0.055262
-0.222211 0.051804
-0.214856 0.048471
-0.207533 0.045263
-0.200240 0.042177
-0.192977 0.039212
-0.185744 0.036366
-0.178541 0.033639
-0.171366 0.031029
-0.164221 0.028533
-0.157103 0.026151
-0.150014 0.023882
-0.142953 0.021724
-0.135919 0.019676
-0.128912 0.017737
-0.121932 0.015904
-0.114978 0.014178
-0.108051 0.012557
-0.101149 0.011040
-0.094274 0.009625
-0.087423 0.008311
-0.080597 0.007098
-0.073797 0.005985
-0.067020 0.004969
-0.060268 0.004051
-0.053540 0.003229
-0.046836 0.002501
-0.040155 0.001868
-0.033498 0.001328
-0.026863 0.000881
-0.020251 0.000524
-0.013662 0.000258
-0.007095 0.000081
-0.000550 -0.000007
0.002714 0.000000
0.005978 -0.000008
0.012523 0.000079
0.019090 0.000255
0.025679 0.000520
0.032291 0.000875
0.038926 0.001321
0.045583 0.001860
0.052264 0.002491
0.058968 0.003217
0.065696 0.004038
0.072448 0.004955
0.079224 0.005970
0.086025 0.007082
0.092851 0.008294
0.099701 0.009606
0.106577 0.011020
0.113479 0.012537
0.120406 0.014157
0.127360 0.015836
0.134340 0.017665
0.141347 0.019601
0.148381 0.021645
0.155442 0.023799
0.162531 0.026064
0.169648 0.028442
0.176794 0.030934
0.183968 0.033540
0.191172 0.036263
0.198405 0.039104
0.205668 0.042065
0.212961 0.045146
0.220284 0.048350
0.227639 0.051677
0.235025 0.055131
0.242442 0.058711
0.249892 0.062420
0.257375 0.066260
0.264890 0.070232
0.272439 0.074338
0.280022 0.078580
0.287639 0.082959
0.295291 0.087478
0.302979 0.092139
0.310702 0.096943
0.318462 0.101892
0.326258 0.106989
0.334092 0.112236
0.341964 0.117635
0.349875 0.123187
0.357824 0.128896
0.365813 0.134764
0.373842 0.140793
0.381913 0.146985
0.390024 0.153344
0.398178 0.159871
0.406375 0.166569
0.414615 0.173442
0.422899 0.180491
0.431228 0.187720
0.439603 0.195132
0.448024 0.202730
0.456493 0.210516
0.465009 0.218494
0.473574 0.226668
0.482189 0.235040
0.490855 0.243615
0.499572 0.252395
0.508341 0.261385
0.517163 0.270589
0.526040 0.280010
0.534972 0.289652
0.543960 0.299519
0.553006 0.309617
0.562111 0.319948
0.571275 0.330519
0.580500 0.341333
0.589787 0.352397
0.599138 0.363713
0.608553 0.375289
0.618034 0.387129
0.627583 0.399239
0.637201 0.411625
0.646889 0.424294
0.656649 0.437250
0.666483 0.450501
0.676392 0.463944
0.686379 0.477802
0.696444 0.491976
0.706590 0.506474
0.716819 0.521303
0.727133 0.536472
0.737534 0.551989
0.748024 0.567863
0.758606 0.584104
0.769282 0.600721
0.780055 0.617724
0.790927 0.635125
0.801900 0.652934
0.812979 0.671163
0.824166 0.689825
0.835465 0.708932
0.846878 0.728498
0.858409 0.748538
0.870063 0.769065
0.881842 0.790097
0.893752 0.811649
0.905796 0.833740
0.917979 0.856387
0.930307 0.879612
0.942784 0.903435
0.955416 0.927877
0.968209 0.952963
0.981169 0.978719
0.994303 1.005170
1.007619 1.032346
1.021123 1.060278
1.034824 1.088999
1.048732 1.118543
1.062855 1.148951
1.077204 1.180262
1.091791 1.212523
1.106627 1.245781
1.121725 1.280090
1.137101 1.315507
1.152769 1.352096
1.168748 1.389926
1.185057 1.429075
1.201716 1.469627
1.218750 1.511677
1.236185 1.555330
1.254050 1.600707
1.272380 1.647940
1.291212 1.697183
1.310591 1.748611
1.330566 1.802425
1.351196 1.858861
1.372551 1.918195
1.394713 1.980755
1.417780 2.046937
1.441874 2.117177
1.467146 2.192172
1.493786 2.272642
1.522046 2.359587
1.552261 2.454354
1.584904 2.558833
1.620677 2.675827
1.660701 2.809821
1.706988 2.968863
1.763933 3.170529
1.846642 3.475228
