-1.866874 3.501908
-1.782953 3.194351
-1.725174 2.990813
-1.678209 2.830306
-1.637598 2.695086
-1.601301 2.577029
-1.568179 2.471606
-1.537522 2.376043
-1.508848 2.288319
-1.481817 2.207131
-1.456176 2.131471
-1.431729 2.060564
-1.408323 1.993803
-1.385837 1.930698
-1.364169 1.870851
-1.343236 1.813928
-1.322968 1.759652
-1.303306 1.707786
-1.284198 1.658124
-1.265600 1.610491
-1.247472 1.564733
-1.229782 1.520714
-1.212499 1.478313
-1.195596 1.437425
-1.179048 1.397953
-1.162835 1.359811
-1.146937 1.322923
-1.131336 1.287218
-1.116016 1.252631
-1.100963 1.219105
-1.086163 1.186586
-1.071604 1.155024
-1.057273 1.124375
-1.043162 1.094597
-1.029260 1.065651
-1.015558 1.037501
-1.002047 1.010113
-0.988721 0.983458
-0.975570 0.957504
-0.962590 0.932227
-0.949773 0.907599
-0.937113 0.883598
-0.924605 0.860317
-0.912243 0.837501
-0.900022 0.815247
-0.887938 0.793538
-0.875986 0.772355
-0.864162 0.751682
-0.852462 0.731502
-0.840882 0.711801
-0.829418 0.692564
-0.818067 0.673777
-0.806826 0.655427
-0.795691 0.637502
-0.784660 0.619990
-0.773729 0.602880
-0.762897 0.586161
-0.752160 0.569822
-0.741516 0.553853
-0.730963 0.538246
-0.720498 0.522991
-0.710119 0.508079
-0.699824 0.493502
-0.689611 0.479252
-0.679479 0.465320
-0.669424 0.451701
-0.659446 0.438386
-0.649543 0.425369
-0.639713 0.412643
-0.629954 0.400201
-0.620265 0.388039
-0.610645 0.376148
-0.601092 0.364525
-0.591604 0.353162
-0.582181 0.342056
-0.572821 0.331201
-0.563523 0.320591
-0.554285 0.310222
-0.545106 0.300089
-0.535986 0.290188
-0.526923 0.280515
-0.517917 0.271064
-0.508965 0.261832
-0.500067 0.252815
-0.491223 0.244010
-0.482430 0.235411
-0.473689 0.227016
-0.464999 0.218821
-0.456357 0.210823
-0.447765 0.203017
-0.439220 0.195402
-0.430723 0.187974
-0.422271 0.180729
-0.413866 0.173665
-0.405505 0.166779
-0.397188 0.160067
-0.388915 0.153528
-0.380684 0.147158
-0.372496 0.140955
-0.364349 0.134916
-0.356243 0.129040
-0.348177 0.123322
-0.340151 0.117761
-0.332164 0.112355
-0.324215 0.107102
-0.316304 0.101998
-0.308431 0.097043
-0.300594 0.092233
-0.292794 0.087568
-0.285030 0.083044
-0.277301 0.078660
-0.269607 0.074414
-0.261947 0.070304
-0.254322 0.066329
-0.246730 0.062486
-0.239171 0.058774
-0.231644 0.055191
-0.224150 0.051735
-0.216688 0.048405
-0.209257 0.045199
-0.201857 0.042115
-0.194488 0.039153
-0.187149 0.036310
-0.179840 0.033585
-0.172561 0.030977
-0.165310 0.028505
-0.158089 0.026126
-0.150896 0.023858
-0.143731 0.021702
-0.136594 0.019656
-0.129484 0.017719
-0.122402 0.015888
-0.115347 0.014164
-0.108318 0.012544
-0.101315 0.011028
-0.094338 0.009615
-0.087388 0.008303
-0.080462 0.007092
-0.073562 0.005979
-0.066686 0.004965
-0.059835 0.004047
-0.053009 0.003226
-0.046206 0.002500
-0.039427 0.001867
-0.032672 0.001328
-0.025941 0.000881
-0.019232 0.000524
-0.012546 0.000258
-0.005883 0.000081
0.000758 -0.000007
0.004070 0.000000
0.007382 -0.000008
0.014023 0.000079
0.020686 0.000254
0.027372 0.000518
0.034080 0.000872
0.040812 0.001317
0.047567 0.001855
0.054346 0.002485
0.061148 0.003210
0.067975 0.004029
0.074826 0.004945
0.081701 0.005957
0.088602 0.007068
0.095527 0.008277
0.102478 0.009587
0.109455 0.010998
0.116458 0.012512
0.123486 0.014130
0.130542 0.015852
0.137624 0.017680
0.144734 0.019616
0.151871 0.021660
0.159036 0.023814
0.166229 0.026056
0.173450 0.028433
0.180701 0.030924
0.187980 0.033530
0.195289 0.036253
0.202628 0.039094
0.209997 0.042054
0.217397 0.045135
0.224828 0.048339
0.232290 0.051667
0.239784 0.055121
0.247311 0.058702
0.254870 0.062412
0.262462 0.066253
0.270087 0.070226
0.277747 0.074334
0.285441 0.078578
0.293170 0.082960
0.300934 0.087482
0.308734 0.092145
0.316571 0.096953
0.324444 0.101906
0.332355 0.107008
0.340303 0.112259
0.348291 0.117663
0.356317 0.123222
0.364383 0.128938
0.372489 0.134813
0.380636 0.140849
0.388824 0.147050
0.397055 0.153418
0.405328 0.159956
0.413645 0.166665
0.422006 0.173549
0.430411 0.180612
0.438863 0.187855
0.447360 0.195281
0.455905 0.202895
0.464497 0.210698
0.473138 0.218695
0.481829 0.226888
0.490570 0.235281
0.499362 0.243878
0.508207 0.252682
0.517105 0.261697
0.526056 0.270927
0.535063 0.280376
0.544126 0.290048
0.553246 0.299947
0.562425 0.310078
0.571662 0.320445
0.580961 0.331054
0.590321 0.341908
0.599744 0.353012
0.609232 0.364373
0.618785 0.375995
0.628405 0.387884
0.638094 0.400045
0.647853 0.412485
0.657683 0.425209
0.667586 0.438225
0.677564 0.451538
0.687618 0.465156
0.697751 0.479086
0.707964 0.493334
0.718259 0.507910
0.728638 0.522821
0.739103 0.538074
0.749656 0.553680
0.760300 0.569647
0.771037 0.585984
0.781869 0.602702
0.792800 0.619811
0.803831 0.637321
0.814965 0.655245
0.826207 0.673593
0.837558 0.692378
0.849021 0.711614
0.860602 0.731313
0.872302 0.751491
0.884126 0.772163
0.896078 0.793344
0.908162 0.815051
0.920383 0.837302
0.932745 0.860117
0.945253 0.883514
0.957913 0.907516
0.970730 0.932083
0.983710 0.957359
0.996860 0.983311
1.010187 1.009966
1.023698 1.037351
1.037400 1.065500
1.051302 1.094444
1.065413 1.124221
1.079743 1.154868
1.094303 1.186427
1.109103 1.218945
1.124156 1.252469
1.139476 1.287007
1.155077 1.322710
1.170975 1.359595
1.187188 1.397734
1.203735 1.437203
1.220639 1.478088
1.237922 1.520486
1.255612 1.564502
1.273740 1.610257
1.292338 1.657886
1.311446 1.707544
1.331108 1.759408
1.351376 1.813680
1.372309 1.870598
1.393977 1.930441
1.416463 1.993542
1.439868 2.060299
1.464316 2.131201
1.489957 2.206856
1.516988 2.288038
1.545662 2.375757
1.576319 2.471370
1.609441 2.576789
1.645738 2.694842
1.686348 2.830056
1.733314 2.990557
1.791093 3.194087
1.875013 3.501633
