-1.848702 3.484419
-1.765787 3.178779
-1.708699 2.976502
-1.662297 2.817047
-1.622173 2.682656
-1.586310 2.565319
-1.553585 2.460537
-1.523295 2.365498
-1.494965 2.278305
-1.468258 2.197607
-1.442923 2.122402
-1.418769 2.051919
-1.395644 1.985556
-1.373427 1.922826
-1.352018 1.863333
-1.331336 1.806746
-1.311311 1.752789
-1.291884 1.701225
-1.273005 1.651852
-1.254629 1.604496
-1.236719 1.559001
-1.219241 1.515235
-1.202165 1.473077
-1.185464 1.432421
-1.169114 1.393173
-1.153096 1.355247
-1.137388 1.318566
-1.121974 1.283060
-1.106838 1.248665
-1.091965 1.215324
-1.077342 1.182984
-1.062957 1.151595
-1.048798 1.121113
-1.034856 1.091496
-1.021120 1.062706
-1.007582 1.034706
-0.994234 1.007464
-0.981067 0.980949
-0.968074 0.955132
-0.955249 0.929986
-0.942585 0.905486
-0.930077 0.881607
-0.917719 0.858327
-0.905505 0.835626
-0.893431 0.813484
-0.881491 0.791881
-0.869682 0.770801
-0.858000 0.750226
-0.846440 0.730140
-0.834998 0.710529
-0.823672 0.691378
-0.812457 0.672673
-0.801350 0.654402
-0.790349 0.636552
-0.779450 0.619112
-0.768650 0.602070
-0.757948 0.585415
-0.747339 0.569138
-0.736823 0.553228
-0.726396 0.537677
-0.716056 0.522474
-0.705802 0.507612
-0.695630 0.493082
-0.685540 0.478877
-0.675528 0.464988
-0.665594 0.451486
-0.655736 0.438206
-0.645951 0.425222
-0.636239 0.412526
-0.626597 0.400114
-0.617024 0.387977
-0.607519 0.376112
-0.598080 0.364512
-0.588706 0.353171
-0.579396 0.342084
-0.570148 0.331247
-0.560961 0.320654
-0.551834 0.310300
-0.542765 0.300181
-0.533755 0.290293
-0.524800 0.280631
-0.515901 0.271190
-0.507057 0.261967
-0.498266 0.252958
-0.489527 0.244159
-0.480840 0.235566
-0.472204 0.227176
-0.463617 0.218985
-0.455079 0.210990
-0.446590 0.203187
-0.438147 0.195574
-0.429752 0.188146
-0.421402 0.180902
-0.413097 0.173837
-0.404836 0.166950
-0.396619 0.160237
-0.388445 0.153696
-0.380313 0.147355
-0.372222 0.141149
-0.364173 0.135107
-0.356164 0.129226
-0.348195 0.123504
-0.340265 0.117939
-0.332373 0.112529
-0.324520 0.107270
-0.316703 0.102162
-0.308924 0.097202
-0.301182 0.092387
-0.293475 0.087717
-0.285804 0.083188
-0.278168 0.078799
-0.270566 0.074547
-0.262998 0.070432
-0.255464 0.066452
-0.247962 0.062603
-0.240494 0.058886
-0.233058 0.055298
-0.225653 0.051837
-0.218281 0.048502
-0.210939 0.045291
-0.203627 0.042202
-0.196346 0.039235
-0.189095 0.036388
-0.181874 0.033658
-0.174682 0.031045
-0.167518 0.028548
-0.160383 0.026165
-0.153276 0.023894
-0.146197 0.021734
-0.139146 0.019684
-0.132121 0.017743
-0.125124 0.015910
-0.118153 0.014183
-0.111208 0.012561
-0.104289 0.011042
-0.097396 0.009627
-0.090529 0.008312
-0.083686 0.007099
-0.076868 0.005985
-0.070075 0.004969
-0.063306 0.004050
-0.056561 0.003227
-0.049840 0.002500
-0.043143 0.001867
-0.036469 0.001327
-0.029818 0.000879
-0.023189 0.000523
-0.016584 0.000257
-0.010000 0.000081
-0.003439 -0.000007
-0.000166 0.000000
0.003106 -0.000008
0.009667 0.000080
0.016251 0.000256
0.022856 0.000521
0.029485 0.000877
0.036136 0.001324
0.042810 0.001864
0.049507 0.002497
0.056228 0.003223
0.062973 0.004046
0.069742 0.004964
0.076535 0.005979
0.083353 0.007093
0.090196 0.008306
0.097063 0.009620
0.103956 0.011036
0.110875 0.012554
0.117820 0.014176
0.124791 0.015903
0.131788 0.017736
0.138813 0.019677
0.145864 0.021726
0.152943 0.023842
0.160050 0.026111
0.167185 0.028492
0.174349 0.030988
0.181541 0.033598
0.188762 0.036326
0.196014 0.039171
0.203294 0.042136
0.210606 0.045222
0.217948 0.048431
0.225320 0.051763
0.232725 0.055222
0.240161 0.058808
0.247629 0.062523
0.255131 0.066368
0.262665 0.070346
0.270233 0.074458
0.277835 0.078706
0.285471 0.083092
0.293142 0.087618
0.300849 0.092286
0.308591 0.097097
0.316371 0.102054
0.324187 0.107158
0.332040 0.112413
0.339932 0.117819
0.347862 0.123380
0.355831 0.129098
0.363840 0.134974
0.371889 0.141012
0.379980 0.147213
0.388112 0.153581
0.396286 0.160118
0.404503 0.166826
0.412764 0.173709
0.421069 0.180769
0.429419 0.188008
0.437815 0.195431
0.446257 0.203040
0.454746 0.210837
0.463284 0.218827
0.471871 0.227013
0.480507 0.235398
0.489194 0.243985
0.497933 0.252779
0.506724 0.261782
0.515568 0.270999
0.524467 0.280433
0.533422 0.290090
0.542432 0.299972
0.551501 0.310084
0.560628 0.320430
0.569815 0.331017
0.579063 0.341847
0.588374 0.352926
0.597747 0.364260
0.607186 0.375852
0.616691 0.387710
0.626264 0.399838
0.635906 0.412242
0.645618 0.424929
0.655403 0.437809
0.665261 0.451077
0.675195 0.464647
0.685207 0.478526
0.695297 0.492721
0.705469 0.507240
0.715723 0.522091
0.726063 0.537283
0.736490 0.552823
0.747006 0.568720
0.757615 0.584985
0.768317 0.601627
0.779117 0.618656
0.790016 0.636082
0.801017 0.653918
0.812124 0.672175
0.823339 0.690864
0.834665 0.710000
0.846107 0.729595
0.857667 0.749665
0.869350 0.770223
0.881158 0.791286
0.893098 0.812870
0.905172 0.834994
0.917386 0.857676
0.929744 0.880935
0.942252 0.904793
0.954916 0.929272
0.967741 0.954396
0.980734 0.980190
0.993901 1.006681
1.007249 1.033898
1.020787 1.061872
1.034523 1.090636
1.048465 1.120225
1.062624 1.150679
1.077009 1.182038
1.091632 1.214347
1.106505 1.247655
1.121641 1.282016
1.137055 1.317487
1.152763 1.354131
1.168782 1.392019
1.185131 1.431227
1.201832 1.471841
1.218908 1.513954
1.236386 1.557675
1.254297 1.603120
1.272672 1.650426
1.291551 1.699744
1.310978 1.751251
1.331003 1.805148
1.351685 1.861670
1.373094 1.921095
1.395311 1.983752
1.418436 2.050037
1.442590 2.120435
1.467925 2.195549
1.494632 2.276148
1.522962 2.363231
1.553252 2.458149
1.585977 2.562795
1.621840 2.679978
1.661964 2.814125
1.708366 2.973421
1.765454 3.175410
1.848369 3.480601
