-0.373311 7.052387
-0.349452 6.602505
-0.333025 6.290701
-0.319673 6.036590
-0.308127 5.815955
-0.297808 5.618681
-0.288391 5.438066
-0.279675 5.271070
-0.271523 5.114535
-0.263838 4.966977
-0.256548 4.827028
-0.249598 4.693658
-0.242944 4.566053
-0.236551 4.443562
-0.230391 4.325655
-0.224439 4.211869
-0.218677 4.101903
-0.213087 3.995399
-0.207655 3.892101
-0.202367 3.791776
-0.197214 3.694233
-0.192184 3.599303
-0.187271 3.506832
-0.182465 3.416685
-0.177760 3.328742
-0.173151 3.242896
-0.168631 3.159190
-0.164196 3.077142
-0.159840 2.997097
-0.155561 2.918750
-0.151353 2.842091
-0.147214 2.767058
-0.143140 2.693612
-0.139128 2.621717
-0.135175 2.551324
-0.131280 2.482351
-0.127439 2.414821
-0.123650 2.348668
-0.119911 2.283860
-0.116221 2.220555
-0.112577 2.158333
-0.108978 2.097372
-0.105422 2.037641
-0.101907 1.979130
-0.098433 1.921811
-0.094997 1.865690
-0.091599 1.810732
-0.088238 1.756922
-0.084911 1.704236
-0.081619 1.652659
-0.078360 1.602179
-0.075133 1.552929
-0.071937 1.504562
-0.068771 1.457253
-0.065635 1.411007
-0.062527 1.365811
-0.059448 1.321635
-0.056395 1.278475
-0.053369 1.236318
-0.050369 1.195145
-0.047394 1.154946
-0.044443 1.115712
-0.041516 1.077432
-0.038613 1.040098
-0.035732 1.003692
-0.032873 0.968206
-0.030037 0.933630
-0.027221 0.899954
-0.024426 0.867163
-0.021652 0.835247
-0.018897 0.804192
-0.016162 0.773988
-0.013446 0.744602
-0.010749 0.716060
-0.008070 0.688330
-0.005409 0.661395
-0.002765 0.635247
-0.000139 0.610015
0.002470 0.585215
0.005063 0.561411
0.007640 0.538385
0.010201 0.515965
0.012746 0.494227
0.015275 0.473217
0.017790 0.452846
0.020289 0.433167
0.022775 0.414125
0.025245 0.395712
0.030145 0.360703
0.032574 0.344034
0.034990 0.328156
0.037393 0.312648
0.039782 0.297664
0.042159 0.283471
0.044524 0.269619
0.046876 0.256262
0.049216 0.243407
0.051544 0.231030
0.053860 0.219123
0.056165 0.207673
0.058458 0.196666
0.060740 0.186090
0.063011 0.175934
0.065270 0.166230
0.067519 0.156831
0.069758 0.147862
0.071986 0.139264
0.074203 0.131028
0.076411 0.123284
0.078608 0.115721
0.080795 0.108489
0.082973 0.101578
0.085141 0.094979
0.087300 0.088681
0.089449 0.082676
0.091588 0.076955
0.093719 0.071509
0.095840 0.066330
0.097953 0.061408
0.100057 0.056898
0.102152 0.052453
0.104238 0.048247
0.106316 0.044262
0.108386 0.040496
0.110447 0.036942
0.112500 0.033592
0.114545 0.030441
0.116582 0.027481
0.118611 0.024706
0.120633 0.022110
0.122646 0.019687
0.124652 0.017432
0.126650 0.015339
0.128641 0.013403
0.130625 0.011618
0.132601 0.009979
0.134570 0.008451
0.136532 0.007275
0.138486 0.006022
0.140434 0.004900
0.142375 0.003903
0.144309 0.003028
0.146236 0.002271
0.148157 0.001627
0.150070 0.001155
0.151978 0.000707
0.153878 0.000366
0.155773 0.000180
0.157661 0.000022
0.158602 0.000000
0.159544 -0.000024
0.161432 0.000039
0.163326 0.000208
0.165227 0.000382
0.167134 0.000705
0.169048 0.001116
0.170969 0.001614
0.172896 0.002114
0.174830 0.002756
0.176771 0.003479
0.178718 0.004280
0.180673 0.005158
0.182635 0.006112
0.184604 0.007141
0.186580 0.008243
0.188564 0.009419
0.190554 0.010666
0.192553 0.011770
0.194559 0.013133
0.196572 0.014616
0.198593 0.016119
0.200622 0.017688
0.202659 0.019323
0.204704 0.021022
0.206758 0.022784
0.208819 0.024610
0.210888 0.026499
0.212966 0.028448
0.215053 0.030458
0.217148 0.032528
0.219252 0.034657
0.221364 0.036846
0.223486 0.039093
0.225616 0.041399
0.227756 0.043762
0.229905 0.046182
0.232064 0.048659
0.234232 0.051193
0.236409 0.053784
0.238597 0.056430
0.240794 0.058927
0.243001 0.061677
0.245219 0.064483
0.247447 0.067345
0.249685 0.070263
0.251934 0.073238
0.254194 0.076314
0.256465 0.079403
0.258747 0.082550
0.261040 0.085755
0.263345 0.089017
0.265661 0.092339
0.267989 0.095720
0.270329 0.099161
0.272681 0.102663
0.275045 0.106227
0.277422 0.109855
0.279812 0.113546
0.282215 0.117303
0.284631 0.121127
0.287060 0.125019
0.289503 0.128980
0.291960 0.133014
0.294430 0.137120
0.296915 0.141301
0.299415 0.145560
0.301930 0.149898
0.304459 0.154318
0.307004 0.158822
0.309565 0.163413
0.312141 0.168093
0.314734 0.172866
0.317344 0.177734
0.319970 0.182701
0.322614 0.187771
0.325275 0.192946
0.327954 0.198230
0.330651 0.203628
0.333367 0.209144
0.336102 0.214782
0.338857 0.220547
0.341631 0.226443
0.344426 0.232475
0.347241 0.238649
0.350078 0.244970
0.352937 0.251444
0.355817 0.258076
0.358721 0.264873
0.361648 0.271841
0.364598 0.278987
0.367574 0.286318
0.370574 0.293842
0.373600 0.301565
0.376653 0.309495
0.379732 0.317642
0.382840 0.326013
0.385976 0.334617
0.389142 0.343464
0.392338 0.352562
0.395565 0.361923
0.398824 0.371556
0.402116 0.381472
0.405443 0.391684
0.408804 0.402201
0.412202 0.413038
0.415638 0.424206
0.419112 0.435719
0.422627 0.447592
0.426183 0.459838
0.429782 0.472474
0.433426 0.485516
0.437116 0.498981
0.440855 0.512887
0.444644 0.527252
0.448485 0.542098
0.452380 0.557446
0.456333 0.573317
0.460344 0.589737
0.464419 0.606731
0.468558 0.624327
0.472766 0.642555
0.477045 0.661444
0.481401 0.681031
0.485836 0.701352
0.490356 0.722447
0.494965 0.744362
0.499670 0.767143
0.504475 0.790845
0.509389 0.815526
0.514418 0.841251
0.519572 0.868091
0.524860 0.896131
0.530292 0.925250
0.535882 0.955963
0.541644 0.988191
0.547595 1.022075
0.553756 1.057778
0.560149 1.095496
0.566803 1.135549
0.573753 1.178061
0.581043 1.223463
0.588728 1.272204
0.596880 1.324870
0.605596 1.382046
0.615013 1.445192
0.625332 1.515769
0.636878 1.596404
0.650230 1.691698
0.666657 1.811819
0.690515 1.991574
