-1.867718 3.479160
-1.784364 3.174051
-1.726975 2.972105
-1.680327 2.812861
-1.639991 2.678698
-1.603939 2.561559
-1.571041 2.456952
-1.540590 2.362149
-1.512111 2.275098
-1.485263 2.194531
-1.459794 2.119445
-1.435512 2.049075
-1.412265 1.982816
-1.389930 1.920184
-1.368408 1.860783
-1.347617 1.804283
-1.327486 1.750408
-1.307957 1.698923
-1.288978 1.649625
-1.270505 1.602340
-1.252500 1.556914
-1.234929 1.513212
-1.217763 1.471117
-1.200974 1.430521
-1.184538 1.391331
-1.168434 1.353460
-1.152644 1.316832
-1.137148 1.281378
-1.121932 1.247033
-1.106980 1.213740
-1.092280 1.181446
-1.077819 1.150102
-1.063586 1.119663
-1.049570 1.090088
-1.035761 1.061338
-1.022152 1.033378
-1.008733 1.006174
-0.995496 0.979696
-0.982435 0.953915
-0.969542 0.928804
-0.956811 0.904337
-0.944237 0.880491
-0.931813 0.857243
-0.919535 0.834573
-0.907397 0.812460
-0.895394 0.790886
-0.883523 0.769834
-0.871779 0.749286
-0.860157 0.729227
-0.848655 0.709641
-0.837269 0.690515
-0.825995 0.671834
-0.814829 0.653587
-0.803770 0.635759
-0.792813 0.618341
-0.781957 0.601320
-0.771197 0.584686
-0.760533 0.568429
-0.749961 0.552539
-0.739479 0.537006
-0.729085 0.521822
-0.718776 0.506978
-0.708551 0.492465
-0.698407 0.478276
-0.688342 0.464404
-0.678356 0.450840
-0.668445 0.437578
-0.658609 0.424611
-0.648845 0.411932
-0.639152 0.399536
-0.629529 0.387416
-0.619974 0.375566
-0.610485 0.363980
-0.601062 0.352654
-0.591702 0.341582
-0.582405 0.330759
-0.573170 0.320179
-0.563994 0.309889
-0.554878 0.299782
-0.545819 0.289905
-0.536818 0.280254
-0.527872 0.270824
-0.518980 0.261612
-0.510143 0.252613
-0.501358 0.243825
-0.492625 0.235242
-0.483943 0.226922
-0.475311 0.218738
-0.466728 0.210750
-0.458194 0.202955
-0.449707 0.195348
-0.441267 0.187927
-0.432873 0.180690
-0.424524 0.173632
-0.416219 0.166751
-0.407959 0.160045
-0.399741 0.153510
-0.391566 0.147144
-0.383433 0.140944
-0.375341 0.134908
-0.367290 0.129033
-0.359279 0.123317
-0.351306 0.117758
-0.343373 0.112353
-0.335478 0.107100
-0.327621 0.101997
-0.319801 0.097041
-0.312017 0.092232
-0.304270 0.087566
-0.296558 0.083041
-0.288881 0.078657
-0.281239 0.074410
-0.273631 0.070299
-0.266057 0.066323
-0.258516 0.062479
-0.251008 0.058765
-0.243533 0.055181
-0.236089 0.051724
-0.228678 0.048392
-0.221297 0.045185
-0.213947 0.042100
-0.206628 0.039137
-0.199338 0.036292
-0.192079 0.033566
-0.184848 0.030957
-0.177647 0.028463
-0.170474 0.026083
-0.163330 0.023815
-0.156213 0.021659
-0.149124 0.019613
-0.142063 0.017675
-0.135028 0.015844
-0.128021 0.014120
-0.121039 0.012501
-0.114084 0.010986
-0.107154 0.009573
-0.100250 0.008286
-0.093372 0.007075
-0.086518 0.005962
-0.079689 0.004948
-0.072884 0.004032
-0.066104 0.003211
-0.059347 0.002486
-0.052614 0.001855
-0.045905 0.001317
-0.039218 0.000871
-0.032555 0.000516
-0.025914 0.000252
-0.019296 0.000078
-0.012700 -0.000008
-0.009411 0.000000
-0.006121 -0.000007
0.000475 0.000083
0.007093 0.000261
0.013734 0.000529
0.020397 0.000887
0.027084 0.001336
0.033793 0.001878
0.040526 0.002513
0.047282 0.003242
0.054063 0.004066
0.060868 0.004987
0.067697 0.006004
0.074550 0.007120
0.081429 0.008336
0.088333 0.009652
0.095263 0.011047
0.102218 0.012566
0.109199 0.014189
0.116207 0.015917
0.123242 0.017752
0.130303 0.019693
0.137392 0.021744
0.144509 0.023904
0.151653 0.026176
0.158826 0.028560
0.166027 0.031058
0.173257 0.033671
0.180517 0.036401
0.187807 0.039249
0.195126 0.042217
0.202476 0.045306
0.209856 0.048517
0.217268 0.051852
0.224712 0.055313
0.232187 0.058902
0.239695 0.062619
0.247236 0.066468
0.254810 0.070448
0.262418 0.074563
0.270060 0.078814
0.277737 0.083202
0.285449 0.087730
0.293196 0.092400
0.300980 0.097214
0.308800 0.102173
0.316657 0.107280
0.324552 0.112537
0.332485 0.117946
0.340457 0.123510
0.348469 0.129229
0.356520 0.135108
0.364612 0.141148
0.372745 0.147352
0.380920 0.153722
0.389138 0.160261
0.397398 0.166971
0.405703 0.173856
0.414051 0.180918
0.422446 0.188159
0.430886 0.195584
0.439373 0.203194
0.447907 0.210994
0.456490 0.218986
0.465122 0.227173
0.473804 0.235559
0.482537 0.244148
0.491322 0.252943
0.500159 0.261948
0.509050 0.271166
0.517996 0.280602
0.526998 0.290259
0.536057 0.300142
0.545173 0.310256
0.554349 0.320603
0.563584 0.331190
0.572881 0.341894
0.582241 0.352970
0.591664 0.364301
0.601153 0.375891
0.610708 0.387745
0.620331 0.399870
0.630024 0.412270
0.639788 0.424953
0.649624 0.437925
0.659535 0.451191
0.669521 0.464760
0.679586 0.478637
0.689729 0.492830
0.699955 0.507347
0.710264 0.522196
0.720658 0.537385
0.731140 0.552922
0.741712 0.568817
0.752376 0.585079
0.763136 0.601718
0.773992 0.618744
0.784949 0.636167
0.796008 0.653999
0.807174 0.672251
0.818448 0.690937
0.829834 0.710068
0.841336 0.729607
0.852958 0.749670
0.864702 0.770221
0.876573 0.791277
0.888576 0.812855
0.900714 0.834971
0.912992 0.857645
0.925416 0.880896
0.937990 0.904746
0.950721 0.929216
0.963614 0.954331
0.976675 0.980116
0.989911 1.006598
1.003331 1.033805
1.016940 1.061768
1.030749 1.090522
1.044765 1.120100
1.058998 1.150542
1.073459 1.181890
1.088159 1.214187
1.103111 1.247484
1.118327 1.281832
1.133823 1.317289
1.149613 1.353921
1.165717 1.391795
1.182153 1.430988
1.198942 1.471587
1.216108 1.513686
1.233679 1.557391
1.251684 1.602820
1.270157 1.650109
1.289136 1.699410
1.308665 1.750898
1.328796 1.804776
1.349587 1.861279
1.371109 1.920684
1.393443 1.983319
1.416691 2.049582
1.440973 2.119956
1.466441 2.195045
1.493290 2.275617
1.521769 2.362672
1.552220 2.457560
1.585118 2.562173
1.621170 2.679319
1.661506 2.813489
1.708154 2.972742
1.765543 3.174679
1.848897 3.479796
