-1.851356 3.531774
-1.768070 3.221945
-1.710727 3.016899
-1.664117 2.855200
-1.623814 2.718974
-1.587791 2.600035
-1.554920 2.493824
-1.524494 2.397489
-1.496037 2.309108
-1.469211 2.227310
-1.443763 2.151081
-1.419500 2.079639
-1.396272 2.012372
-1.373955 1.948789
-1.352451 1.888486
-1.331677 1.831130
-1.311562 1.776439
-1.292048 1.724175
-1.273085 1.674131
-1.254627 1.626131
-1.236637 1.580019
-1.219080 1.535659
-1.201928 1.492928
-1.185152 1.451721
-1.168730 1.411940
-1.152639 1.373500
-1.136861 1.336321
-1.121378 1.300334
-1.106174 1.265474
-1.091235 1.231681
-1.076547 1.198903
-1.062097 1.167089
-1.047876 1.136194
-1.033871 1.106176
-1.020074 1.077036
-1.006475 1.048657
-0.993067 1.021045
-0.979841 0.994171
-0.966790 0.968004
-0.953908 0.942517
-0.941188 0.917684
-0.928623 0.893481
-0.916210 0.869887
-0.903941 0.846878
-0.891813 0.824436
-0.879820 0.802541
-0.867959 0.781175
-0.856224 0.760321
-0.844612 0.739964
-0.833119 0.720087
-0.821742 0.700677
-0.810477 0.681720
-0.799321 0.663202
-0.788270 0.645110
-0.777322 0.627434
-0.766475 0.610162
-0.755724 0.593282
-0.745068 0.576785
-0.734505 0.560661
-0.724031 0.544899
-0.713645 0.529491
-0.703345 0.514428
-0.693128 0.499703
-0.682992 0.485305
-0.672936 0.471229
-0.662958 0.457466
-0.653055 0.444010
-0.643227 0.430853
-0.633471 0.417988
-0.623786 0.405411
-0.614171 0.393113
-0.604623 0.381090
-0.595142 0.369336
-0.585726 0.357844
-0.576374 0.346610
-0.567085 0.335629
-0.557857 0.324895
-0.548689 0.314404
-0.539580 0.304151
-0.530529 0.294132
-0.521534 0.284341
-0.512595 0.274775
-0.503711 0.265430
-0.494881 0.256302
-0.486103 0.247387
-0.477377 0.238680
-0.468702 0.230179
-0.460077 0.221880
-0.451502 0.213779
-0.442974 0.205873
-0.434494 0.198159
-0.426061 0.190633
-0.417673 0.183293
-0.409331 0.176136
-0.401034 0.169158
-0.392780 0.162356
-0.384569 0.155729
-0.376401 0.149273
-0.368274 0.142986
-0.360189 0.136865
-0.352144 0.130907
-0.344139 0.125110
-0.336173 0.119472
-0.328247 0.113991
-0.320358 0.108664
-0.312507 0.103512
-0.304693 0.098485
-0.296916 0.093606
-0.289175 0.088873
-0.281469 0.084284
-0.273799 0.079836
-0.266163 0.075528
-0.258561 0.071358
-0.250993 0.067323
-0.243459 0.063424
-0.235957 0.059656
-0.228487 0.056020
-0.221050 0.052512
-0.213644 0.049132
-0.206269 0.045878
-0.198925 0.042749
-0.191612 0.039742
-0.184328 0.036856
-0.177075 0.034090
-0.169850 0.031442
-0.162655 0.028912
-0.155488 0.026497
-0.148349 0.024196
-0.141238 0.022008
-0.134155 0.019931
-0.127099 0.017965
-0.120071 0.016108
-0.113068 0.014358
-0.106093 0.012715
-0.099143 0.011178
-0.092219 0.009744
-0.085321 0.008414
-0.078448 0.007185
-0.071599 0.006057
-0.064776 0.005029
-0.057977 0.004099
-0.051202 0.003266
-0.044451 0.002530
-0.037723 0.001889
-0.031019 0.001343
-0.024338 0.000890
-0.017680 0.000529
-0.011045 0.000260
-0.004432 0.000082
0.002158 -0.000007
0.005445 0.000000
0.008732 -0.000007
0.015323 0.000081
0.021936 0.000260
0.028571 0.000529
0.035229 0.000889
0.041910 0.001342
0.048614 0.001888
0.055341 0.002529
0.062093 0.003265
0.068868 0.004097
0.075667 0.005027
0.082490 0.006056
0.089338 0.007184
0.096212 0.008412
0.103110 0.009743
0.110034 0.011176
0.116984 0.012713
0.123959 0.014356
0.130961 0.016105
0.137990 0.017961
0.145046 0.019927
0.152129 0.022002
0.159240 0.024189
0.166379 0.026489
0.173545 0.028902
0.180741 0.031432
0.187965 0.034077
0.195219 0.036842
0.202503 0.039726
0.209816 0.042731
0.217160 0.045858
0.224535 0.049110
0.231941 0.052488
0.239378 0.055993
0.246848 0.059627
0.254349 0.063392
0.261884 0.067290
0.269452 0.071321
0.277054 0.075489
0.284690 0.079794
0.292360 0.084239
0.300066 0.088826
0.307807 0.093556
0.315584 0.098432
0.323398 0.103456
0.331249 0.108629
0.339138 0.113954
0.347064 0.119433
0.355030 0.125069
0.363035 0.130863
0.371080 0.136818
0.379165 0.142937
0.387292 0.149222
0.395460 0.155675
0.403671 0.162252
0.411925 0.169049
0.420222 0.176023
0.428564 0.183176
0.436952 0.190511
0.445385 0.198032
0.453865 0.205741
0.462393 0.213642
0.470968 0.221738
0.479593 0.230031
0.488268 0.238527
0.496994 0.247227
0.505772 0.256137
0.514602 0.265259
0.523486 0.274597
0.532425 0.284156
0.541420 0.293940
0.550471 0.303952
0.559580 0.314198
0.568748 0.324681
0.577976 0.335407
0.587265 0.346380
0.596617 0.357605
0.606033 0.369087
0.615514 0.380833
0.625062 0.392846
0.634677 0.405134
0.644362 0.417702
0.654118 0.430555
0.663946 0.443701
0.673849 0.457147
0.683827 0.470898
0.693883 0.484962
0.704019 0.499347
0.714236 0.514060
0.724536 0.529109
0.734922 0.544503
0.745396 0.560251
0.755959 0.576361
0.766615 0.592842
0.777366 0.609706
0.788213 0.626962
0.799161 0.644621
0.810212 0.662695
0.821368 0.681154
0.832633 0.700092
0.844010 0.719482
0.855503 0.739337
0.867115 0.759673
0.878850 0.780504
0.890711 0.801847
0.902704 0.823718
0.914832 0.846135
0.927101 0.869117
0.939514 0.892685
0.952079 0.916860
0.964799 0.941664
0.977681 0.967121
0.990732 0.993257
1.003958 1.020099
1.017366 1.047676
1.030965 1.076021
1.044762 1.105165
1.058766 1.135147
1.072988 1.166003
1.087438 1.197777
1.102126 1.230514
1.117065 1.264263
1.132269 1.299078
1.147752 1.335018
1.163530 1.372147
1.179621 1.410536
1.196043 1.450262
1.212819 1.491412
1.229971 1.534082
1.247528 1.578380
1.265518 1.624426
1.283976 1.672356
1.302939 1.722325
1.322453 1.774511
1.342568 1.829119
1.363342 1.886387
1.384846 1.946595
1.407163 2.010077
1.430391 2.077235
1.454654 2.148560
1.480101 2.224663
1.506928 2.306322
1.535385 2.394552
1.565811 2.490718
1.598682 2.596739
1.634705 2.715461
1.675008 2.851433
1.721618 3.012823
1.778961 3.217466
1.862247 3.526662
