-1.888022 3.530005
-1.804579 3.220310
-1.747128 3.015355
-1.700430 2.853728
-1.660051 2.717563
-1.623960 2.598680
-1.591026 2.492517
-1.560543 2.396228
-1.532032 2.307888
-1.505155 2.226130
-1.479659 2.149936
-1.455351 2.078529
-1.432079 2.011295
-1.409720 1.947742
-1.388175 1.887551
-1.367362 1.830221
-1.347209 1.775555
-1.327659 1.723314
-1.308659 1.673294
-1.290166 1.625316
-1.272142 1.579225
-1.254553 1.534885
-1.237368 1.492174
-1.220560 1.450986
-1.204107 1.411224
-1.187986 1.372802
-1.172178 1.335641
-1.156666 1.299671
-1.141433 1.264827
-1.126466 1.231051
-1.111750 1.198288
-1.097273 1.166489
-1.083025 1.135609
-1.068993 1.105606
-1.055170 1.076440
-1.041546 1.048076
-1.028112 1.020479
-1.014861 0.993618
-1.001786 0.967465
-0.988879 0.941991
-0.976135 0.917172
-0.963547 0.892982
-0.951110 0.869400
-0.938818 0.846404
-0.926667 0.823974
-0.914652 0.802090
-0.902768 0.780792
-0.891011 0.759949
-0.879377 0.739601
-0.867863 0.719734
-0.856464 0.700333
-0.845178 0.681385
-0.834000 0.662875
-0.822929 0.644793
-0.811960 0.627125
-0.801092 0.609861
-0.790321 0.592990
-0.779646 0.576501
-0.769062 0.560384
-0.758569 0.544630
-0.748163 0.529230
-0.737843 0.514175
-0.727607 0.499456
-0.717452 0.485066
-0.707377 0.470996
-0.697380 0.457240
-0.687459 0.443790
-0.677612 0.430640
-0.667837 0.417782
-0.658134 0.405210
-0.648501 0.392919
-0.638935 0.380902
-0.629436 0.369153
-0.620003 0.357667
-0.610633 0.346439
-0.601326 0.335463
-0.592080 0.324735
-0.582895 0.314249
-0.573769 0.304001
-0.564701 0.293987
-0.555689 0.284201
-0.546733 0.274640
-0.537833 0.265300
-0.528986 0.256176
-0.520191 0.247265
-0.511449 0.238563
-0.502758 0.230066
-0.494116 0.221771
-0.485524 0.213674
-0.476981 0.205772
-0.468485 0.198062
-0.460035 0.190541
-0.451632 0.183204
-0.443274 0.176050
-0.434961 0.169076
-0.426692 0.162278
-0.418465 0.155654
-0.410282 0.149201
-0.402140 0.142917
-0.394039 0.136799
-0.385979 0.130867
-0.377959 0.125072
-0.369978 0.119436
-0.362037 0.113956
-0.354133 0.108630
-0.346267 0.103456
-0.338439 0.098432
-0.330647 0.093556
-0.322891 0.088825
-0.315171 0.084238
-0.307486 0.079792
-0.299836 0.075486
-0.292220 0.071319
-0.284637 0.067287
-0.277088 0.063389
-0.269572 0.059624
-0.262089 0.055990
-0.254637 0.052484
-0.247217 0.049107
-0.239829 0.045855
-0.232471 0.042727
-0.225144 0.039722
-0.217846 0.036839
-0.210579 0.034075
-0.203341 0.031429
-0.196132 0.028901
-0.188951 0.026487
-0.181799 0.024188
-0.174675 0.022002
-0.167579 0.019927
-0.160509 0.017962
-0.153467 0.016106
-0.146452 0.014357
-0.139463 0.012715
-0.132500 0.011178
-0.125563 0.009745
-0.118652 0.008415
-0.111766 0.007186
-0.104905 0.006059
-0.098068 0.005030
-0.091256 0.004100
-0.084468 0.003268
-0.077705 0.002531
-0.070964 0.001890
-0.064248 0.001344
-0.057554 0.000891
-0.050884 0.000530
-0.044236 0.000261
-0.037611 0.000082
-0.031008 -0.000007
-0.027714 0.000000
-0.024421 -0.000007
-0.017818 0.000081
-0.011193 0.000259
-0.004545 0.000528
0.002126 0.000888
0.008819 0.001340
0.015536 0.001886
0.022276 0.002526
0.029040 0.003262
0.035828 0.004094
0.042640 0.005023
0.049476 0.006051
0.056337 0.007178
0.063223 0.008406
0.070135 0.009736
0.077072 0.011168
0.084035 0.012704
0.091023 0.014346
0.098039 0.016094
0.105081 0.017949
0.112150 0.019913
0.119246 0.021988
0.126371 0.024173
0.133523 0.026472
0.140703 0.028884
0.147912 0.031412
0.155150 0.034056
0.162418 0.036819
0.169715 0.039701
0.177042 0.042704
0.184400 0.045830
0.191789 0.049080
0.199209 0.052456
0.206660 0.055959
0.214144 0.059591
0.221660 0.063354
0.229209 0.067249
0.236791 0.071278
0.244407 0.075443
0.252057 0.079746
0.259742 0.084188
0.267462 0.088772
0.275218 0.093500
0.283010 0.098373
0.290839 0.103393
0.298704 0.108563
0.306608 0.113826
0.314550 0.119300
0.322530 0.124930
0.330550 0.130719
0.338611 0.136669
0.346711 0.142783
0.354853 0.149062
0.363037 0.155509
0.371263 0.162128
0.379532 0.168920
0.387846 0.175889
0.396204 0.183037
0.404607 0.190367
0.413056 0.197882
0.421552 0.205586
0.430096 0.213481
0.438688 0.221571
0.447329 0.229859
0.456020 0.238348
0.464763 0.247042
0.473557 0.255945
0.482404 0.265061
0.491305 0.274393
0.500261 0.283945
0.509272 0.293721
0.518340 0.303727
0.527467 0.313965
0.536652 0.324441
0.545897 0.335159
0.555204 0.346124
0.564574 0.357341
0.574008 0.368816
0.583506 0.380553
0.593072 0.392517
0.602706 0.404795
0.612409 0.417353
0.622183 0.430196
0.632030 0.443332
0.641951 0.456767
0.651949 0.470507
0.662024 0.484560
0.672178 0.498934
0.682415 0.513635
0.692735 0.528673
0.703140 0.544055
0.713634 0.559790
0.724217 0.575887
0.734893 0.592356
0.745664 0.609206
0.756532 0.626449
0.767500 0.644094
0.778572 0.662153
0.789749 0.680638
0.801035 0.699562
0.812434 0.718938
0.823949 0.738778
0.835582 0.759099
0.847339 0.779914
0.859223 0.801240
0.871239 0.823095
0.883390 0.845495
0.895682 0.868460
0.908119 0.892010
0.920707 0.916167
0.933451 0.940952
0.946357 0.966389
0.959433 0.992505
0.972684 1.019327
0.986117 1.046884
0.999742 1.075206
1.013565 1.104329
1.027596 1.134287
1.041845 1.165120
1.056321 1.196869
1.071037 1.229581
1.086005 1.263304
1.101238 1.298093
1.116750 1.334005
1.132558 1.371105
1.148678 1.409464
1.165132 1.449159
1.181939 1.490278
1.199124 1.532915
1.216714 1.577178
1.234738 1.623187
1.253231 1.671080
1.272230 1.721010
1.291781 1.773155
1.311933 1.827720
1.332747 1.884943
1.354292 1.945104
1.376650 2.008536
1.399923 2.075640
1.424231 2.146909
1.449727 2.222951
1.476604 2.304545
1.505114 2.392703
1.535598 2.488792
1.568531 2.594728
1.604622 2.713354
1.645001 2.849216
1.691700 3.010474
1.749150 3.214829
1.832594 3.523760
