-1.664041 3.502832
-1.587238 3.195420
-1.534359 2.991862
-1.491377 2.831350
-1.454211 2.696133
-1.420993 2.578083
-1.390680 2.472671
-1.362622 2.377066
-1.336381 2.289358
-1.311643 2.208188
-1.288176 2.132546
-1.265802 2.061658
-1.244382 1.994915
-1.223803 1.931829
-1.203972 1.872000
-1.184815 1.815097
-1.166266 1.760839
-1.148271 1.708991
-1.130784 1.659347
-1.113763 1.611732
-1.097173 1.565992
-1.080983 1.521989
-1.065166 1.479605
-1.049696 1.438733
-1.034552 1.399278
-1.019714 1.361152
-1.005165 1.324279
-0.990887 1.288588
-0.976866 1.254016
-0.963090 1.220504
-0.949545 1.187998
-0.936220 1.156449
-0.923106 1.125812
-0.910191 1.096046
-0.897468 1.067111
-0.884928 1.038972
-0.872563 1.011594
-0.860367 0.984897
-0.848332 0.958954
-0.836453 0.933686
-0.824723 0.909264
-0.813137 0.885265
-0.801689 0.861868
-0.790376 0.839054
-0.779192 0.816801
-0.768132 0.795092
-0.757194 0.773907
-0.746373 0.753231
-0.735665 0.733048
-0.725067 0.713341
-0.714575 0.694097
-0.704187 0.675302
-0.693899 0.656943
-0.683709 0.639008
-0.673613 0.621485
-0.663610 0.604362
-0.653696 0.587629
-0.643870 0.571275
-0.634129 0.555291
-0.624470 0.539667
-0.614893 0.524394
-0.605394 0.509464
-0.595973 0.494867
-0.586626 0.480597
-0.577353 0.466645
-0.568151 0.453004
-0.559019 0.439667
-0.549956 0.426627
-0.540960 0.413878
-0.532029 0.401413
-0.523162 0.389226
-0.514357 0.377310
-0.505614 0.365662
-0.496931 0.354274
-0.488307 0.343142
-0.479741 0.332261
-0.471231 0.321625
-0.462777 0.311229
-0.454377 0.301070
-0.446031 0.291143
-0.437736 0.281442
-0.429493 0.271965
-0.421301 0.262707
-0.413158 0.253663
-0.405063 0.244830
-0.397017 0.236205
-0.389017 0.227784
-0.381063 0.219563
-0.373155 0.211538
-0.365291 0.203707
-0.357472 0.196066
-0.349695 0.188612
-0.341960 0.181342
-0.334267 0.174253
-0.326616 0.167342
-0.319004 0.160606
-0.311433 0.154117
-0.303900 0.147721
-0.296406 0.141492
-0.288950 0.135428
-0.281532 0.129526
-0.274150 0.123784
-0.266804 0.118199
-0.259495 0.112770
-0.252220 0.107494
-0.244980 0.102368
-0.237775 0.097391
-0.230603 0.092560
-0.223464 0.087874
-0.216359 0.083330
-0.209285 0.078927
-0.202244 0.074662
-0.195234 0.070534
-0.188255 0.066598
-0.181307 0.062735
-0.174389 0.059004
-0.167501 0.055402
-0.160642 0.051929
-0.153813 0.048582
-0.147012 0.045360
-0.140240 0.042261
-0.133496 0.039284
-0.126779 0.036427
-0.120090 0.033689
-0.113428 0.031068
-0.106793 0.028563
-0.100184 0.026173
-0.093601 0.023895
-0.087044 0.021730
-0.080512 0.019675
-0.074005 0.017729
-0.067524 0.015892
-0.061067 0.014161
-0.054634 0.012535
-0.048225 0.011014
-0.041840 0.009597
-0.035479 0.008281
-0.029141 0.007066
-0.022826 0.005951
-0.016533 0.004934
-0.010263 0.004016
-0.004016 0.003233
0.002210 0.002501
0.008414 0.001864
0.014596 0.001320
0.020757 0.000869
0.026896 0.000510
0.033015 0.000242
0.039113 0.000070
0.045191 -0.000011
0.048222 0.000000
0.051253 -0.000004
0.057331 0.000089
0.063429 0.000271
0.069547 0.000543
0.075687 0.000906
0.081848 0.001361
0.088030 0.001910
0.094234 0.002552
0.100459 0.003290
0.106707 0.004124
0.112977 0.005055
0.119269 0.006085
0.125584 0.007214
0.131922 0.008371
0.138284 0.009693
0.144669 0.011117
0.151077 0.012644
0.157510 0.014276
0.163967 0.016012
0.170449 0.017856
0.176956 0.019807
0.183487 0.021867
0.190044 0.024038
0.196627 0.026320
0.203236 0.028716
0.209872 0.031225
0.216534 0.033850
0.223223 0.036593
0.229940 0.039454
0.236684 0.042434
0.243456 0.045537
0.250257 0.048762
0.257086 0.052112
0.263945 0.055588
0.270833 0.059192
0.277750 0.062925
0.284699 0.066790
0.291677 0.070787
0.298687 0.074919
0.305729 0.079187
0.312802 0.083593
0.319908 0.088140
0.327047 0.092829
0.334218 0.097662
0.341424 0.102552
0.348664 0.107676
0.355938 0.112950
0.363248 0.118376
0.370594 0.123957
0.377975 0.129695
0.385394 0.135592
0.392850 0.141651
0.400344 0.147806
0.407876 0.154193
0.415448 0.160749
0.423059 0.167477
0.430711 0.174379
0.438404 0.181459
0.446138 0.188719
0.453915 0.196162
0.461735 0.203791
0.469599 0.211610
0.477507 0.219621
0.485461 0.227828
0.493460 0.236235
0.501507 0.244844
0.509601 0.253659
0.517744 0.262685
0.525937 0.271925
0.534180 0.281382
0.542474 0.291062
0.550821 0.300968
0.559221 0.311104
0.567675 0.321475
0.576185 0.332085
0.584751 0.342940
0.593375 0.354044
0.602058 0.365403
0.610801 0.377021
0.619605 0.388904
0.628472 0.401058
0.637403 0.413489
0.646400 0.426202
0.655463 0.439204
0.664595 0.452502
0.673796 0.466102
0.683070 0.480011
0.692416 0.494238
0.701838 0.508788
0.711337 0.523671
0.720914 0.538894
0.730572 0.554466
0.740314 0.570396
0.750140 0.586492
0.760053 0.603162
0.770057 0.620219
0.780152 0.637675
0.790343 0.655540
0.800631 0.673825
0.811019 0.692545
0.821510 0.711710
0.832108 0.731336
0.842816 0.751435
0.853638 0.772024
0.864576 0.793118
0.875635 0.814734
0.886819 0.836889
0.898133 0.859602
0.909580 0.882972
0.921166 0.906864
0.932896 0.931378
0.944776 0.956536
0.956811 0.982365
0.969007 1.008892
0.981372 1.036144
0.993912 1.064154
1.006635 1.092954
1.019549 1.122580
1.032664 1.153070
1.045989 1.184465
1.059534 1.216812
1.073310 1.250157
1.087330 1.284555
1.101608 1.320064
1.116158 1.356746
1.130996 1.394672
1.146140 1.433918
1.161610 1.474569
1.177427 1.516721
1.193617 1.560480
1.210207 1.605964
1.227228 1.653307
1.244715 1.702664
1.262710 1.754208
1.281259 1.808143
1.300416 1.864703
1.320246 1.924165
1.340825 1.986859
1.362246 2.053180
1.384619 2.123613
1.408086 2.198761
1.432825 2.279393
1.459066 2.366508
1.487124 2.461249
1.517436 2.565913
1.550655 2.683108
1.587821 2.817324
1.630803 2.976618
1.683682 3.178586
1.760485 3.483809
