-1.873940 3.526750
-1.790045 3.217431
-1.732282 3.012717
-1.685331 2.851277
-1.644733 2.715266
-1.608446 2.596514
-1.575334 2.490467
-1.544685 2.394337
-1.516021 2.306089
-1.488998 2.224414
-1.463364 2.148297
-1.438924 2.076960
-1.415525 2.009793
-1.393045 1.946302
-1.371384 1.886086
-1.350457 1.828813
-1.330195 1.774200
-1.310539 1.722010
-1.291436 1.672038
-1.272843 1.624106
-1.254722 1.578058
-1.237037 1.533759
-1.219758 1.491089
-1.202860 1.449938
-1.186317 1.410212
-1.170109 1.371825
-1.154216 1.334697
-1.138619 1.298758
-1.123304 1.263945
-1.108255 1.230198
-1.093460 1.197463
-1.078904 1.165692
-1.064579 1.134838
-1.050471 1.104860
-1.036573 1.075718
-1.022875 1.047377
-1.009369 1.019803
-0.996046 0.992964
-0.982900 0.966832
-0.969923 0.941379
-0.957110 0.916579
-0.944453 0.892408
-0.931949 0.868845
-0.919591 0.845866
-0.907374 0.823453
-0.895293 0.801587
-0.883345 0.780248
-0.871524 0.759422
-0.859827 0.739090
-0.848250 0.719239
-0.836790 0.699854
-0.825442 0.680921
-0.814204 0.662426
-0.803073 0.644358
-0.792045 0.626704
-0.781118 0.609453
-0.770289 0.592595
-0.759555 0.576118
-0.748914 0.560014
-0.738364 0.544272
-0.727902 0.528883
-0.717526 0.513839
-0.707234 0.499131
-0.697024 0.484751
-0.686895 0.470692
-0.676843 0.456946
-0.666868 0.443506
-0.656968 0.430365
-0.647141 0.417516
-0.637385 0.404954
-0.627699 0.392693
-0.618082 0.380683
-0.608531 0.368942
-0.599046 0.357463
-0.589626 0.346242
-0.580269 0.335273
-0.570973 0.324551
-0.561738 0.314071
-0.552562 0.303830
-0.543445 0.293821
-0.534384 0.284041
-0.525380 0.274486
-0.516431 0.265151
-0.507536 0.256033
-0.498694 0.247127
-0.489904 0.238430
-0.481166 0.229938
-0.472478 0.221647
-0.463839 0.213555
-0.455249 0.205657
-0.446707 0.197952
-0.438212 0.190434
-0.429763 0.183102
-0.421360 0.175952
-0.413002 0.168981
-0.404687 0.162187
-0.396417 0.155567
-0.388189 0.149118
-0.380002 0.142837
-0.371858 0.136723
-0.363754 0.130771
-0.355691 0.124981
-0.347667 0.119349
-0.339682 0.113874
-0.331736 0.108552
-0.323827 0.103383
-0.315956 0.098363
-0.308122 0.093490
-0.300324 0.088764
-0.292562 0.084180
-0.284835 0.079738
-0.277144 0.075436
-0.269486 0.071272
-0.261863 0.067243
-0.254273 0.063349
-0.246716 0.059587
-0.239192 0.055955
-0.231700 0.052453
-0.224240 0.049078
-0.216812 0.045828
-0.209414 0.042703
-0.202047 0.039700
-0.194710 0.036819
-0.187403 0.034057
-0.180126 0.031413
-0.172878 0.028886
-0.165658 0.026474
-0.158467 0.024176
-0.151305 0.021991
-0.144170 0.019917
-0.137062 0.017953
-0.129982 0.016097
-0.122929 0.014350
-0.115902 0.012708
-0.108901 0.011172
-0.101927 0.009740
-0.094978 0.008410
-0.088054 0.007182
-0.081156 0.006055
-0.074282 0.005027
-0.067434 0.004097
-0.060609 0.003265
-0.053808 0.002529
-0.047032 0.001889
-0.040279 0.001343
-0.033549 0.000890
-0.026842 0.000529
-0.020158 0.000260
-0.013497 0.000082
-0.006858 -0.000007
-0.003547 0.000000
-0.000236 -0.000007
0.006403 0.000081
0.013064 0.000259
0.019748 0.000528
0.026454 0.000888
0.033184 0.001340
0.039937 0.001886
0.046714 0.002526
0.053515 0.003262
0.060339 0.004093
0.067188 0.005022
0.074061 0.006050
0.080960 0.007177
0.087883 0.008404
0.094832 0.009733
0.101807 0.011165
0.108807 0.012701
0.115834 0.014342
0.122888 0.016089
0.129968 0.017944
0.137075 0.019908
0.144210 0.021981
0.151373 0.024166
0.158564 0.026464
0.165783 0.028875
0.173031 0.031402
0.180309 0.034045
0.187616 0.036807
0.194952 0.039688
0.202320 0.042690
0.209717 0.045815
0.217146 0.049064
0.224606 0.052439
0.232098 0.055940
0.239622 0.059571
0.247179 0.063333
0.254769 0.067226
0.262392 0.071254
0.270049 0.075418
0.277741 0.079719
0.285468 0.084160
0.293230 0.088743
0.301027 0.093469
0.308862 0.098340
0.316733 0.103359
0.324641 0.108527
0.332587 0.113848
0.340572 0.119322
0.348596 0.124952
0.356660 0.130741
0.364763 0.136691
0.372908 0.142804
0.381094 0.149083
0.389322 0.155531
0.397593 0.162149
0.405907 0.168942
0.414266 0.175910
0.422669 0.183058
0.431118 0.190389
0.439613 0.197904
0.448155 0.205608
0.456745 0.213503
0.465383 0.221593
0.474071 0.229881
0.482810 0.238370
0.491600 0.247065
0.500442 0.255968
0.509337 0.265084
0.518286 0.274416
0.527290 0.283969
0.536350 0.293746
0.545468 0.303751
0.554643 0.313990
0.563878 0.324466
0.573174 0.335127
0.582532 0.346092
0.591952 0.357309
0.601437 0.368783
0.610987 0.380520
0.620604 0.392524
0.630290 0.404803
0.640046 0.417361
0.649873 0.430206
0.659774 0.443342
0.669749 0.456778
0.679800 0.470519
0.689930 0.484573
0.700140 0.498948
0.710432 0.513650
0.720807 0.528689
0.731269 0.544073
0.741820 0.559809
0.752460 0.575908
0.763194 0.592378
0.774023 0.609230
0.784950 0.626475
0.795978 0.644122
0.807110 0.662183
0.818348 0.680671
0.829695 0.699597
0.841156 0.718975
0.852733 0.738818
0.864430 0.759142
0.876250 0.779960
0.888199 0.801290
0.900279 0.823148
0.912496 0.845552
0.924855 0.868521
0.937359 0.892075
0.950015 0.916235
0.962829 0.941025
0.975805 0.966467
0.988951 0.992588
1.002274 1.019415
1.015781 1.046978
1.029479 1.075306
1.043377 1.104435
1.057484 1.134400
1.071810 1.165240
1.086365 1.196997
1.101161 1.229716
1.116210 1.263448
1.131525 1.298200
1.147121 1.334121
1.163015 1.371230
1.179223 1.409598
1.195765 1.449304
1.212664 1.490433
1.229942 1.533082
1.247627 1.577357
1.265749 1.623380
1.284342 1.671286
1.303444 1.721231
1.323101 1.773393
1.343363 1.827975
1.364289 1.885216
1.385951 1.945397
1.408431 2.008851
1.431829 2.075980
1.456269 2.147274
1.481903 2.223345
1.508926 2.304970
1.537591 2.393163
1.568240 2.489292
1.601352 2.595273
1.637638 2.713950
1.678237 2.849874
1.725188 3.011209
1.782950 3.215784
1.866846 3.524888
