-1.865486 3.529200
-1.782303 3.219612
-1.725031 3.014724
-1.678479 2.853150
-1.638226 2.717027
-1.602248 2.598179
-1.569417 2.492048
-1.539029 2.395786
-1.510607 2.307471
-1.483814 2.225735
-1.458397 2.149562
-1.434165 2.078174
-1.410965 2.010957
-1.388677 1.947421
-1.367199 1.887163
-1.346450 1.829849
-1.326361 1.775198
-1.306871 1.722972
-1.287931 1.672965
-1.269496 1.625000
-1.251528 1.578922
-1.233993 1.534594
-1.216862 1.491895
-1.200107 1.450717
-1.183705 1.410965
-1.167635 1.372553
-1.151876 1.335401
-1.136412 1.299439
-1.121227 1.264604
-1.106306 1.230836
-1.091636 1.198081
-1.077205 1.166289
-1.063001 1.135417
-1.049013 1.105420
-1.035233 1.076261
-1.021652 1.047902
-1.008260 1.020312
-0.995050 0.993457
-0.982016 0.967309
-0.969149 0.941841
-0.956445 0.917027
-0.943896 0.892842
-0.931498 0.869265
-0.919245 0.846273
-0.907131 0.823848
-0.895154 0.801969
-0.883307 0.780618
-0.871586 0.759780
-0.859989 0.739438
-0.848510 0.719576
-0.837147 0.700180
-0.825896 0.681279
-0.814754 0.662773
-0.803717 0.644694
-0.792783 0.627030
-0.781948 0.609769
-0.771211 0.592901
-0.760569 0.576415
-0.750018 0.560301
-0.739558 0.544550
-0.729185 0.529152
-0.718897 0.514100
-0.708692 0.499383
-0.698569 0.484996
-0.688526 0.470929
-0.678560 0.457175
-0.668669 0.443727
-0.658853 0.430579
-0.649109 0.417723
-0.639436 0.405154
-0.629833 0.392864
-0.620297 0.380849
-0.610828 0.369102
-0.601424 0.357618
-0.592083 0.346392
-0.582806 0.335418
-0.573589 0.324691
-0.564432 0.314207
-0.555334 0.303961
-0.546295 0.293947
-0.537311 0.284163
-0.528383 0.274604
-0.519510 0.265265
-0.510691 0.256142
-0.501924 0.247233
-0.493209 0.238532
-0.484545 0.230036
-0.475931 0.221742
-0.467365 0.213646
-0.458848 0.205746
-0.450379 0.198036
-0.441956 0.190516
-0.433579 0.183180
-0.425247 0.176027
-0.416960 0.169054
-0.408716 0.162257
-0.400516 0.155634
-0.392357 0.149182
-0.384241 0.142899
-0.376166 0.136781
-0.368131 0.130827
-0.360136 0.125034
-0.352180 0.119400
-0.344263 0.113922
-0.336384 0.108598
-0.328543 0.103426
-0.320739 0.098404
-0.312971 0.093529
-0.305240 0.088800
-0.297543 0.084214
-0.289883 0.079770
-0.282256 0.075466
-0.274664 0.071300
-0.267105 0.067294
-0.259580 0.063397
-0.252087 0.059632
-0.244627 0.055997
-0.237199 0.052492
-0.229802 0.049113
-0.222437 0.045861
-0.215102 0.042733
-0.207797 0.039727
-0.200523 0.036843
-0.193278 0.034078
-0.186063 0.031431
-0.178876 0.028901
-0.171718 0.026487
-0.164588 0.024187
-0.157486 0.021999
-0.150412 0.019923
-0.143365 0.017957
-0.136345 0.016100
-0.129351 0.014350
-0.122384 0.012707
-0.115443 0.011170
-0.108528 0.009737
-0.101638 0.008407
-0.094773 0.007179
-0.087934 0.006051
-0.081118 0.005024
-0.074328 0.004095
-0.067561 0.003263
-0.060818 0.002528
-0.054099 0.001887
-0.047404 0.001342
-0.040731 0.000889
-0.034081 0.000529
-0.027454 0.000260
-0.020850 0.000082
-0.014267 -0.000007
-0.010984 0.000000
-0.007701 -0.000007
-0.001119 0.000081
0.005486 0.000259
0.012113 0.000528
0.018763 0.000888
0.025435 0.001340
0.032131 0.001886
0.038850 0.002526
0.045593 0.003262
0.052359 0.004093
0.059150 0.005023
0.065965 0.006050
0.072805 0.007177
0.079670 0.008405
0.086559 0.009734
0.093475 0.011166
0.100416 0.012703
0.107383 0.014344
0.114376 0.016092
0.121396 0.017947
0.128444 0.019911
0.135518 0.021985
0.142620 0.024170
0.149750 0.026468
0.156908 0.028880
0.164094 0.031408
0.171310 0.034052
0.178555 0.036814
0.185829 0.039696
0.193133 0.042699
0.200468 0.045825
0.207834 0.049075
0.215230 0.052450
0.222659 0.055953
0.230119 0.059585
0.237612 0.063347
0.245137 0.067242
0.252695 0.071271
0.260288 0.075436
0.267914 0.079739
0.275575 0.084181
0.283271 0.088765
0.291003 0.093492
0.298770 0.098365
0.306574 0.103385
0.314416 0.108555
0.322295 0.113877
0.330212 0.119353
0.338167 0.124985
0.346162 0.130776
0.354197 0.136727
0.362273 0.142842
0.370389 0.149123
0.378547 0.155572
0.386748 0.162193
0.394991 0.168987
0.403279 0.175916
0.411611 0.183065
0.419988 0.190396
0.428410 0.197912
0.436880 0.205617
0.445397 0.213513
0.453962 0.221604
0.462576 0.229892
0.471241 0.238383
0.479956 0.247078
0.488723 0.255982
0.497542 0.265099
0.506415 0.274432
0.515343 0.283985
0.524326 0.293763
0.533366 0.303769
0.542464 0.314009
0.551620 0.324486
0.560837 0.335205
0.570115 0.346172
0.579455 0.357390
0.588859 0.368866
0.598329 0.380605
0.607864 0.392611
0.617468 0.404892
0.627141 0.417452
0.636885 0.430298
0.646701 0.443437
0.656591 0.456874
0.666557 0.470618
0.676601 0.484674
0.686724 0.499050
0.696928 0.513755
0.707216 0.528795
0.717589 0.544181
0.728050 0.559919
0.738600 0.576020
0.749243 0.592492
0.759980 0.609346
0.770814 0.626549
0.781748 0.644197
0.792785 0.662260
0.803928 0.680748
0.815179 0.699675
0.826542 0.719054
0.838021 0.738898
0.849618 0.759222
0.861338 0.780041
0.873185 0.801371
0.885163 0.823230
0.897276 0.845634
0.909530 0.868604
0.921928 0.892158
0.934476 0.916319
0.947181 0.941109
0.960047 0.966551
0.973082 0.992672
0.986291 1.019499
0.999683 1.047061
1.013265 1.075390
1.027045 1.104518
1.041032 1.134482
1.055236 1.165321
1.069668 1.197078
1.084338 1.229796
1.099259 1.263526
1.114444 1.298322
1.129908 1.334242
1.145666 1.371350
1.161737 1.409717
1.178139 1.449422
1.194893 1.490549
1.212025 1.533196
1.229560 1.577469
1.247528 1.623489
1.265962 1.671393
1.284903 1.721335
1.304392 1.773492
1.324482 1.828070
1.345231 1.885307
1.366708 1.945483
1.388997 2.008931
1.412197 2.076053
1.436429 2.147339
1.461845 2.223402
1.488639 2.305017
1.517060 2.393199
1.547448 2.489314
1.580279 2.595279
1.616257 2.713938
1.656511 2.849840
1.703063 3.011145
1.760334 3.215681
1.843518 3.524719
