-1.772123 3.497229
-1.694283 3.190506
-1.640690 2.987511
-1.597128 2.827425
-1.559460 2.692555
-1.525793 2.574800
-1.495071 2.469643
-1.466635 2.374263
-1.440039 2.286758
-1.414967 2.205770
-1.391183 2.130293
-1.368507 2.059556
-1.346798 1.992954
-1.325941 1.929997
-1.305843 1.870288
-1.286427 1.813496
-1.267628 1.759342
-1.249390 1.707591
-1.231666 1.658039
-1.214416 1.610510
-1.197602 1.564849
-1.181193 1.521050
-1.165162 1.478735
-1.149484 1.437928
-1.134135 1.398533
-1.119097 1.360465
-1.104351 1.323647
-1.089880 1.287852
-1.075671 1.253332
-1.061708 1.219870
-1.047981 1.187411
-1.034476 1.155908
-1.021184 1.125314
-1.008095 1.095589
-0.995201 1.066693
-0.982491 1.038788
-0.969960 1.011442
-0.957599 0.984825
-0.945401 0.958908
-0.933361 0.933666
-0.921473 0.909071
-0.909730 0.885100
-0.898129 0.861731
-0.886662 0.838942
-0.875327 0.816714
-0.864119 0.795027
-0.853033 0.773865
-0.842065 0.753210
-0.831213 0.733046
-0.820472 0.713359
-0.809838 0.694133
-0.799310 0.675355
-0.788883 0.657013
-0.778555 0.639093
-0.768323 0.621585
-0.758185 0.604476
-0.748138 0.587756
-0.738179 0.571415
-0.728306 0.555443
-0.718517 0.539830
-0.708811 0.524568
-0.699184 0.509647
-0.689635 0.495060
-0.680162 0.480798
-0.670763 0.466855
-0.661438 0.453221
-0.652183 0.439891
-0.642997 0.426858
-0.633879 0.414115
-0.624827 0.401655
-0.615841 0.389473
-0.606918 0.377563
-0.598057 0.365919
-0.589256 0.354535
-0.580516 0.343407
-0.571834 0.332529
-0.563209 0.321896
-0.554641 0.311503
-0.546128 0.301346
-0.537668 0.291420
-0.529262 0.281721
-0.520908 0.272245
-0.512605 0.262988
-0.504352 0.253945
-0.496148 0.245113
-0.487993 0.236487
-0.479885 0.228066
-0.471824 0.219844
-0.463809 0.211819
-0.455839 0.203987
-0.447914 0.196345
-0.440032 0.188890
-0.432193 0.181618
-0.424396 0.174527
-0.416641 0.167615
-0.408927 0.160877
-0.401254 0.154311
-0.393619 0.147916
-0.386024 0.141687
-0.378468 0.135623
-0.370949 0.129720
-0.363467 0.123978
-0.356023 0.118392
-0.348614 0.112962
-0.341241 0.107684
-0.333904 0.102656
-0.326601 0.097673
-0.319332 0.092836
-0.312097 0.088144
-0.304896 0.083594
-0.297727 0.079185
-0.290590 0.074914
-0.283486 0.070780
-0.276413 0.066780
-0.269371 0.062914
-0.262359 0.059179
-0.255378 0.055574
-0.248427 0.052097
-0.241506 0.048746
-0.234613 0.045519
-0.227750 0.042416
-0.220914 0.039435
-0.214107 0.036574
-0.207328 0.033831
-0.200576 0.031206
-0.193851 0.028696
-0.187152 0.026301
-0.180481 0.024019
-0.173835 0.021849
-0.167215 0.019789
-0.160621 0.017838
-0.154051 0.015996
-0.147507 0.014260
-0.140988 0.012629
-0.134492 0.011103
-0.128021 0.009679
-0.121574 0.008358
-0.115150 0.007138
-0.108750 0.006017
-0.102373 0.005051
-0.096018 0.004119
-0.089686 0.003286
-0.083376 0.002548
-0.077089 0.001905
-0.070823 0.001357
-0.064579 0.000901
-0.058357 0.000537
-0.052155 0.000261
-0.045975 0.000076
-0.039815 -0.000009
-0.036743 0.000000
-0.033671 -0.000007
-0.027512 0.000081
-0.021331 0.000257
-0.015130 0.000523
-0.008907 0.000881
-0.002663 0.001330
0.003602 0.001873
0.009890 0.002510
0.016199 0.003242
0.022531 0.004070
0.028886 0.004995
0.035263 0.006019
0.041664 0.007071
0.048087 0.008286
0.054535 0.009601
0.061006 0.011018
0.067501 0.012539
0.074021 0.014163
0.080565 0.015893
0.087134 0.017730
0.093728 0.019674
0.100348 0.021727
0.106994 0.023891
0.113666 0.026166
0.120364 0.028554
0.127089 0.031057
0.133841 0.033675
0.140621 0.036410
0.147428 0.039264
0.154263 0.042237
0.161127 0.045332
0.168019 0.048550
0.174941 0.051893
0.181892 0.055362
0.188873 0.058958
0.195884 0.062684
0.202926 0.066541
0.209999 0.070531
0.217104 0.074656
0.224240 0.078917
0.231409 0.083316
0.238611 0.087856
0.245846 0.092537
0.253114 0.097363
0.260417 0.102335
0.267755 0.107455
0.275128 0.112726
0.282536 0.118046
0.289981 0.123620
0.297462 0.129350
0.304981 0.135239
0.312538 0.141291
0.320133 0.147506
0.327767 0.153888
0.335441 0.160440
0.343155 0.167163
0.350910 0.174061
0.358706 0.181137
0.366545 0.188393
0.374427 0.195832
0.382353 0.203458
0.390323 0.211273
0.398338 0.219281
0.406399 0.227485
0.414506 0.235889
0.422662 0.244495
0.430865 0.253308
0.439118 0.262332
0.447421 0.271570
0.455775 0.281025
0.464182 0.290703
0.472641 0.300608
0.481154 0.310743
0.489723 0.321113
0.498347 0.331724
0.507029 0.342578
0.515770 0.353683
0.524570 0.365042
0.533431 0.376661
0.542354 0.388546
0.551341 0.400701
0.560392 0.413134
0.569510 0.425850
0.578696 0.438855
0.587951 0.452156
0.597277 0.465760
0.606675 0.479674
0.616148 0.493905
0.625697 0.508460
0.635324 0.523349
0.645031 0.538579
0.654819 0.554158
0.664692 0.570096
0.674651 0.586402
0.684698 0.603087
0.694837 0.620159
0.705069 0.637630
0.715397 0.655512
0.725823 0.673816
0.736352 0.692554
0.746985 0.711739
0.757726 0.731385
0.768579 0.751507
0.779546 0.772119
0.790632 0.793237
0.801841 0.814878
0.813176 0.837060
0.824642 0.859802
0.836244 0.883123
0.847986 0.907045
0.859875 0.931589
0.871915 0.956780
0.884112 0.982644
0.896473 1.009206
0.909005 1.036497
0.921714 1.064546
0.934609 1.093388
0.947698 1.123058
0.960989 1.153594
0.974494 1.185039
0.988222 1.217436
1.002184 1.250836
1.016394 1.285291
1.030864 1.320859
1.045611 1.357604
1.060649 1.395597
1.075997 1.434913
1.091676 1.475638
1.107707 1.517664
1.124115 1.561499
1.140929 1.607064
1.158180 1.654494
1.175903 1.703943
1.194141 1.755585
1.212940 1.809625
1.232356 1.866297
1.252454 1.925879
1.273311 1.988702
1.295021 2.055163
1.317696 2.125748
1.341480 2.201113
1.366552 2.281927
1.393148 2.369245
1.421585 2.464418
1.452307 2.569346
1.485974 2.686845
1.523641 2.821417
1.567203 2.981147
1.620796 3.183688
1.698636 3.489713
