-0.219593 2.338279
-0.193070 1.846501
-0.174808 1.511076
-0.159965 1.243507
-0.147130 1.018543
-0.135658 0.824750
-0.125190 0.656162
-0.115500 0.509434
-0.106438 0.382239
-0.097894 0.273693
-0.089790 0.182982
-0.082063 0.110209
-0.074666 0.055287
-0.067559 0.018868
-0.060711 0.001395
-0.057375 0.000000
-0.054040 0.003679
-0.047192 0.028866
-0.040085 0.082687
-0.032687 0.172432
-0.024961 0.306245
-0.016856 0.493062
-0.008313 0.742983
0.000749 1.062695
0.010439 1.457206
0.020907 1.930212
0.032379 2.485750
0.045214 3.135272
0.060058 3.904056
0.078319 4.854891
0.104843 6.217311
