-1.865099 3.534567
-1.781475 3.224440
-1.723899 3.019202
-1.677100 2.857355
-1.636633 2.721005
-1.600463 2.601960
-1.567458 2.495655
-1.536909 2.399236
-1.508336 2.310778
-1.481401 2.228911
-1.455849 2.152616
-1.431489 2.081114
-1.408166 2.013792
-1.385759 1.950214
-1.364167 1.889861
-1.343308 1.832456
-1.323112 1.777719
-1.303519 1.725412
-1.284478 1.675327
-1.265945 1.627288
-1.247882 1.581138
-1.230254 1.536742
-1.213032 1.493977
-1.196188 1.452737
-1.179699 1.412925
-1.163543 1.374454
-1.147701 1.337246
-1.132155 1.301231
-1.116889 1.266343
-1.101889 1.232525
-1.087141 1.199721
-1.072633 1.167883
-1.058353 1.136965
-1.044292 1.106924
-1.030439 1.077722
-1.016785 1.049322
-1.003322 1.021692
-0.990042 0.994798
-0.976939 0.968613
-0.964004 0.943108
-0.951232 0.918258
-0.938617 0.894039
-0.926153 0.870428
-0.913834 0.847403
-0.901657 0.824946
-0.889615 0.803036
-0.877706 0.781655
-0.865923 0.760788
-0.854264 0.740417
-0.842725 0.720527
-0.831301 0.701104
-0.819990 0.682134
-0.808788 0.663604
-0.797693 0.645501
-0.786701 0.627813
-0.775809 0.610530
-0.765015 0.593639
-0.754316 0.577131
-0.743709 0.560996
-0.733193 0.545225
-0.722765 0.529807
-0.712423 0.514735
-0.702164 0.499999
-0.691987 0.485593
-0.681890 0.471508
-0.671871 0.457736
-0.661929 0.444272
-0.652060 0.431106
-0.642265 0.418234
-0.632541 0.405649
-0.622886 0.393344
-0.613300 0.381313
-0.603780 0.369551
-0.594326 0.358053
-0.584936 0.346812
-0.575609 0.335824
-0.566343 0.325084
-0.557138 0.314587
-0.547992 0.304328
-0.538904 0.294321
-0.529873 0.284524
-0.520898 0.274952
-0.511978 0.265600
-0.503112 0.256465
-0.494298 0.247544
-0.485537 0.238831
-0.476827 0.230324
-0.468167 0.222020
-0.459556 0.213913
-0.450994 0.206002
-0.442479 0.198283
-0.434012 0.190752
-0.425590 0.183407
-0.417214 0.176245
-0.408883 0.169263
-0.400595 0.162457
-0.392351 0.155826
-0.384150 0.149366
-0.375990 0.143074
-0.367872 0.136949
-0.359794 0.130988
-0.351757 0.125188
-0.343759 0.119547
-0.335800 0.114062
-0.327879 0.108732
-0.319996 0.103554
-0.312151 0.098525
-0.304342 0.093645
-0.296569 0.088910
-0.288832 0.084319
-0.281131 0.079870
-0.273464 0.075561
-0.265831 0.071390
-0.258233 0.067355
-0.250667 0.063454
-0.243135 0.059686
-0.235635 0.056048
-0.228168 0.052540
-0.220732 0.049160
-0.213327 0.045905
-0.205953 0.042775
-0.198610 0.039767
-0.191297 0.036881
-0.184014 0.034114
-0.176760 0.031466
-0.169535 0.028935
-0.162339 0.026519
-0.155171 0.024217
-0.148032 0.022029
-0.140920 0.019951
-0.133835 0.017984
-0.126778 0.016126
-0.119747 0.014375
-0.112743 0.012731
-0.105765 0.011192
-0.098813 0.009757
-0.091887 0.008426
-0.084986 0.007196
-0.078110 0.006066
-0.071258 0.005037
-0.064432 0.004106
-0.057629 0.003272
-0.050851 0.002535
-0.044096 0.001893
-0.037365 0.001346
-0.030657 0.000892
-0.023971 0.000531
-0.017309 0.000261
-0.010670 0.000082
-0.004052 -0.000007
-0.000752 0.000000
0.002549 -0.000007
0.009166 0.000081
0.015806 0.000259
0.022468 0.000528
0.029153 0.000888
0.035861 0.001341
0.042592 0.001887
0.049347 0.002528
0.056126 0.003264
0.062928 0.004097
0.069755 0.005027
0.076606 0.006056
0.083482 0.007184
0.090383 0.008413
0.097310 0.009744
0.104262 0.011177
0.111240 0.012715
0.118244 0.014358
0.125274 0.016108
0.132332 0.017965
0.139416 0.019931
0.146528 0.022007
0.153668 0.024195
0.160835 0.026495
0.168031 0.028909
0.175256 0.031439
0.182510 0.034086
0.189793 0.036851
0.197106 0.039736
0.204450 0.042742
0.211823 0.045871
0.219228 0.049124
0.226664 0.052502
0.234132 0.056009
0.241631 0.059644
0.249164 0.063410
0.256729 0.067309
0.264328 0.071341
0.271960 0.075510
0.279627 0.079817
0.287329 0.084263
0.295066 0.088852
0.302838 0.093583
0.310647 0.098461
0.318493 0.103486
0.326376 0.108660
0.334296 0.113987
0.342255 0.119468
0.350253 0.125105
0.358291 0.130901
0.366368 0.136809
0.374487 0.142929
0.382646 0.149214
0.390848 0.155668
0.399092 0.162293
0.407379 0.169092
0.415711 0.176068
0.424087 0.183223
0.432508 0.190560
0.440976 0.198083
0.449490 0.205795
0.458052 0.213698
0.466663 0.221796
0.475323 0.230092
0.484033 0.238589
0.492795 0.247292
0.501608 0.256204
0.510474 0.265329
0.519394 0.274670
0.528369 0.284231
0.537400 0.294018
0.546488 0.304033
0.555634 0.314281
0.564840 0.324767
0.574105 0.335496
0.583432 0.346472
0.592822 0.357700
0.602277 0.369186
0.611796 0.380934
0.621382 0.392951
0.631037 0.405242
0.640761 0.417813
0.650557 0.430670
0.660425 0.443819
0.670368 0.457268
0.680387 0.471023
0.690484 0.485090
0.700661 0.499479
0.710919 0.514196
0.721262 0.529249
0.731690 0.544647
0.742206 0.560398
0.752812 0.576512
0.763511 0.592997
0.774305 0.609865
0.785197 0.627125
0.796189 0.644789
0.807285 0.662866
0.818487 0.681371
0.829797 0.700314
0.841221 0.719709
0.852760 0.739570
0.864419 0.759911
0.876202 0.780748
0.888112 0.802096
0.900153 0.823973
0.912331 0.846396
0.924649 0.869384
0.937113 0.892958
0.949728 0.917139
0.962500 0.941949
0.975435 0.967412
0.988539 0.993555
1.001818 1.020403
1.015281 1.047988
1.028935 1.076339
1.042788 1.105491
1.056850 1.135479
1.071129 1.166342
1.085638 1.198124
1.100386 1.230868
1.115386 1.264625
1.130651 1.299408
1.146197 1.335355
1.162039 1.372491
1.178195 1.410887
1.194684 1.450621
1.211528 1.491779
1.228750 1.534457
1.246378 1.578763
1.264442 1.624817
1.282974 1.672755
1.302015 1.722733
1.321608 1.774928
1.341804 1.829545
1.362663 1.886822
1.384255 1.947040
1.406662 2.010533
1.429985 2.077701
1.454346 2.149037
1.479897 2.225151
1.506833 2.306822
1.535405 2.395063
1.565955 2.491242
1.598960 2.597277
1.635129 2.716013
1.675596 2.852002
1.722396 3.013410
1.779971 3.218074
1.863596 3.527298
