-1.874952 3.530103
-1.791296 3.220466
-1.733698 3.015544
-1.686881 2.853940
-1.646399 2.717791
-1.610216 2.598920
-1.577198 2.492768
-1.546637 2.396486
-1.518054 2.308152
-1.491108 2.226398
-1.465547 2.150208
-1.441177 2.078803
-1.417845 2.011571
-1.395430 1.948020
-1.373830 1.887747
-1.352963 1.830460
-1.332759 1.775794
-1.313159 1.723554
-1.294111 1.673534
-1.275571 1.625556
-1.257501 1.579464
-1.239866 1.535123
-1.222637 1.492412
-1.205787 1.451222
-1.189292 1.411459
-1.173130 1.373035
-1.157282 1.335872
-1.141730 1.299900
-1.126459 1.265054
-1.111453 1.231275
-1.096699 1.198510
-1.082186 1.166709
-1.067901 1.135826
-1.053834 1.105820
-1.039975 1.076652
-1.026316 1.048284
-1.012848 1.020685
-0.999564 0.993821
-0.986455 0.967665
-0.973515 0.942188
-0.960739 0.917366
-0.948119 0.893173
-0.935650 0.869588
-0.923327 0.846589
-0.911145 0.824155
-0.899099 0.802269
-0.887184 0.780911
-0.875398 0.760066
-0.863734 0.739716
-0.852190 0.719847
-0.840762 0.700444
-0.829447 0.681494
-0.818241 0.662983
-0.807142 0.644898
-0.796145 0.627229
-0.785249 0.609963
-0.774451 0.593089
-0.763748 0.576598
-0.753138 0.560479
-0.742617 0.544723
-0.732185 0.529321
-0.721839 0.514263
-0.711577 0.499543
-0.701396 0.485150
-0.691295 0.471079
-0.681273 0.457321
-0.671326 0.443869
-0.661454 0.430716
-0.651655 0.417856
-0.641927 0.405283
-0.632269 0.392989
-0.622679 0.380970
-0.613155 0.369220
-0.603698 0.357732
-0.594304 0.346502
-0.584974 0.335524
-0.575705 0.324794
-0.566496 0.314306
-0.557346 0.304056
-0.548255 0.294040
-0.539220 0.284252
-0.530242 0.274690
-0.521318 0.265347
-0.512449 0.256222
-0.503632 0.247309
-0.494868 0.238605
-0.486154 0.230107
-0.477491 0.221810
-0.468877 0.213711
-0.460311 0.205808
-0.451794 0.198096
-0.443323 0.190596
-0.434898 0.183257
-0.426519 0.176101
-0.418184 0.169124
-0.409894 0.162324
-0.401647 0.155698
-0.393442 0.149243
-0.385279 0.142956
-0.377158 0.136836
-0.369077 0.130879
-0.361037 0.125084
-0.353036 0.119446
-0.345074 0.113966
-0.337150 0.108639
-0.329264 0.103465
-0.321416 0.098440
-0.313604 0.093563
-0.305828 0.088832
-0.298089 0.084244
-0.290384 0.079798
-0.282714 0.075491
-0.275079 0.071323
-0.267477 0.067290
-0.259909 0.063392
-0.252374 0.059627
-0.244871 0.055992
-0.237401 0.052486
-0.229962 0.049108
-0.222554 0.045856
-0.215178 0.042727
-0.207832 0.039722
-0.200516 0.036838
-0.193230 0.034074
-0.185974 0.031428
-0.178746 0.028899
-0.171547 0.026485
-0.164377 0.024186
-0.157235 0.021999
-0.150120 0.019924
-0.143033 0.017959
-0.135973 0.016103
-0.128940 0.014354
-0.121933 0.012712
-0.114952 0.011175
-0.107998 0.009742
-0.101069 0.008412
-0.094165 0.007183
-0.087286 0.006056
-0.080432 0.005027
-0.073603 0.004098
-0.066798 0.003265
-0.060017 0.002529
-0.053259 0.001889
-0.046526 0.001342
-0.039815 0.000889
-0.033127 0.000529
-0.026463 0.000260
-0.019821 0.000081
-0.013201 -0.000007
-0.009899 0.000000
-0.006597 -0.000007
0.000022 0.000082
0.006665 0.000260
0.013329 0.000529
0.020017 0.000890
0.026728 0.001343
0.033461 0.001889
0.040219 0.002530
0.047000 0.003266
0.053805 0.004098
0.060634 0.005028
0.067488 0.006057
0.074367 0.007185
0.081270 0.008414
0.088200 0.009744
0.095154 0.011177
0.102135 0.012714
0.109142 0.014357
0.116175 0.016106
0.123235 0.017962
0.130322 0.019927
0.137437 0.022003
0.144579 0.024190
0.151749 0.026489
0.158948 0.028903
0.166175 0.031432
0.173432 0.034077
0.180718 0.036841
0.188034 0.039725
0.195380 0.042730
0.202756 0.045857
0.210164 0.049109
0.217603 0.052486
0.225073 0.055991
0.232576 0.059625
0.240111 0.063390
0.247679 0.067287
0.255281 0.071318
0.262916 0.075485
0.270586 0.079790
0.278291 0.084235
0.286030 0.088821
0.293806 0.093551
0.301618 0.098426
0.309466 0.103449
0.317352 0.108622
0.325276 0.113947
0.333238 0.119425
0.341239 0.125061
0.349279 0.130854
0.357360 0.136809
0.365481 0.142927
0.373644 0.149212
0.381849 0.155664
0.390096 0.162288
0.398386 0.169086
0.406721 0.176060
0.415100 0.183214
0.423525 0.190550
0.431995 0.198072
0.440513 0.205782
0.449079 0.213684
0.457693 0.221780
0.466356 0.230075
0.475069 0.238571
0.483834 0.247273
0.492651 0.256183
0.501520 0.265306
0.510444 0.274646
0.519422 0.284206
0.528457 0.293991
0.537548 0.304005
0.546698 0.314251
0.555906 0.324736
0.565176 0.335463
0.574506 0.346438
0.583900 0.357664
0.593357 0.369149
0.602881 0.380896
0.612471 0.392911
0.622129 0.405155
0.631857 0.417724
0.641656 0.430578
0.651528 0.443725
0.661475 0.457172
0.671497 0.470924
0.681598 0.484989
0.691779 0.499375
0.702041 0.514089
0.712387 0.529140
0.722819 0.544535
0.733340 0.560284
0.743950 0.576396
0.754653 0.592879
0.765451 0.609744
0.776347 0.627002
0.787344 0.644663
0.798443 0.662739
0.809649 0.681240
0.820964 0.700181
0.832392 0.719574
0.843936 0.739433
0.855600 0.759772
0.867386 0.780606
0.879301 0.801952
0.891347 0.823827
0.903529 0.846248
0.915852 0.869234
0.928321 0.892806
0.940941 0.916985
0.953717 0.941793
0.966657 0.967255
0.979766 0.993395
0.993050 1.020243
1.006518 1.047825
1.020177 1.076175
1.034036 1.105326
1.048103 1.135313
1.062388 1.166176
1.076901 1.197956
1.091655 1.230700
1.106661 1.264456
1.121932 1.299279
1.137484 1.335226
1.153332 1.372364
1.169494 1.410761
1.185989 1.450455
1.202839 1.491614
1.220068 1.534294
1.237703 1.578601
1.255773 1.624657
1.274313 1.672598
1.293361 1.722579
1.312961 1.774777
1.333165 1.829398
1.354032 1.886680
1.375632 1.946903
1.398047 2.010402
1.421379 2.077578
1.445749 2.148921
1.471310 2.225045
1.498256 2.306727
1.526839 2.394981
1.557400 2.491175
1.590418 2.597229
1.626601 2.715986
1.667083 2.852002
1.713900 3.013444
1.771497 3.218155
1.855154 3.527461
