-1.878228 3.500060
-1.794355 3.192752
-1.736609 2.989376
-1.689670 2.828995
-1.649083 2.693880
-1.612807 2.575913
-1.579704 2.470571
-1.549064 2.375025
-1.520407 2.287369
-1.493391 2.206243
-1.467764 2.130640
-1.443331 2.059787
-1.419939 1.993075
-1.397465 1.930017
-1.375810 1.870213
-1.354889 1.813332
-1.334633 1.759095
-1.314982 1.707265
-1.295884 1.657638
-1.277297 1.610039
-1.259180 1.564312
-1.241500 1.520323
-1.224226 1.477951
-1.207333 1.437090
-1.190795 1.397645
-1.174591 1.359528
-1.158702 1.322664
-1.143110 1.286982
-1.127799 1.252417
-1.112754 1.218912
-1.097962 1.186413
-1.083411 1.154871
-1.069089 1.124241
-1.054986 1.094481
-1.041092 1.065552
-1.027398 1.037418
-1.013895 1.010047
-1.000576 0.983406
-0.987433 0.957468
-0.974460 0.932204
-0.961650 0.907590
-0.948998 0.883601
-0.936496 0.860216
-0.924142 0.837412
-0.911928 0.815172
-0.899851 0.793474
-0.887906 0.772303
-0.876088 0.751640
-0.864395 0.731470
-0.852821 0.711778
-0.841364 0.692550
-0.830019 0.673771
-0.818784 0.655429
-0.807656 0.637511
-0.796631 0.620006
-0.785707 0.602901
-0.774881 0.586187
-0.764150 0.569854
-0.753512 0.553890
-0.742965 0.538287
-0.732506 0.523035
-0.722133 0.508127
-0.711844 0.493553
-0.701637 0.479305
-0.691510 0.465376
-0.681461 0.451759
-0.671489 0.438446
-0.661591 0.425430
-0.651767 0.412705
-0.642014 0.400265
-0.632331 0.388102
-0.622716 0.376213
-0.613168 0.364589
-0.603686 0.353227
-0.594268 0.342121
-0.584913 0.331265
-0.575620 0.320654
-0.566388 0.310285
-0.557214 0.300151
-0.548100 0.290250
-0.539042 0.280575
-0.530040 0.271123
-0.521093 0.261890
-0.512201 0.252872
-0.503361 0.244065
-0.494574 0.235464
-0.485838 0.227068
-0.477152 0.218871
-0.468516 0.210871
-0.459928 0.203064
-0.451389 0.195447
-0.442896 0.188017
-0.434450 0.180770
-0.426049 0.173704
-0.417693 0.166816
-0.409381 0.160102
-0.401112 0.153561
-0.392886 0.147190
-0.384703 0.140985
-0.376560 0.134944
-0.368459 0.129065
-0.360397 0.123346
-0.352376 0.117783
-0.344393 0.112376
-0.336449 0.107120
-0.328543 0.102015
-0.320674 0.097058
-0.312842 0.092247
-0.305046 0.087579
-0.297286 0.083054
-0.289562 0.078669
-0.281872 0.074421
-0.274217 0.070310
-0.266596 0.066333
-0.259008 0.062489
-0.251453 0.058776
-0.243931 0.055191
-0.236441 0.051734
-0.228983 0.048403
-0.221557 0.045196
-0.214161 0.042112
-0.206796 0.039148
-0.199461 0.036305
-0.192157 0.033602
-0.184881 0.030993
-0.177635 0.028499
-0.170418 0.026118
-0.163229 0.023851
-0.156068 0.021694
-0.148935 0.019648
-0.141829 0.017710
-0.134751 0.015879
-0.127700 0.014155
-0.120675 0.012535
-0.113676 0.011020
-0.106704 0.009606
-0.099757 0.008295
-0.092835 0.007083
-0.085939 0.005971
-0.079067 0.004957
-0.072220 0.004040
-0.065397 0.003219
-0.058599 0.002494
-0.051824 0.001862
-0.045073 0.001323
-0.038345 0.000877
-0.031640 0.000521
-0.024958 0.000256
-0.018298 0.000080
-0.011661 -0.000007
-0.008351 0.000000
-0.005041 -0.000007
0.001596 0.000080
0.008255 0.000256
0.014937 0.000521
0.021642 0.000877
0.028370 0.001324
0.035121 0.001862
0.041896 0.002494
0.048695 0.003220
0.055517 0.004041
0.062364 0.004958
0.069236 0.005972
0.076132 0.007084
0.083054 0.008295
0.090001 0.009607
0.096974 0.011020
0.103972 0.012535
0.110997 0.014155
0.118049 0.015879
0.125127 0.017709
0.132232 0.019647
0.139365 0.021693
0.146526 0.023849
0.153715 0.026117
0.160932 0.028496
0.168179 0.030990
0.175454 0.033599
0.182759 0.036324
0.190094 0.039168
0.197459 0.042131
0.204854 0.045215
0.212281 0.048422
0.219739 0.051752
0.227229 0.055209
0.234751 0.058793
0.242305 0.062506
0.249893 0.066349
0.257514 0.070326
0.265170 0.074436
0.272859 0.078683
0.280584 0.083068
0.288344 0.087592
0.296139 0.092258
0.303971 0.097050
0.311840 0.102006
0.319746 0.107110
0.327691 0.112365
0.335673 0.117771
0.343695 0.123333
0.351756 0.129051
0.359858 0.134928
0.368000 0.140967
0.376184 0.147171
0.384410 0.153541
0.392678 0.160080
0.400990 0.166792
0.409346 0.173697
0.417747 0.180761
0.426193 0.188005
0.434686 0.195434
0.443226 0.203049
0.451813 0.210853
0.460450 0.218851
0.469135 0.227045
0.477872 0.235440
0.486659 0.244037
0.495498 0.252842
0.504391 0.261857
0.513337 0.271088
0.522339 0.280536
0.531397 0.290208
0.540512 0.300107
0.549685 0.310237
0.558918 0.320604
0.568211 0.331210
0.577565 0.342063
0.586983 0.353166
0.596465 0.364524
0.606013 0.376144
0.615628 0.388030
0.625311 0.400188
0.635064 0.412625
0.644889 0.425346
0.654786 0.438357
0.664759 0.451666
0.674807 0.465279
0.684934 0.479203
0.695141 0.493446
0.705430 0.508016
0.715803 0.522920
0.726262 0.538166
0.736810 0.553764
0.747447 0.569723
0.758178 0.586052
0.769004 0.602761
0.779929 0.619860
0.790953 0.637360
0.802082 0.655273
0.813317 0.673609
0.824661 0.692383
0.836118 0.711606
0.847692 0.731266
0.859386 0.751430
0.871203 0.772087
0.883148 0.793252
0.895225 0.814943
0.907439 0.837178
0.919794 0.859975
0.932295 0.883355
0.944948 0.907337
0.957757 0.931946
0.970730 0.957204
0.983873 0.983136
0.997192 1.009771
1.010695 1.037137
1.024389 1.065264
1.038284 1.094187
1.052387 1.123941
1.066709 1.154565
1.081260 1.186101
1.096052 1.218593
1.111096 1.252092
1.126407 1.286649
1.141999 1.322325
1.157888 1.359182
1.174092 1.397291
1.190630 1.436729
1.207524 1.477582
1.224797 1.519946
1.242477 1.563927
1.260594 1.609645
1.279182 1.657236
1.298279 1.706854
1.317930 1.758675
1.338186 1.812902
1.359107 1.869773
1.380763 1.929567
1.403236 1.992614
1.426628 2.059314
1.451062 2.130156
1.476689 2.205746
1.503704 2.286859
1.532361 2.374501
1.563002 2.470031
1.596104 2.575357
1.632381 2.693305
1.672968 2.828399
1.719906 2.988755
1.777653 3.192100
1.861525 3.499363
