-1.855781 3.493774
-1.772076 3.187132
-1.714446 2.984193
-1.667601 2.824155
-1.627095 2.689328
-1.590891 2.571612
-1.557855 2.466493
-1.527276 2.371150
-1.498676 2.283679
-1.471715 2.202725
-1.446139 2.127282
-1.421755 2.056578
-1.398409 1.990006
-1.375981 1.927080
-1.354369 1.867400
-1.333490 1.810636
-1.313274 1.756511
-1.293662 1.704787
-1.274603 1.655261
-1.256053 1.607758
-1.237972 1.562123
-1.220327 1.518222
-1.203088 1.475935
-1.186228 1.435154
-1.169724 1.395787
-1.153552 1.357745
-1.137695 1.320953
-1.122134 1.285340
-1.106854 1.250842
-1.091839 1.217402
-1.077077 1.184965
-1.062555 1.153483
-1.048262 1.122911
-1.034187 1.093207
-1.020320 1.064333
-1.006653 1.036309
-0.993178 1.008988
-0.979885 0.982396
-0.966769 0.956505
-0.953822 0.931287
-0.941038 0.906717
-0.928410 0.882803
-0.915934 0.859458
-0.903604 0.836694
-0.891415 0.814490
-0.879362 0.792829
-0.867441 0.771692
-0.855647 0.751062
-0.843977 0.730924
-0.832426 0.711263
-0.820992 0.692064
-0.809670 0.673313
-0.798458 0.654998
-0.787352 0.637105
-0.776349 0.619624
-0.765447 0.602544
-0.754642 0.585852
-0.743933 0.569539
-0.733316 0.553596
-0.722790 0.538012
-0.712352 0.522778
-0.702000 0.507887
-0.691731 0.493330
-0.681545 0.479098
-0.671438 0.465184
-0.661409 0.451580
-0.651457 0.438261
-0.641579 0.425258
-0.631774 0.412546
-0.622041 0.400117
-0.612377 0.387965
-0.602781 0.376085
-0.593253 0.364472
-0.583790 0.353118
-0.574391 0.342020
-0.565055 0.331173
-0.555780 0.320570
-0.546566 0.310207
-0.537411 0.300080
-0.528315 0.290185
-0.519275 0.280516
-0.510291 0.271069
-0.501363 0.261842
-0.492488 0.252828
-0.483666 0.244025
-0.474896 0.235429
-0.466178 0.227037
-0.457509 0.218843
-0.448890 0.210847
-0.440320 0.203043
-0.431797 0.195429
-0.423322 0.188001
-0.414892 0.180757
-0.406508 0.173693
-0.398169 0.166807
-0.389873 0.160095
-0.381621 0.153556
-0.373412 0.147186
-0.365245 0.140983
-0.357119 0.134943
-0.349033 0.129066
-0.340988 0.123347
-0.332982 0.117786
-0.325016 0.112379
-0.317088 0.107125
-0.309197 0.102020
-0.301344 0.097064
-0.293528 0.092253
-0.285748 0.087586
-0.278003 0.083061
-0.270294 0.078676
-0.262620 0.074448
-0.254980 0.070337
-0.247374 0.066360
-0.239802 0.062516
-0.232262 0.058803
-0.224755 0.055218
-0.217280 0.051761
-0.209837 0.048430
-0.202425 0.045223
-0.195044 0.042139
-0.187694 0.039175
-0.180374 0.036332
-0.173084 0.033606
-0.165823 0.030997
-0.158591 0.028503
-0.151388 0.026123
-0.144214 0.023855
-0.137067 0.021699
-0.129949 0.019652
-0.122857 0.017714
-0.115793 0.015884
-0.108756 0.014159
-0.101745 0.012540
-0.094761 0.011024
-0.087802 0.009611
-0.080869 0.008299
-0.073961 0.007087
-0.067078 0.005975
-0.060221 0.004961
-0.053387 0.004044
-0.046578 0.003223
-0.039793 0.002497
-0.033032 0.001865
-0.026294 0.001326
-0.019580 0.000879
-0.012888 0.000523
-0.006220 0.000257
0.000426 0.000081
0.007050 -0.000007
0.010354 0.000000
0.013657 -0.000008
0.020281 0.000079
0.026927 0.000255
0.033596 0.000519
0.040287 0.000874
0.047001 0.001320
0.053739 0.001858
0.060500 0.002489
0.067285 0.003214
0.074094 0.004034
0.080928 0.004950
0.087786 0.005963
0.094668 0.007074
0.101576 0.008284
0.108509 0.009595
0.115468 0.011006
0.122452 0.012521
0.129463 0.014139
0.136501 0.015862
0.143565 0.017690
0.150656 0.019626
0.157775 0.021671
0.164921 0.023825
0.172096 0.026091
0.179299 0.028468
0.186530 0.030960
0.193791 0.033566
0.201081 0.036289
0.208401 0.039131
0.215752 0.042091
0.223132 0.045146
0.230544 0.048349
0.237987 0.051676
0.245462 0.055129
0.252969 0.058709
0.260509 0.062418
0.268081 0.066258
0.275687 0.070230
0.283327 0.074336
0.291001 0.078577
0.298710 0.082957
0.306455 0.087476
0.314235 0.092137
0.322051 0.096941
0.329904 0.101892
0.337795 0.106989
0.345723 0.112237
0.353690 0.117637
0.361695 0.123191
0.369740 0.128901
0.377826 0.134771
0.385952 0.140802
0.394119 0.146997
0.402328 0.153358
0.410581 0.159888
0.418876 0.166590
0.427215 0.173466
0.435599 0.180520
0.444029 0.187753
0.452504 0.195170
0.461027 0.202773
0.469598 0.210565
0.478216 0.218550
0.486885 0.226731
0.495603 0.235111
0.504373 0.243694
0.513195 0.252483
0.522070 0.261483
0.530998 0.270697
0.539982 0.280129
0.549022 0.289783
0.558118 0.299663
0.567273 0.309774
0.576487 0.320120
0.585762 0.330707
0.595098 0.341538
0.604497 0.352618
0.613960 0.363954
0.623489 0.375549
0.633084 0.387410
0.642748 0.399543
0.652482 0.411952
0.662286 0.424645
0.672164 0.437628
0.682117 0.450907
0.692145 0.464489
0.702252 0.478381
0.712438 0.492591
0.722707 0.507126
0.733059 0.521994
0.743497 0.537204
0.754023 0.552764
0.764640 0.568683
0.775349 0.584970
0.786154 0.601637
0.797056 0.618692
0.808059 0.636146
0.819165 0.654011
0.830377 0.672299
0.841699 0.691022
0.853133 0.710193
0.864684 0.729825
0.876354 0.749934
0.888148 0.770533
0.900069 0.791639
0.912122 0.813269
0.924311 0.835440
0.936642 0.858172
0.949118 0.881483
0.961745 0.905396
0.974529 0.929932
0.987476 0.955115
1.000592 0.980970
1.013885 1.007525
1.027361 1.034808
1.041028 1.062850
1.054894 1.091685
1.068969 1.121348
1.083262 1.151878
1.097784 1.183317
1.112547 1.215709
1.127561 1.249103
1.142841 1.283554
1.158402 1.319118
1.174259 1.355860
1.190431 1.393849
1.206936 1.433163
1.223796 1.473887
1.241035 1.516117
1.258679 1.559958
1.276760 1.605530
1.295310 1.652969
1.314369 1.702427
1.333981 1.754081
1.354197 1.808134
1.375076 1.864820
1.396688 1.924420
1.419117 1.987262
1.442462 2.053744
1.466846 2.124276
1.492422 2.199615
1.519383 2.280457
1.547983 2.367807
1.578562 2.463017
1.611599 2.567926
1.647802 2.685473
1.688308 2.820107
1.735153 2.979914
1.792783 3.182561
1.876488 3.488763
