-0.211274 2.368583
-0.187238 1.868109
-0.170689 1.528460
-0.157238 1.258151
-0.145607 1.031572
-0.135211 0.836527
-0.125725 0.667045
-0.116944 0.519529
-0.108732 0.391719
-0.100990 0.282357
-0.093646 0.190726
-0.086644 0.116689
-0.079941 0.060306
-0.073500 0.022124
-0.067294 0.002586
-0.064272 0.000000
-0.061249 0.002716
-0.055043 0.025778
-0.048603 0.078096
-0.041899 0.168088
-0.034898 0.305787
-0.027554 0.503389
-0.019812 0.773582
-0.011599 1.128645
-0.002819 1.578022
0.006668 2.127025
0.017064 2.780125
0.028695 3.546062
0.042146 4.449113
0.058694 5.556430
0.082730 7.121886
