-1.854384 3.532435
-1.770861 3.222555
-1.713355 3.017476
-1.666613 2.855750
-1.626195 2.719501
-1.590070 2.600542
-1.557105 2.494313
-1.526592 2.397961
-1.498055 2.309565
-1.471152 2.227753
-1.445631 2.151510
-1.421300 2.080056
-1.398005 2.012777
-1.375625 1.949183
-1.354060 1.888869
-1.333227 1.831503
-1.313055 1.776802
-1.293486 1.724528
-1.274468 1.674476
-1.255958 1.626467
-1.237916 1.580347
-1.220310 1.536060
-1.203109 1.493320
-1.186285 1.452103
-1.169816 1.412313
-1.153680 1.373863
-1.137857 1.336676
-1.122330 1.300680
-1.107083 1.265811
-1.092101 1.232010
-1.077371 1.199224
-1.062880 1.167402
-1.048618 1.136500
-1.034574 1.106475
-1.020737 1.077287
-1.007100 1.048902
-0.993654 1.021285
-0.980390 0.994405
-0.967302 0.968232
-0.954383 0.942740
-0.941627 0.917902
-0.929027 0.893694
-0.916578 0.870094
-0.904275 0.847081
-0.892112 0.824634
-0.880085 0.802734
-0.868190 0.781363
-0.856422 0.760505
-0.844777 0.740143
-0.833251 0.720262
-0.821842 0.700907
-0.810544 0.681944
-0.799356 0.663420
-0.788274 0.645324
-0.777295 0.627642
-0.766417 0.610365
-0.755636 0.593480
-0.744950 0.576978
-0.734356 0.560848
-0.723853 0.545082
-0.713437 0.529670
-0.703108 0.514602
-0.692862 0.499872
-0.682697 0.485470
-0.672612 0.471390
-0.662606 0.457623
-0.652675 0.444162
-0.642819 0.431001
-0.633035 0.418133
-0.623322 0.405551
-0.613680 0.393250
-0.604105 0.381223
-0.594597 0.369465
-0.585154 0.357970
-0.575776 0.346732
-0.566460 0.335748
-0.557206 0.325011
-0.548012 0.314516
-0.538877 0.304260
-0.529800 0.294237
-0.520780 0.284444
-0.511816 0.274875
-0.502906 0.265527
-0.494051 0.256396
-0.485248 0.247477
-0.476497 0.238768
-0.467798 0.230264
-0.459148 0.221962
-0.450548 0.213859
-0.441996 0.205950
-0.433492 0.198233
-0.425035 0.190705
-0.416623 0.183363
-0.408258 0.176203
-0.399936 0.169223
-0.391659 0.162419
-0.383425 0.155790
-0.375233 0.149332
-0.367084 0.143042
-0.358975 0.136919
-0.350908 0.130959
-0.342880 0.125160
-0.334892 0.119521
-0.326942 0.114059
-0.319031 0.108728
-0.311158 0.103550
-0.303322 0.098521
-0.295522 0.093641
-0.287759 0.088906
-0.280032 0.084315
-0.272340 0.079865
-0.264682 0.075556
-0.257059 0.071384
-0.249469 0.067349
-0.241913 0.063447
-0.234390 0.059679
-0.226899 0.056041
-0.219441 0.052533
-0.212014 0.049152
-0.204618 0.045897
-0.197253 0.042766
-0.189919 0.039759
-0.182615 0.036872
-0.175340 0.034106
-0.168095 0.031458
-0.160879 0.028927
-0.153692 0.026511
-0.146533 0.024210
-0.139402 0.022021
-0.132299 0.019944
-0.125223 0.017978
-0.118174 0.016120
-0.111152 0.014370
-0.104156 0.012726
-0.097187 0.011188
-0.090243 0.009754
-0.083325 0.008422
-0.076433 0.007193
-0.069565 0.006064
-0.062722 0.005035
-0.055904 0.004104
-0.049109 0.003271
-0.042339 0.002534
-0.035592 0.001892
-0.028869 0.001345
-0.022169 0.000892
-0.015493 0.000531
-0.008838 0.000261
-0.002207 0.000082
0.004403 -0.000007
0.007699 0.000000
0.010995 -0.000007
0.017605 0.000081
0.024236 0.000259
0.030890 0.000528
0.037567 0.000888
0.044267 0.001341
0.050990 0.001888
0.057737 0.002528
0.064507 0.003264
0.071301 0.004097
0.078120 0.005027
0.084963 0.006056
0.091831 0.007184
0.098723 0.008413
0.105641 0.009744
0.112585 0.011178
0.119554 0.012715
0.126550 0.014358
0.133572 0.016108
0.140621 0.017965
0.147697 0.019931
0.154800 0.022007
0.161931 0.024195
0.169090 0.026495
0.176277 0.028910
0.183493 0.031439
0.190738 0.034086
0.198013 0.036851
0.205317 0.039736
0.212651 0.042742
0.220016 0.045871
0.227411 0.049124
0.234838 0.052503
0.242297 0.056009
0.249788 0.059645
0.257311 0.063411
0.264867 0.067310
0.272457 0.071343
0.280080 0.075511
0.287737 0.079818
0.295430 0.084265
0.303157 0.088853
0.310920 0.093585
0.318720 0.098463
0.326556 0.103429
0.334429 0.108602
0.342340 0.113927
0.350290 0.119407
0.358278 0.125042
0.366306 0.130837
0.374373 0.136792
0.382482 0.142911
0.390631 0.149196
0.398823 0.155650
0.407057 0.162274
0.415334 0.169073
0.423655 0.176048
0.432021 0.183203
0.440433 0.190540
0.448890 0.198062
0.457394 0.205773
0.465946 0.213676
0.474546 0.221773
0.483196 0.230069
0.491895 0.238566
0.500646 0.247269
0.509449 0.256180
0.518304 0.265305
0.527213 0.274645
0.536178 0.284207
0.545198 0.293992
0.554274 0.304007
0.563409 0.314255
0.572604 0.324741
0.581858 0.335470
0.591174 0.346445
0.600552 0.357673
0.609995 0.369159
0.619503 0.380861
0.629077 0.392877
0.638720 0.405167
0.648433 0.417736
0.658216 0.430592
0.668073 0.443741
0.678003 0.457188
0.688010 0.470942
0.698095 0.485008
0.708259 0.499396
0.718506 0.514111
0.728835 0.529163
0.739251 0.544560
0.749754 0.560310
0.760348 0.576423
0.771034 0.592908
0.781815 0.609775
0.792693 0.627034
0.803672 0.644696
0.814754 0.662773
0.825942 0.681277
0.837239 0.700219
0.848649 0.719613
0.860174 0.739473
0.871819 0.759814
0.883587 0.780650
0.895483 0.801997
0.907510 0.823873
0.919672 0.846296
0.931976 0.869284
0.944425 0.892857
0.957025 0.917037
0.969781 0.941847
0.982700 0.967310
0.995788 0.993452
1.009051 1.020301
1.022498 1.047885
1.036135 1.076236
1.049972 1.105388
1.064016 1.135376
1.078278 1.166240
1.092769 1.198022
1.107499 1.230767
1.122481 1.264524
1.137728 1.299348
1.153255 1.335296
1.169078 1.372434
1.185214 1.410832
1.201683 1.450569
1.218506 1.491729
1.235708 1.534410
1.253314 1.578719
1.271356 1.624776
1.289866 1.672718
1.308884 1.722700
1.328453 1.774899
1.348624 1.829521
1.369458 1.886803
1.391023 1.947027
1.413403 2.010526
1.436698 2.077701
1.461029 2.149045
1.486550 2.225168
1.513452 2.306736
1.541990 2.394984
1.572502 2.491171
1.605468 2.597216
1.641593 2.715964
1.682011 2.851967
1.728753 3.013393
1.786259 3.218082
1.869782 3.527350
