-1.835077 3.481354
-1.753261 3.175860
-1.696931 2.973689
-1.651144 2.814261
-1.611552 2.679950
-1.576165 2.562686
-1.543874 2.457972
-1.513985 2.362996
-1.486031 2.275862
-1.459678 2.195221
-1.434679 2.120070
-1.410845 2.049639
-1.388027 1.983325
-1.366104 1.920643
-1.344980 1.861196
-1.324572 1.804654
-1.304813 1.750739
-1.285644 1.699218
-1.267015 1.649886
-1.248883 1.602569
-1.231210 1.557114
-1.213964 1.513385
-1.197114 1.471264
-1.180634 1.430644
-1.164502 1.391431
-1.148695 1.353539
-1.133196 1.316967
-1.117986 1.281492
-1.103051 1.247128
-1.088375 1.213817
-1.073946 1.181506
-1.059752 1.150146
-1.045781 1.119692
-1.032024 1.090103
-1.018470 1.061339
-1.005112 1.033366
-0.991940 1.006151
-0.978948 0.979662
-0.966127 0.953870
-0.953472 0.928749
-0.940977 0.904272
-0.928634 0.880418
-0.916440 0.857162
-0.904388 0.834484
-0.892474 0.812365
-0.880693 0.790784
-0.869041 0.769726
-0.857513 0.749173
-0.846106 0.729109
-0.834816 0.709518
-0.823640 0.690388
-0.812574 0.671704
-0.801614 0.653453
-0.790759 0.635623
-0.780004 0.618202
-0.769348 0.601180
-0.758787 0.584544
-0.748320 0.568285
-0.737943 0.552394
-0.727654 0.536860
-0.717452 0.521675
-0.707333 0.506831
-0.697296 0.492318
-0.687340 0.478129
-0.677461 0.464257
-0.667659 0.450694
-0.657931 0.437432
-0.648276 0.424495
-0.638693 0.411817
-0.629179 0.399421
-0.619733 0.387302
-0.610354 0.375453
-0.601040 0.363869
-0.591791 0.352545
-0.582604 0.341474
-0.573478 0.330653
-0.564413 0.320075
-0.555407 0.309737
-0.546459 0.299633
-0.537567 0.289759
-0.528732 0.280112
-0.519951 0.270685
-0.511224 0.261477
-0.502549 0.252482
-0.493926 0.243697
-0.485355 0.235118
-0.476833 0.226741
-0.468360 0.218563
-0.459936 0.210581
-0.451559 0.202791
-0.443228 0.195190
-0.434944 0.187775
-0.426705 0.180543
-0.418510 0.173491
-0.410359 0.166616
-0.402250 0.159915
-0.394185 0.153385
-0.386161 0.147025
-0.378177 0.140830
-0.370235 0.134800
-0.362332 0.128930
-0.354468 0.123219
-0.346643 0.117665
-0.338857 0.112265
-0.331107 0.107017
-0.323395 0.101919
-0.315719 0.096968
-0.308079 0.092163
-0.300474 0.087502
-0.292905 0.082982
-0.285370 0.078602
-0.277869 0.074359
-0.270401 0.070252
-0.262967 0.066280
-0.255565 0.062439
-0.248196 0.058730
-0.240858 0.055149
-0.233552 0.051695
-0.226277 0.048367
-0.219033 0.045163
-0.211818 0.042082
-0.204634 0.039121
-0.197479 0.036280
-0.190353 0.033557
-0.183256 0.030950
-0.176188 0.028458
-0.169147 0.026081
-0.162135 0.023815
-0.155150 0.021661
-0.148192 0.019617
-0.141260 0.017681
-0.134356 0.015852
-0.127477 0.014129
-0.120624 0.012512
-0.113797 0.010998
-0.106996 0.009586
-0.100219 0.008276
-0.093467 0.007066
-0.086740 0.005955
-0.080037 0.004943
-0.073358 0.004028
-0.066702 0.003208
-0.060071 0.002484
-0.053462 0.001853
-0.046876 0.001316
-0.040313 0.000871
-0.033773 0.000517
-0.027255 0.000253
-0.020759 0.000078
-0.014284 -0.000008
-0.011055 0.000000
-0.007826 -0.000007
-0.001352 0.000082
0.005144 0.000259
0.011662 0.000526
0.018202 0.000882
0.024765 0.001330
0.031351 0.001870
0.037960 0.002503
0.044592 0.003230
0.051247 0.004052
0.057926 0.004970
0.064629 0.005985
0.071356 0.007099
0.078108 0.008311
0.084885 0.009624
0.091687 0.011038
0.098514 0.012555
0.105366 0.014175
0.112245 0.015900
0.119149 0.017731
0.126081 0.019670
0.133039 0.021717
0.140024 0.023874
0.147037 0.026142
0.154077 0.028522
0.161145 0.031016
0.168242 0.033625
0.175368 0.036351
0.182523 0.039194
0.189707 0.042157
0.196922 0.045241
0.204166 0.048447
0.211441 0.051744
0.218747 0.055198
0.226085 0.058780
0.233454 0.062491
0.240856 0.066332
0.248290 0.070305
0.255758 0.074413
0.263259 0.078656
0.270794 0.083036
0.278364 0.087556
0.285968 0.092218
0.293608 0.097023
0.301284 0.101973
0.308996 0.107071
0.316746 0.112319
0.324533 0.117718
0.332357 0.123271
0.340221 0.128981
0.348124 0.134849
0.356067 0.140879
0.364050 0.147071
0.372074 0.153430
0.380140 0.159957
0.388248 0.166656
0.396399 0.173528
0.404594 0.180578
0.412833 0.187807
0.421117 0.195218
0.429448 0.202815
0.437825 0.210601
0.446249 0.218579
0.454722 0.226752
0.463244 0.235124
0.471816 0.243698
0.480438 0.252477
0.489113 0.261466
0.497840 0.270668
0.506621 0.280088
0.515457 0.289728
0.524348 0.299594
0.533296 0.309690
0.542302 0.320020
0.551368 0.330588
0.560493 0.341401
0.569680 0.352462
0.578929 0.363776
0.588243 0.375349
0.597622 0.387186
0.607068 0.399294
0.616582 0.411677
0.626165 0.424342
0.635820 0.437295
0.645548 0.450542
0.655350 0.464091
0.665229 0.477949
0.675186 0.492122
0.685222 0.506618
0.695341 0.521446
0.705543 0.536613
0.715832 0.552128
0.726209 0.568001
0.736677 0.584240
0.747237 0.600854
0.757894 0.617856
0.768648 0.635254
0.779503 0.653060
0.790463 0.671287
0.801529 0.689946
0.812705 0.709050
0.823995 0.728612
0.835402 0.748648
0.846930 0.769171
0.858582 0.790198
0.870363 0.811746
0.882277 0.833832
0.894329 0.856475
0.906524 0.879694
0.918866 0.903510
0.931361 0.927947
0.944016 0.953027
0.956837 0.978775
0.969829 1.005219
0.983001 1.032388
0.996359 1.060312
1.009913 1.089024
1.023670 1.118560
1.037641 1.148958
1.051835 1.180259
1.066264 1.212509
1.080940 1.245756
1.095876 1.280053
1.111085 1.315358
1.126585 1.351931
1.142391 1.389745
1.158523 1.428876
1.175003 1.469410
1.191853 1.511440
1.209099 1.555073
1.226772 1.600427
1.244904 1.647637
1.263533 1.696856
1.282702 1.748257
1.302461 1.802043
1.322869 1.858449
1.343994 1.917751
1.365916 1.980277
1.388734 2.046422
1.412568 2.116671
1.437567 2.191625
1.463920 2.272050
1.491874 2.358945
1.521763 2.453655
1.554054 2.558071
1.589441 2.674993
1.629033 2.808903
1.674820 2.967841
1.731151 3.169370
1.812966 3.473855
