-1.761062 3.495124
-1.680521 3.188314
-1.625069 2.985284
-1.579995 2.825185
-1.541020 2.690314
-1.506185 2.572564
-1.474397 2.467418
-1.444974 2.372053
-1.417456 2.284565
-1.391513 2.203597
-1.366904 2.128143
-1.343442 2.057429
-1.320979 1.990851
-1.299398 1.927919
-1.278603 1.868236
-1.258513 1.811471
-1.239062 1.757345
-1.220191 1.705621
-1.201853 1.656097
-1.184004 1.608596
-1.166606 1.562964
-1.149629 1.519066
-1.133041 1.476783
-1.116819 1.436007
-1.100938 1.396644
-1.085378 1.358607
-1.070120 1.321820
-1.055147 1.286212
-1.040445 1.251720
-1.025998 1.218285
-1.011793 1.185853
-0.997820 1.154377
-0.984067 1.123811
-0.970524 1.094112
-0.957182 1.065243
-0.944032 1.037167
-0.931065 1.009852
-0.918275 0.983266
-0.905655 0.957380
-0.893197 0.932167
-0.880896 0.907602
-0.868746 0.883660
-0.856742 0.860320
-0.844878 0.837560
-0.833149 0.815361
-0.821552 0.793703
-0.810082 0.772569
-0.798734 0.751941
-0.787504 0.731805
-0.776391 0.712145
-0.765388 0.692946
-0.754495 0.674195
-0.743706 0.655879
-0.733020 0.637985
-0.722433 0.620570
-0.711943 0.603485
-0.701547 0.586789
-0.691242 0.570471
-0.681027 0.554522
-0.670899 0.538932
-0.660855 0.523692
-0.650894 0.508794
-0.641014 0.494229
-0.631212 0.479989
-0.621488 0.466066
-0.611838 0.452454
-0.602262 0.439145
-0.592758 0.426132
-0.583324 0.413471
-0.573958 0.401030
-0.564659 0.388866
-0.555427 0.376973
-0.546258 0.365346
-0.537153 0.353979
-0.528109 0.342867
-0.519126 0.332005
-0.510202 0.321388
-0.501336 0.311011
-0.492527 0.300870
-0.483775 0.290959
-0.475077 0.281275
-0.466433 0.271814
-0.457841 0.262571
-0.449302 0.253542
-0.440814 0.244724
-0.432376 0.236112
-0.423987 0.227704
-0.415646 0.219495
-0.407353 0.211483
-0.399106 0.203663
-0.390906 0.196034
-0.382750 0.188590
-0.374640 0.181330
-0.366572 0.174251
-0.358548 0.167350
-0.350567 0.160623
-0.342627 0.154068
-0.334727 0.147683
-0.326869 0.141464
-0.319050 0.135410
-0.311270 0.129517
-0.303529 0.123784
-0.295826 0.118208
-0.288161 0.112786
-0.280532 0.107517
-0.272940 0.102398
-0.265384 0.097428
-0.257863 0.092603
-0.250377 0.087923
-0.242925 0.083384
-0.235508 0.078986
-0.228124 0.074725
-0.220772 0.070601
-0.213454 0.066612
-0.206168 0.062755
-0.198913 0.059029
-0.191690 0.055459
-0.184498 0.051989
-0.177336 0.048646
-0.170204 0.045427
-0.163102 0.042331
-0.156030 0.039356
-0.148987 0.036502
-0.141972 0.033765
-0.134986 0.031146
-0.128027 0.028643
-0.121097 0.026254
-0.114193 0.023977
-0.107317 0.021812
-0.100467 0.019757
-0.093644 0.017811
-0.086847 0.015973
-0.080076 0.014241
-0.073330 0.012615
-0.066609 0.011092
-0.059914 0.009672
-0.053243 0.008354
-0.046596 0.007137
-0.039974 0.006019
-0.033375 0.004999
-0.026800 0.004077
-0.020248 0.003251
-0.013720 0.002521
-0.007214 0.001884
-0.000731 0.001341
0.005729 0.000891
0.012168 0.000532
0.018585 0.000263
0.024979 0.000084
0.031353 -0.000006
0.034531 0.000000
0.037710 -0.000009
0.044083 0.000077
0.050478 0.000251
0.056895 0.000515
0.063333 0.000869
0.069794 0.001314
0.076277 0.001852
0.082783 0.002484
0.089311 0.003209
0.095863 0.004030
0.102438 0.004948
0.109036 0.005963
0.115659 0.007076
0.122305 0.008289
0.128976 0.009602
0.135672 0.011017
0.142393 0.012496
0.149138 0.014116
0.155910 0.015840
0.162707 0.017671
0.169530 0.019610
0.176380 0.021657
0.183256 0.023814
0.190159 0.026083
0.197090 0.028464
0.204048 0.030959
0.211035 0.033569
0.218049 0.036296
0.225093 0.039142
0.232165 0.042107
0.239267 0.045193
0.246399 0.048401
0.253560 0.051734
0.260753 0.055193
0.267976 0.058779
0.275230 0.062494
0.282517 0.066340
0.289835 0.070318
0.297186 0.074431
0.304570 0.078679
0.311988 0.083066
0.319440 0.087592
0.326926 0.092260
0.334446 0.097072
0.342003 0.102029
0.349595 0.107134
0.357223 0.112389
0.364889 0.117797
0.372592 0.123358
0.380333 0.129076
0.388113 0.134953
0.395932 0.140992
0.403790 0.147194
0.411689 0.153562
0.419629 0.160100
0.427611 0.166809
0.435635 0.173692
0.443702 0.180752
0.451813 0.187992
0.459968 0.195416
0.468169 0.203025
0.476415 0.210823
0.484709 0.218814
0.493049 0.227000
0.501438 0.235385
0.509876 0.243972
0.518365 0.252766
0.526904 0.261770
0.535495 0.270987
0.544139 0.280421
0.552837 0.290078
0.561590 0.299960
0.570399 0.310072
0.579265 0.320419
0.588189 0.331005
0.597172 0.341834
0.606215 0.352913
0.615321 0.364246
0.624489 0.375838
0.633722 0.387695
0.643021 0.399822
0.652386 0.412225
0.661821 0.424790
0.671325 0.437760
0.680901 0.451026
0.690551 0.464594
0.700275 0.478470
0.710077 0.492663
0.719957 0.507179
0.729918 0.522027
0.739961 0.537215
0.750090 0.552751
0.760305 0.568645
0.770609 0.584906
0.781006 0.601544
0.791496 0.618568
0.802082 0.635990
0.812769 0.653820
0.823557 0.672071
0.834451 0.690755
0.845453 0.709884
0.856567 0.729473
0.867796 0.749535
0.879144 0.770086
0.890615 0.791141
0.902212 0.812717
0.913941 0.834832
0.925805 0.857504
0.937809 0.880753
0.949959 0.904601
0.962260 0.929068
0.974718 0.954180
0.987338 0.979962
1.000128 1.006440
1.013095 1.033643
1.026245 1.061601
1.039587 1.090349
1.053130 1.119922
1.066883 1.150303
1.080856 1.181642
1.095060 1.213929
1.109507 1.247214
1.124210 1.281550
1.139183 1.316995
1.154440 1.353611
1.170000 1.391470
1.185881 1.430646
1.202104 1.471227
1.218691 1.513306
1.235669 1.556988
1.253066 1.602394
1.270916 1.649656
1.289254 1.698929
1.308124 1.750386
1.327576 1.804230
1.347666 1.860696
1.368461 1.920060
1.390042 1.982650
1.412504 2.048863
1.435967 2.119182
1.460576 2.194210
1.486518 2.274713
1.514037 2.361690
1.543460 2.456489
1.575248 2.560999
1.610083 2.678023
1.649058 2.812047
1.694131 2.971115
1.749584 3.172802
1.830124 3.477509
