-1.874941 3.480330
-1.791349 3.175077
-1.733796 2.973053
-1.687015 2.813732
-1.646564 2.679506
-1.610409 2.562312
-1.577417 2.457657
-1.546879 2.362778
-1.518318 2.275687
-1.491393 2.195083
-1.465852 2.119964
-1.441500 2.049563
-1.418186 1.983275
-1.395788 1.920616
-1.374205 1.861190
-1.353354 1.804666
-1.333166 1.750769
-1.313580 1.699263
-1.294547 1.649945
-1.276022 1.602641
-1.257965 1.557196
-1.240345 1.513477
-1.223129 1.471365
-1.206292 1.430754
-1.189809 1.391548
-1.173659 1.353663
-1.157824 1.317021
-1.142284 1.281553
-1.127024 1.247196
-1.112030 1.213890
-1.097288 1.181584
-1.082785 1.150229
-1.068511 1.119779
-1.054455 1.090194
-1.040607 1.061433
-1.026959 1.033463
-1.013501 1.006250
-1.000227 0.979763
-0.987128 0.953973
-0.974198 0.928854
-0.961431 0.904483
-0.948821 0.880627
-0.936362 0.857370
-0.924048 0.834691
-0.911876 0.812570
-0.899839 0.790988
-0.887934 0.769928
-0.876156 0.749373
-0.864501 0.729307
-0.852966 0.709715
-0.841547 0.690583
-0.830241 0.671896
-0.819044 0.653643
-0.807953 0.635811
-0.796965 0.618388
-0.786077 0.601363
-0.775287 0.584726
-0.764592 0.568465
-0.753990 0.552571
-0.743478 0.537035
-0.733054 0.521848
-0.722716 0.507002
-0.712461 0.492487
-0.702288 0.478296
-0.692195 0.464422
-0.682180 0.450857
-0.672241 0.437593
-0.662377 0.424625
-0.652585 0.411946
-0.642865 0.399549
-0.633214 0.387428
-0.623631 0.375578
-0.614116 0.363992
-0.604665 0.352666
-0.595279 0.341594
-0.585955 0.330770
-0.576693 0.320191
-0.567492 0.309851
-0.558349 0.299746
-0.549265 0.289871
-0.540237 0.280221
-0.531266 0.270793
-0.522349 0.261583
-0.513486 0.252586
-0.504676 0.243800
-0.495919 0.235219
-0.487212 0.226840
-0.478555 0.218661
-0.469948 0.210677
-0.461389 0.202885
-0.452878 0.195283
-0.444413 0.187866
-0.435995 0.180632
-0.427623 0.173578
-0.419294 0.166701
-0.411010 0.159998
-0.402769 0.153467
-0.394571 0.147104
-0.386415 0.140908
-0.378300 0.134875
-0.370225 0.129004
-0.362191 0.123291
-0.354196 0.117735
-0.346240 0.112333
-0.338323 0.107083
-0.330443 0.101983
-0.322600 0.097031
-0.314794 0.092224
-0.307025 0.087560
-0.299291 0.083038
-0.291592 0.078656
-0.283929 0.074412
-0.276299 0.070303
-0.268703 0.066329
-0.261141 0.062487
-0.253611 0.058775
-0.246115 0.055192
-0.238650 0.051737
-0.231217 0.048428
-0.223815 0.045222
-0.216444 0.042138
-0.209104 0.039175
-0.201794 0.036332
-0.194513 0.033606
-0.187262 0.030998
-0.180040 0.028504
-0.172847 0.026124
-0.165682 0.023857
-0.158545 0.021700
-0.151436 0.019654
-0.144355 0.017716
-0.137300 0.015885
-0.130272 0.014161
-0.123271 0.012541
-0.116295 0.011025
-0.109346 0.009612
-0.102422 0.008300
-0.095524 0.007088
-0.088651 0.005975
-0.081802 0.004961
-0.074978 0.004044
-0.068178 0.003223
-0.061402 0.002496
-0.054650 0.001864
-0.047921 0.001325
-0.041216 0.000878
-0.034534 0.000522
-0.027874 0.000257
-0.021237 0.000081
-0.014622 -0.000007
-0.011323 0.000000
-0.008024 -0.000008
-0.001409 0.000080
0.005228 0.000255
0.011888 0.000520
0.018570 0.000875
0.025275 0.001322
0.032004 0.001860
0.038756 0.002492
0.045532 0.003217
0.052332 0.004038
0.059156 0.004954
0.066005 0.005968
0.072878 0.007080
0.079776 0.008291
0.086700 0.009602
0.093649 0.011015
0.100625 0.012530
0.107626 0.014149
0.114654 0.015873
0.121708 0.017702
0.128790 0.019640
0.135899 0.021685
0.143036 0.023841
0.150201 0.026107
0.157394 0.028486
0.164616 0.030979
0.171867 0.033560
0.179147 0.036284
0.186458 0.039126
0.193798 0.042087
0.201169 0.045170
0.208571 0.048374
0.216004 0.051703
0.223468 0.055157
0.230965 0.058738
0.238495 0.062449
0.246057 0.066289
0.253653 0.070262
0.261282 0.074369
0.268946 0.078612
0.276645 0.082993
0.284379 0.087513
0.292148 0.092175
0.299954 0.096980
0.307797 0.101931
0.315676 0.107029
0.323594 0.112278
0.331550 0.117678
0.339545 0.123232
0.347579 0.128943
0.355654 0.134812
0.363769 0.140843
0.371925 0.147037
0.380123 0.153397
0.388364 0.159927
0.396648 0.166627
0.404976 0.173502
0.413349 0.180554
0.421767 0.187785
0.430232 0.195200
0.438743 0.202800
0.447302 0.210589
0.455909 0.218570
0.464566 0.226747
0.473272 0.235123
0.482030 0.243701
0.490840 0.252485
0.499703 0.261479
0.508620 0.270686
0.517591 0.280111
0.526619 0.289758
0.535703 0.299630
0.544846 0.309732
0.554047 0.320069
0.563309 0.330645
0.572633 0.341465
0.582019 0.352534
0.591469 0.363856
0.600985 0.375438
0.610568 0.387285
0.620219 0.399402
0.629939 0.411796
0.639731 0.424471
0.649595 0.437436
0.659534 0.450695
0.669549 0.464256
0.679642 0.478127
0.689815 0.492313
0.700070 0.506824
0.710408 0.521667
0.720832 0.536849
0.731344 0.552381
0.741946 0.568270
0.752641 0.584526
0.763431 0.601160
0.774319 0.618180
0.785306 0.635598
0.796398 0.653426
0.807595 0.671674
0.818901 0.690355
0.830320 0.709483
0.841855 0.729070
0.853510 0.749131
0.865288 0.769681
0.877193 0.790736
0.889230 0.812313
0.901402 0.834428
0.913716 0.857102
0.926175 0.880354
0.938785 0.904132
0.951552 0.928602
0.964482 0.953716
0.977580 0.979501
0.990855 1.005983
1.004313 1.033190
1.017961 1.061154
1.031809 1.089908
1.045865 1.119488
1.060139 1.149874
1.074641 1.181222
1.089384 1.213521
1.104378 1.246818
1.119638 1.281167
1.135177 1.316627
1.151013 1.353260
1.167163 1.391137
1.183645 1.430333
1.200483 1.470935
1.217698 1.513038
1.235319 1.556746
1.253376 1.602180
1.271901 1.649474
1.290934 1.698781
1.310520 1.750276
1.330708 1.804161
1.351559 1.860672
1.373142 1.920085
1.395540 1.982730
1.418854 2.049003
1.443205 2.119389
1.468747 2.194492
1.495672 2.275079
1.524233 2.362151
1.554771 2.457057
1.587763 2.561692
1.623918 2.678864
1.664369 2.813065
1.711150 2.972355
1.768703 3.174342
1.852295 3.479539
