-1.835725 3.534650
-1.754240 3.224399
-1.698137 3.019089
-1.652534 2.857189
-1.613102 2.720799
-1.577858 2.601723
-1.545697 2.495392
-1.515929 2.398951
-1.488087 2.310475
-1.461841 2.228592
-1.436943 2.152285
-1.413205 2.080771
-1.390479 2.013440
-1.368645 1.949796
-1.347605 1.889437
-1.327280 1.832028
-1.307600 1.777289
-1.288508 1.724979
-1.269955 1.674893
-1.251896 1.626853
-1.234295 1.580703
-1.217118 1.536306
-1.200336 1.493543
-1.183923 1.452303
-1.167855 1.412493
-1.152113 1.374024
-1.136676 1.336818
-1.121528 1.300805
-1.106652 1.265921
-1.092036 1.232105
-1.077665 1.199305
-1.063528 1.167470
-1.049614 1.136555
-1.035912 1.106518
-1.022413 1.077409
-1.009108 1.049012
-0.995990 1.021383
-0.983050 0.994492
-0.970281 0.968309
-0.957677 0.942807
-0.945232 0.917960
-0.932939 0.893743
-0.920794 0.870135
-0.908791 0.847114
-0.896925 0.824660
-0.885191 0.802753
-0.873586 0.781376
-0.862105 0.760512
-0.850744 0.740145
-0.839500 0.720259
-0.828369 0.700839
-0.817347 0.681873
-0.806432 0.663347
-0.795620 0.645248
-0.784909 0.627564
-0.774296 0.610284
-0.763778 0.593398
-0.753352 0.576894
-0.743017 0.560763
-0.732770 0.544995
-0.722609 0.529582
-0.712531 0.514513
-0.702535 0.499782
-0.692618 0.485380
-0.682779 0.471299
-0.673017 0.457531
-0.663328 0.444071
-0.653712 0.430909
-0.644167 0.418041
-0.634692 0.405460
-0.625284 0.393159
-0.615943 0.381132
-0.606667 0.369375
-0.597455 0.357880
-0.588305 0.346643
-0.579216 0.335659
-0.570188 0.324923
-0.561218 0.314430
-0.552306 0.304174
-0.543450 0.294153
-0.534650 0.284360
-0.525905 0.274792
-0.517213 0.265446
-0.508573 0.256316
-0.499985 0.247398
-0.491448 0.238690
-0.482961 0.230188
-0.474522 0.221887
-0.466132 0.213785
-0.457788 0.205878
-0.449492 0.198163
-0.441241 0.190636
-0.433035 0.183296
-0.424873 0.176137
-0.416755 0.169158
-0.408679 0.162356
-0.400646 0.155770
-0.392654 0.149311
-0.384703 0.143022
-0.376793 0.136899
-0.368922 0.130939
-0.361090 0.125141
-0.353296 0.119502
-0.345541 0.114019
-0.337823 0.108690
-0.330142 0.103513
-0.322497 0.098487
-0.314888 0.093608
-0.307314 0.088874
-0.299775 0.084285
-0.292270 0.079837
-0.284799 0.075529
-0.277362 0.071359
-0.269958 0.067325
-0.262586 0.063425
-0.255246 0.059658
-0.247938 0.056021
-0.240661 0.052514
-0.233416 0.049134
-0.226200 0.045881
-0.219015 0.042751
-0.211860 0.039744
-0.204734 0.036859
-0.197637 0.034093
-0.190569 0.031445
-0.183529 0.028915
-0.176517 0.026500
-0.169532 0.024198
-0.162575 0.022010
-0.155645 0.019933
-0.148742 0.017967
-0.141865 0.016109
-0.135014 0.014359
-0.128189 0.012735
-0.121390 0.011194
-0.114616 0.009757
-0.107866 0.008423
-0.101142 0.007190
-0.094442 0.006059
-0.087766 0.005028
-0.081113 0.004096
-0.074485 0.003262
-0.067880 0.002525
-0.061298 0.001885
-0.054739 0.001339
-0.048202 0.000887
-0.041688 0.000528
-0.035196 0.000259
-0.028726 0.000081
-0.022278 -0.000007
-0.019062 0.000000
-0.015846 -0.000007
-0.009398 0.000081
-0.002928 0.000260
0.003563 0.000528
0.010077 0.000889
0.016614 0.001342
0.023173 0.001888
0.029755 0.002529
0.036360 0.003266
0.042989 0.004098
0.049641 0.005029
0.056317 0.006058
0.063017 0.007187
0.069742 0.008416
0.076491 0.009748
0.083265 0.011182
0.090065 0.012721
0.096890 0.014365
0.103740 0.016115
0.110617 0.017974
0.117521 0.019941
0.124451 0.021971
0.131407 0.024157
0.138392 0.026456
0.145404 0.028868
0.152444 0.031396
0.159512 0.034041
0.166609 0.036803
0.173735 0.039686
0.180891 0.042689
0.188076 0.045815
0.195291 0.049065
0.202537 0.052441
0.209813 0.055944
0.217121 0.059576
0.224461 0.063339
0.231833 0.067234
0.239237 0.071264
0.246675 0.075429
0.254145 0.079732
0.261650 0.084174
0.269189 0.088758
0.276763 0.093486
0.284372 0.098359
0.292017 0.103379
0.299698 0.108549
0.307416 0.113833
0.315172 0.119307
0.322965 0.124937
0.330797 0.130727
0.338668 0.136676
0.346579 0.142790
0.354529 0.149069
0.362521 0.155516
0.370554 0.162134
0.378630 0.168926
0.386748 0.175895
0.394910 0.183042
0.403116 0.190372
0.411367 0.197887
0.419664 0.205590
0.428007 0.213485
0.436397 0.221574
0.444836 0.229861
0.453323 0.238350
0.461861 0.247043
0.470449 0.255945
0.479088 0.265060
0.487780 0.274390
0.496526 0.283941
0.505326 0.293716
0.514181 0.303720
0.523093 0.313957
0.532063 0.324431
0.541092 0.335147
0.550180 0.346110
0.559330 0.357326
0.568542 0.368798
0.577818 0.380533
0.587159 0.392535
0.596567 0.404811
0.606043 0.417367
0.615588 0.430209
0.625203 0.443343
0.634892 0.456775
0.644655 0.470513
0.654494 0.484563
0.664410 0.498934
0.674406 0.513633
0.684484 0.528667
0.694645 0.544046
0.704893 0.559777
0.715228 0.575870
0.725653 0.592335
0.736171 0.609181
0.746784 0.626419
0.757495 0.644060
0.768307 0.662114
0.779222 0.680594
0.790244 0.699512
0.801375 0.718881
0.812620 0.738716
0.823980 0.759030
0.835461 0.779838
0.847067 0.801157
0.858800 0.823004
0.870666 0.845396
0.882669 0.868353
0.894815 0.891894
0.907107 0.916041
0.919553 0.940816
0.932156 0.966243
0.944925 0.992348
0.957865 1.019159
0.970984 1.046703
0.984288 1.075013
0.997787 1.104122
1.011489 1.134066
1.025403 1.164884
1.039540 1.196618
1.053911 1.229313
1.068528 1.263019
1.083403 1.297789
1.098551 1.333583
1.113988 1.370660
1.129731 1.408994
1.145798 1.448664
1.162211 1.489755
1.178993 1.532363
1.196170 1.576596
1.213771 1.622573
1.231830 1.670431
1.250384 1.720325
1.269475 1.772431
1.289155 1.826954
1.309481 1.884132
1.330520 1.944245
1.352354 2.007626
1.375080 2.074675
1.398818 2.145883
1.423716 2.221859
1.449962 2.303381
1.477804 2.391459
1.507572 2.487458
1.539733 2.593293
1.574977 2.711802
1.614409 2.847527
1.660012 3.008617
1.716115 3.212869
1.797601 3.521252
