-0.442087 1.594599
-0.390145 1.333619
-0.354383 1.137091
-0.325314 0.968080
-0.300178 0.816891
-0.277712 0.679924
-0.257212 0.554975
-0.238236 0.441582
-0.220489 0.339721
-0.203758 0.249341
-0.187887 0.171233
-0.172756 0.106236
-0.158269 0.055543
-0.144351 0.020230
-0.130940 0.002122
-0.124408 0.000000
-0.117876 0.002970
-0.104464 0.027370
-0.090547 0.083336
-0.076060 0.182014
-0.060928 0.337121
-0.045058 0.565237
-0.010580 1.305563
0.008396 1.837389
0.028897 2.478922
0.051362 3.229613
0.076498 4.096432
0.105567 5.105467
0.141329 6.328890
0.193272 8.044425
