-1.866700 3.480217
-1.783055 3.174975
-1.725465 2.972957
-1.678654 2.813735
-1.638178 2.679511
-1.602000 2.562318
-1.568987 2.457664
-1.538429 2.362740
-1.509850 2.275651
-1.482908 2.195050
-1.457350 2.119933
-1.432984 2.049534
-1.409655 1.983247
-1.387242 1.920591
-1.365646 1.861166
-1.344782 1.804644
-1.324580 1.750748
-1.304983 1.699243
-1.285937 1.649927
-1.267400 1.602624
-1.249332 1.557181
-1.231700 1.513463
-1.214474 1.471352
-1.197626 1.430742
-1.181133 1.391537
-1.164973 1.353653
-1.149127 1.317012
-1.133577 1.281545
-1.118308 1.247189
-1.103304 1.213884
-1.088552 1.181579
-1.074041 1.150225
-1.059758 1.119776
-1.045693 1.090191
-1.031836 1.061431
-1.018179 1.033462
-1.004713 1.006250
-0.991430 0.979763
-0.978323 0.953974
-0.965385 0.928855
-0.952610 0.904380
-0.939992 0.880527
-0.927525 0.857273
-0.915203 0.834596
-0.903023 0.812478
-0.890979 0.790899
-0.879066 0.769841
-0.867281 0.749288
-0.855619 0.729224
-0.844076 0.709635
-0.832650 0.690505
-0.821336 0.671821
-0.810132 0.653570
-0.799034 0.635740
-0.788039 0.618319
-0.777144 0.601296
-0.766348 0.584660
-0.755646 0.568402
-0.745037 0.552510
-0.734518 0.536976
-0.724088 0.521791
-0.713743 0.506946
-0.703482 0.492433
-0.693303 0.478244
-0.683203 0.464372
-0.673182 0.450808
-0.663236 0.437546
-0.653366 0.424580
-0.643568 0.411902
-0.633841 0.399507
-0.624184 0.387387
-0.614596 0.375539
-0.605074 0.363955
-0.595617 0.352630
-0.586225 0.341559
-0.576896 0.330737
-0.567628 0.320159
-0.558420 0.309820
-0.549272 0.299716
-0.540182 0.289842
-0.531149 0.280194
-0.522172 0.270767
-0.513249 0.261558
-0.504381 0.252563
-0.495565 0.243777
-0.486802 0.235221
-0.478089 0.226843
-0.469427 0.218664
-0.460814 0.210681
-0.452250 0.202890
-0.443734 0.195288
-0.435264 0.187872
-0.426841 0.180639
-0.418462 0.173585
-0.410129 0.166709
-0.401840 0.160006
-0.393594 0.153475
-0.385390 0.147113
-0.377228 0.140917
-0.369108 0.134885
-0.361029 0.129014
-0.352989 0.123302
-0.344989 0.117746
-0.337028 0.112345
-0.329106 0.107095
-0.321221 0.101995
-0.313374 0.097043
-0.305563 0.092236
-0.297788 0.087573
-0.290049 0.083051
-0.282346 0.078670
-0.274677 0.074425
-0.267043 0.070317
-0.259442 0.066343
-0.251875 0.062501
-0.244341 0.058789
-0.236839 0.055206
-0.229370 0.051751
-0.221932 0.048421
-0.214526 0.045216
-0.207150 0.042132
-0.199805 0.039170
-0.192490 0.036327
-0.185205 0.033602
-0.177949 0.030993
-0.170723 0.028500
-0.163525 0.026121
-0.156356 0.023853
-0.149214 0.021697
-0.142101 0.019651
-0.135015 0.017714
-0.127956 0.015883
-0.120923 0.014159
-0.113917 0.012539
-0.106938 0.011024
-0.099984 0.009610
-0.093056 0.008299
-0.086153 0.007087
-0.079275 0.005975
-0.072422 0.004961
-0.065594 0.004044
-0.058790 0.003222
-0.052010 0.002496
-0.045253 0.001864
-0.038520 0.001325
-0.031811 0.000878
-0.025124 0.000523
-0.018460 0.000257
-0.011819 0.000081
-0.005200 -0.000007
-0.001899 0.000000
0.001402 -0.000008
0.008021 0.000080
0.014663 0.000255
0.021327 0.000520
0.028013 0.000875
0.034723 0.001321
0.041456 0.001859
0.048212 0.002490
0.054992 0.003215
0.061797 0.004036
0.068625 0.004952
0.075478 0.005965
0.082356 0.007077
0.089258 0.008287
0.096187 0.009598
0.103140 0.011011
0.110120 0.012526
0.117126 0.014144
0.124158 0.015868
0.131217 0.017697
0.138303 0.019634
0.145417 0.021679
0.152558 0.023834
0.159728 0.026101
0.166926 0.028479
0.174152 0.030972
0.181408 0.033579
0.188693 0.036303
0.196008 0.039145
0.203353 0.042107
0.210728 0.045189
0.218135 0.048394
0.225572 0.051723
0.233042 0.055177
0.240543 0.058759
0.248078 0.062469
0.255645 0.066310
0.263245 0.070284
0.270880 0.074391
0.278549 0.078634
0.286252 0.083015
0.293991 0.087536
0.301765 0.092198
0.309576 0.097003
0.317424 0.101955
0.325308 0.107053
0.333231 0.112302
0.341192 0.117702
0.349192 0.123257
0.357231 0.128968
0.365311 0.134806
0.373431 0.140837
0.381593 0.147031
0.389796 0.153391
0.398042 0.159920
0.406332 0.166621
0.414665 0.173496
0.423043 0.180548
0.431467 0.187779
0.439936 0.195193
0.448453 0.202794
0.457017 0.210583
0.465630 0.218564
0.474292 0.226741
0.483004 0.235117
0.491768 0.243695
0.500583 0.252479
0.509452 0.261473
0.518374 0.270681
0.527351 0.280105
0.536385 0.289752
0.545475 0.299624
0.554623 0.309727
0.563830 0.320063
0.573098 0.330640
0.582428 0.341460
0.591820 0.352528
0.601276 0.363851
0.610798 0.375434
0.620387 0.387280
0.630044 0.399398
0.639770 0.411791
0.649568 0.424467
0.659439 0.437431
0.669384 0.450691
0.679406 0.464253
0.689505 0.478123
0.699684 0.492310
0.709945 0.506821
0.720290 0.521663
0.730721 0.536846
0.741240 0.552378
0.751849 0.568267
0.762550 0.584524
0.773347 0.601157
0.784242 0.618178
0.795236 0.635596
0.806335 0.653424
0.817539 0.671672
0.828853 0.690354
0.840279 0.709481
0.851821 0.729069
0.863483 0.749130
0.875268 0.769680
0.887181 0.790735
0.899226 0.812312
0.911406 0.834427
0.923727 0.857101
0.936194 0.880353
0.948813 0.904203
0.961588 0.928675
0.974526 0.953791
0.987633 0.979578
1.000915 1.006061
1.014382 1.033271
1.028039 1.061237
1.041895 1.089993
1.055960 1.119575
1.070243 1.150021
1.084755 1.181372
1.099507 1.213674
1.114510 1.246975
1.129780 1.281328
1.145329 1.316791
1.161175 1.353428
1.177335 1.391309
1.193828 1.430510
1.210676 1.471116
1.227903 1.513223
1.245535 1.556937
1.263603 1.602375
1.282140 1.649674
1.301185 1.698986
1.320783 1.750486
1.340984 1.804377
1.361848 1.860894
1.383445 1.920314
1.405858 1.982965
1.429186 2.049245
1.453553 2.119639
1.479111 2.194749
1.506053 2.275344
1.534632 2.362362
1.565189 2.457276
1.598202 2.561919
1.634380 2.679100
1.674857 2.813312
1.721668 2.972615
1.779258 3.174618
1.862903 3.479838
