-0.204532 2.921720
-0.195356 2.723530
-0.189038 2.588216
-0.183903 2.479171
-0.179462 2.385309
-0.175493 2.301943
-0.171872 2.226334
-0.168519 2.156771
-0.165384 2.092098
-0.162428 2.031492
-0.159624 1.974339
-0.156951 1.920142
-0.154392 1.868592
-0.151933 1.819360
-0.149564 1.772204
-0.147275 1.726923
-0.145059 1.683346
-0.142909 1.641351
-0.140820 1.600771
-0.138786 1.561520
-0.136804 1.523506
-0.134869 1.486645
-0.132980 1.450864
-0.131131 1.416099
-0.129322 1.382292
-0.127549 1.349390
-0.125811 1.317321
-0.124105 1.286094
-0.122430 1.255643
-0.120784 1.225933
-0.119165 1.197121
-0.117573 1.168785
-0.116006 1.141100
-0.114463 1.114042
-0.112943 1.087586
-0.111445 1.061711
-0.109968 1.036396
-0.108511 1.011623
-0.107073 0.987373
-0.105653 0.963630
-0.104252 0.940378
-0.102867 0.917605
-0.101500 0.895298
-0.100148 0.873430
-0.098812 0.852007
-0.097490 0.831009
-0.096184 0.810428
-0.094891 0.790251
-0.093611 0.770469
-0.092345 0.751073
-0.091092 0.732054
-0.089850 0.713404
-0.088621 0.695115
-0.087404 0.677178
-0.086197 0.659587
-0.085002 0.642294
-0.083818 0.625376
-0.082644 0.608783
-0.081480 0.592509
-0.080326 0.576549
-0.079182 0.560896
-0.078047 0.545546
-0.076921 0.530493
-0.075804 0.515731
-0.074696 0.501257
-0.073597 0.487065
-0.072506 0.473151
-0.071423 0.459511
-0.070348 0.446140
-0.069281 0.433033
-0.068222 0.420188
-0.067170 0.407600
-0.066125 0.395266
-0.065088 0.383181
-0.064057 0.371343
-0.063034 0.359747
-0.062017 0.348591
-0.059006 0.315727
-0.058015 0.305296
-0.057030 0.295114
-0.056052 0.285104
-0.055079 0.275336
-0.054112 0.265983
-0.053150 0.256617
-0.052194 0.247312
-0.051244 0.238504
-0.050299 0.229670
-0.049360 0.221153
-0.048425 0.212835
-0.047496 0.204715
-0.046572 0.196789
-0.045653 0.189252
-0.044739 0.181693
-0.043829 0.174322
-0.042925 0.167135
-0.042025 0.160133
-0.041129 0.153310
-0.040239 0.146666
-0.039352 0.140201
-0.038470 0.133910
-0.037593 0.127793
-0.036719 0.121847
-0.035850 0.116016
-0.034985 0.110413
-0.034124 0.104974
-0.033267 0.099885
-0.032414 0.094745
-0.031565 0.089765
-0.030720 0.084942
-0.029879 0.080276
-0.029041 0.075763
-0.028208 0.071403
-0.027377 0.067192
-0.026551 0.063129
-0.025728 0.059212
-0.024909 0.055439
-0.024093 0.051808
-0.023280 0.048317
-0.022471 0.044964
-0.021665 0.041748
-0.020863 0.038649
-0.020063 0.035884
-0.019267 0.033047
-0.018475 0.030339
-0.017685 0.027761
-0.016898 0.025309
-0.016115 0.022982
-0.015335 0.020779
-0.014557 0.018697
-0.013783 0.016735
-0.013011 0.014891
-0.012243 0.013163
-0.011477 0.011549
-0.010714 0.010049
-0.009954 0.008766
-0.009197 0.007470
-0.008442 0.006283
-0.007691 0.005204
-0.006941 0.004232
-0.006195 0.003365
-0.005451 0.002601
-0.004710 0.001938
-0.003971 0.001375
-0.003235 0.000956
-0.002502 0.000571
-0.001771 0.000286
-0.001042 0.000099
-0.000316 0.000009
0.000046 0.000000
0.000408 0.000014
0.001135 0.000115
0.001863 0.000310
0.002594 0.000600
0.003328 0.000986
0.004064 0.001469
0.004802 0.001961
0.005544 0.002607
0.006288 0.003347
0.007034 0.004183
0.007783 0.005122
0.008535 0.006173
0.009289 0.007205
0.010047 0.008422
0.010807 0.009736
0.011570 0.011151
0.012335 0.012665
0.013104 0.014136
0.013875 0.015813
0.014650 0.017586
0.015427 0.019456
0.016208 0.021423
0.016991 0.023487
0.017778 0.025649
0.018567 0.027908
0.019360 0.030266
0.020156 0.032723
0.020955 0.035278
0.021758 0.037932
0.022563 0.040686
0.023373 0.043539
0.024185 0.046493
0.025001 0.049547
0.025820 0.052702
0.026643 0.055797
0.027470 0.059143
0.028300 0.062591
0.029134 0.066140
0.029972 0.069791
0.030813 0.073544
0.031658 0.077399
0.032507 0.081358
0.033360 0.085419
0.034217 0.089583
0.035078 0.093851
0.035943 0.098224
0.036812 0.102700
0.037685 0.107281
0.038563 0.111968
0.039445 0.116759
0.040331 0.121657
0.041222 0.126660
0.042117 0.131770
0.043017 0.136987
0.043922 0.142311
0.044831 0.147743
0.045745 0.153282
0.046665 0.158931
0.047589 0.164688
0.048518 0.170555
0.049452 0.176531
0.050392 0.182618
0.051337 0.188816
0.052287 0.195126
0.053243 0.201547
0.054204 0.208081
0.055171 0.214727
0.056144 0.221488
0.057123 0.228363
0.058108 0.235149
0.059099 0.242247
0.060096 0.249462
0.061100 0.256793
0.062110 0.264242
0.063126 0.271810
0.064150 0.279521
0.065180 0.287329
0.066218 0.295258
0.067262 0.303310
0.068314 0.311484
0.069374 0.319782
0.070441 0.328206
0.071516 0.336756
0.072598 0.345433
0.073690 0.354239
0.074789 0.363175
0.075897 0.372242
0.077014 0.381443
0.078139 0.390777
0.079274 0.400247
0.080418 0.409855
0.081572 0.419602
0.082736 0.429490
0.083910 0.439521
0.085095 0.449697
0.086290 0.460020
0.087496 0.470492
0.088714 0.481116
0.089943 0.491895
0.091184 0.502830
0.092438 0.513924
0.093704 0.525181
0.094983 0.536603
0.096276 0.548194
0.097583 0.559958
0.098904 0.571897
0.100241 0.584015
0.101592 0.596318
0.102960 0.608810
0.104344 0.621495
0.105746 0.634377
0.107165 0.647463
0.108603 0.660758
0.110060 0.674268
0.111538 0.688000
0.113036 0.701961
0.114556 0.716159
0.116099 0.730601
0.117666 0.745297
0.119258 0.760255
0.120876 0.775489
0.122522 0.790929
0.124197 0.806821
0.125903 0.822945
0.127642 0.839397
0.129414 0.856189
0.131224 0.873342
0.133072 0.890875
0.134962 0.908603
0.136896 0.926950
0.138878 0.945751
0.140912 0.965037
0.143001 0.984844
0.145151 1.005259
0.147368 1.026241
0.149656 1.047889
0.152026 1.070266
0.154485 1.093452
0.157044 1.117538
0.159717 1.142640
0.162521 1.168898
0.165476 1.196493
0.168612 1.225659
0.171964 1.256715
0.175586 1.290104
0.179555 1.326483
0.183995 1.366906
0.189131 1.413029
0.195448 1.469377
0.204625 1.549935
