-1.824610 3.490118
-1.741885 3.184052
-1.684929 2.981490
-1.638633 2.821746
-1.598601 2.687165
-1.562821 2.569661
-1.530171 2.464730
-1.499950 2.369555
-1.471685 2.282235
-1.445040 2.201420
-1.419763 2.126103
-1.395664 2.055516
-1.372592 1.989054
-1.350426 1.926229
-1.329067 1.866645
-1.308432 1.809972
-1.288453 1.755931
-1.269071 1.704288
-1.250235 1.654838
-1.231902 1.607407
-1.214033 1.561842
-1.196595 1.518006
-1.179558 1.475781
-1.162895 1.435060
-1.146583 1.395749
-1.130601 1.357762
-1.114930 1.321021
-1.099551 1.285458
-1.084450 1.251007
-1.069611 1.217612
-1.055022 1.185218
-1.040669 1.153778
-1.026543 1.123245
-1.012633 1.093579
-0.998929 1.064740
-0.985422 1.036694
-0.972104 1.009407
-0.958967 0.982847
-0.946004 0.956986
-0.933209 0.931797
-0.920574 0.907255
-0.908095 0.883335
-0.895765 0.860016
-0.883579 0.837276
-0.871533 0.815095
-0.859621 0.793455
-0.847839 0.772338
-0.836183 0.751727
-0.824650 0.731606
-0.813234 0.711960
-0.801934 0.692776
-0.790744 0.674038
-0.779663 0.655734
-0.768687 0.637853
-0.757813 0.620381
-0.747039 0.603309
-0.736361 0.586624
-0.725777 0.570318
-0.715284 0.554379
-0.704881 0.538799
-0.694565 0.523569
-0.684334 0.508680
-0.674186 0.494123
-0.664119 0.479891
-0.654131 0.465977
-0.644219 0.452372
-0.634383 0.439070
-0.624621 0.426063
-0.614931 0.413347
-0.605312 0.400913
-0.595761 0.388756
-0.586278 0.376870
-0.576861 0.365250
-0.567508 0.353889
-0.558219 0.342784
-0.548992 0.331928
-0.539827 0.321316
-0.530720 0.310944
-0.521673 0.300808
-0.512682 0.290902
-0.503749 0.281222
-0.494870 0.271765
-0.486046 0.262526
-0.477275 0.253501
-0.468557 0.244751
-0.459889 0.236141
-0.451273 0.227734
-0.442706 0.219527
-0.434188 0.211516
-0.425718 0.203697
-0.417295 0.196068
-0.408918 0.188626
-0.400588 0.181367
-0.392302 0.174288
-0.384060 0.167386
-0.375862 0.160660
-0.367706 0.154105
-0.359593 0.147720
-0.351521 0.141501
-0.343490 0.135447
-0.335500 0.129554
-0.327549 0.123820
-0.319637 0.118244
-0.311763 0.112822
-0.303928 0.107552
-0.296130 0.102433
-0.288369 0.097462
-0.280644 0.092636
-0.272955 0.087955
-0.265301 0.083416
-0.257682 0.079017
-0.250098 0.074756
-0.242548 0.070631
-0.235031 0.066641
-0.227547 0.062784
-0.220095 0.059057
-0.212676 0.055460
-0.205289 0.051991
-0.197933 0.048647
-0.190608 0.045428
-0.183314 0.042332
-0.176049 0.039357
-0.168815 0.036502
-0.161610 0.033765
-0.154434 0.031145
-0.147287 0.028641
-0.140169 0.026270
-0.133078 0.023993
-0.126015 0.021827
-0.118980 0.019771
-0.111972 0.017824
-0.104990 0.015985
-0.098035 0.014252
-0.091106 0.012624
-0.084204 0.011101
-0.077326 0.009680
-0.070474 0.008361
-0.063648 0.007142
-0.056845 0.006024
-0.050068 0.005003
-0.043315 0.004080
-0.036585 0.003254
-0.029880 0.002523
-0.023198 0.001886
-0.016539 0.001343
-0.009903 0.000892
-0.003290 0.000532
0.003301 0.000264
0.009869 0.000084
0.016415 -0.000006
0.019680 0.000000
0.022945 -0.000009
0.029491 0.000077
0.036059 0.000251
0.042650 0.000514
0.049263 0.000869
0.055899 0.001314
0.062558 0.001852
0.069240 0.002484
0.075946 0.003210
0.082675 0.004031
0.089428 0.004949
0.096206 0.005964
0.103008 0.007077
0.109835 0.008290
0.116687 0.009604
0.123564 0.011019
0.130467 0.012512
0.137396 0.014133
0.144350 0.015860
0.151332 0.017693
0.158340 0.019634
0.165376 0.021683
0.172438 0.023843
0.179529 0.026114
0.186647 0.028498
0.193795 0.030996
0.200970 0.033610
0.208175 0.036340
0.215410 0.039189
0.222674 0.042157
0.229968 0.045247
0.237293 0.048460
0.244649 0.051797
0.252037 0.055260
0.259456 0.058851
0.266907 0.062570
0.274391 0.066421
0.281908 0.070405
0.289458 0.074523
0.297043 0.078777
0.304662 0.083169
0.312315 0.087701
0.320004 0.092376
0.327729 0.097194
0.335490 0.102158
0.343288 0.107270
0.351124 0.112533
0.358997 0.117948
0.366909 0.123517
0.374860 0.129243
0.382851 0.135129
0.390882 0.141176
0.398953 0.147387
0.407067 0.153765
0.415222 0.160312
0.423420 0.167031
0.431662 0.173925
0.439948 0.180996
0.448279 0.188248
0.456655 0.195682
0.465078 0.203304
0.473548 0.211114
0.482066 0.219117
0.490633 0.227317
0.499250 0.235715
0.507917 0.244317
0.516635 0.253125
0.525406 0.262143
0.534230 0.271376
0.543109 0.280744
0.552043 0.290415
0.561033 0.300311
0.570081 0.310438
0.579187 0.320800
0.588353 0.331402
0.597580 0.342249
0.606869 0.353344
0.616221 0.364695
0.625638 0.376305
0.635121 0.388180
0.644672 0.400327
0.654292 0.412750
0.663982 0.425456
0.673744 0.438451
0.683580 0.451742
0.693491 0.465336
0.703479 0.479239
0.713547 0.493459
0.723695 0.508004
0.733926 0.522881
0.744242 0.538100
0.754645 0.553667
0.765137 0.569593
0.775721 0.585887
0.786399 0.602559
0.797174 0.619618
0.808048 0.637077
0.819024 0.654945
0.830105 0.673234
0.841294 0.691958
0.852595 0.711129
0.864010 0.730760
0.875544 0.750866
0.887199 0.771462
0.898981 0.792564
0.910893 0.814188
0.922939 0.836353
0.935125 0.859077
0.947455 0.882380
0.959935 0.906282
0.972569 0.930807
0.985365 0.955979
0.998327 0.981821
1.011464 1.008363
1.024782 1.035631
1.038289 1.063658
1.051993 1.092477
1.065904 1.122123
1.080030 1.152634
1.094382 1.184054
1.108971 1.216425
1.123810 1.249798
1.138911 1.284225
1.154290 1.319765
1.169962 1.356480
1.185944 1.394442
1.202255 1.433727
1.218918 1.474420
1.235955 1.516617
1.253393 1.560376
1.271262 1.605910
1.289596 1.653309
1.308432 1.702724
1.327814 1.754333
1.347793 1.808336
1.368427 1.864971
1.389786 1.924515
1.411952 1.987297
1.435024 2.053715
1.459123 2.124255
1.484400 2.199521
1.511046 2.280283
1.539310 2.367544
1.569531 2.462656
1.602181 2.567518
1.637962 2.684942
1.677993 2.819431
1.724289 2.979063
1.781245 3.181481
1.863970 3.487326
