-0.177334 2.859164
-0.169377 2.665352
-0.163899 2.533217
-0.159447 2.426228
-0.155596 2.334486
-0.152155 2.253002
-0.149015 2.179272
-0.146108 2.111108
-0.143390 2.047893
-0.140827 1.988653
-0.138396 1.932788
-0.136078 1.879842
-0.133859 1.829451
-0.131727 1.781328
-0.129673 1.735234
-0.127688 1.690973
-0.125767 1.648378
-0.123902 1.607310
-0.122091 1.567646
-0.120327 1.529282
-0.118609 1.492127
-0.116932 1.456098
-0.115293 1.421126
-0.113690 1.387147
-0.112122 1.354103
-0.110584 1.321943
-0.109077 1.290622
-0.107598 1.260098
-0.106146 1.230332
-0.104718 1.201290
-0.103315 1.173132
-0.101935 1.145433
-0.100576 1.118370
-0.099238 1.091918
-0.097920 1.066054
-0.096621 1.040757
-0.095340 1.016008
-0.094077 0.991786
-0.092830 0.968076
-0.091599 0.944860
-0.090384 0.922125
-0.089184 0.899854
-0.087998 0.878036
-0.086826 0.856657
-0.085667 0.835705
-0.084522 0.815169
-0.083389 0.795039
-0.082268 0.775246
-0.081158 0.755900
-0.080060 0.736931
-0.078974 0.718524
-0.077897 0.700270
-0.076832 0.682369
-0.075776 0.664812
-0.074730 0.647594
-0.073694 0.630706
-0.072667 0.614143
-0.071649 0.597899
-0.070640 0.581967
-0.069639 0.566342
-0.068647 0.551017
-0.067663 0.535988
-0.066687 0.521249
-0.065719 0.506795
-0.064758 0.492622
-0.063805 0.478724
-0.062859 0.465097
-0.061920 0.451738
-0.060988 0.438632
-0.060063 0.425789
-0.059144 0.413200
-0.058232 0.400857
-0.057326 0.388755
-0.056427 0.376892
-0.053764 0.342899
-0.052888 0.331991
-0.052018 0.321284
-0.051154 0.310766
-0.050294 0.300525
-0.049440 0.290514
-0.048592 0.280720
-0.047748 0.271137
-0.046910 0.261764
-0.046076 0.252597
-0.045247 0.243634
-0.044423 0.234873
-0.043604 0.226310
-0.042789 0.217944
-0.041979 0.209773
-0.041174 0.201793
-0.040372 0.194004
-0.039575 0.186377
-0.038783 0.179163
-0.037994 0.171914
-0.037210 0.164847
-0.036430 0.157961
-0.035653 0.151252
-0.034881 0.144719
-0.034112 0.138359
-0.033348 0.132168
-0.032587 0.126149
-0.031829 0.120296
-0.031076 0.114609
-0.030326 0.109085
-0.029579 0.103723
-0.028836 0.098519
-0.028097 0.093473
-0.027361 0.088581
-0.026628 0.083843
-0.025898 0.079257
-0.025172 0.074820
-0.024449 0.070530
-0.023729 0.066386
-0.023013 0.062386
-0.022299 0.058528
-0.021589 0.054811
-0.020881 0.051231
-0.020177 0.047789
-0.019475 0.044664
-0.018776 0.041475
-0.018081 0.038419
-0.017388 0.035493
-0.016698 0.032696
-0.016010 0.030027
-0.015326 0.027483
-0.014644 0.025063
-0.013964 0.022765
-0.013288 0.020588
-0.012614 0.018530
-0.011942 0.016589
-0.011273 0.014764
-0.010607 0.013054
-0.009943 0.011456
-0.009281 0.009969
-0.008622 0.008692
-0.007966 0.007409
-0.007312 0.006234
-0.006660 0.005165
-0.006010 0.004201
-0.005363 0.003340
-0.004718 0.002582
-0.004075 0.001923
-0.003435 0.001364
-0.002797 0.000958
-0.002161 0.000571
-0.001527 0.000285
-0.000895 0.000098
-0.000265 0.000009
0.000049 0.000000
0.000363 0.000015
0.000992 0.000117
0.001624 0.000316
0.002258 0.000611
0.002894 0.001004
0.003532 0.001417
0.004173 0.001974
0.004815 0.002625
0.005460 0.003369
0.006107 0.004208
0.006757 0.005142
0.007409 0.006171
0.008063 0.007296
0.008720 0.008517
0.009379 0.009707
0.010040 0.011102
0.010704 0.012594
0.011370 0.014181
0.012039 0.015865
0.012711 0.017646
0.013385 0.019526
0.014061 0.021506
0.014741 0.023589
0.015423 0.025779
0.016107 0.028075
0.016795 0.030306
0.017485 0.032782
0.018178 0.035358
0.018874 0.038036
0.019572 0.040817
0.020274 0.043702
0.020978 0.046692
0.021686 0.049566
0.022396 0.052749
0.023110 0.056020
0.023827 0.059396
0.024546 0.062877
0.025996 0.070201
0.026725 0.073992
0.027458 0.077887
0.028194 0.081887
0.028934 0.085993
0.029676 0.090204
0.030423 0.094522
0.031173 0.098946
0.031927 0.103478
0.032684 0.108116
0.033445 0.112863
0.034210 0.117718
0.034978 0.122474
0.035750 0.127538
0.036527 0.132710
0.037307 0.137993
0.038091 0.143387
0.038880 0.148891
0.039673 0.154536
0.040470 0.160265
0.041271 0.166106
0.042077 0.172061
0.042887 0.178129
0.043701 0.184316
0.044521 0.190614
0.045344 0.197024
0.046173 0.203554
0.047007 0.210201
0.047845 0.216966
0.048689 0.223854
0.049538 0.230847
0.050392 0.237971
0.051251 0.245212
0.052115 0.252574
0.052986 0.260058
0.053861 0.267669
0.054743 0.275398
0.055630 0.283256
0.056524 0.291241
0.057423 0.299352
0.058329 0.307588
0.059241 0.315957
0.060160 0.324453
0.061085 0.333084
0.062017 0.341846
0.062956 0.350743
0.063902 0.359775
0.064855 0.368944
0.065816 0.378252
0.066784 0.387700
0.067760 0.397290
0.068744 0.407024
0.069736 0.416903
0.070737 0.426929
0.071746 0.437105
0.072764 0.447432
0.073791 0.457912
0.074827 0.468548
0.075873 0.479343
0.076929 0.490297
0.077995 0.501415
0.079071 0.512698
0.080158 0.524151
0.081256 0.535775
0.082365 0.547574
0.083486 0.559553
0.084619 0.571724
0.085765 0.584085
0.086923 0.596638
0.088095 0.609388
0.089281 0.622341
0.090481 0.635294
0.091697 0.648659
0.092927 0.662242
0.094174 0.676050
0.095438 0.690089
0.096718 0.704366
0.098018 0.718890
0.099336 0.733718
0.100673 0.748762
0.102032 0.764079
0.103412 0.779680
0.104816 0.795576
0.106243 0.811779
0.107695 0.828304
0.109174 0.845164
0.110682 0.862376
0.112219 0.879958
0.113788 0.897929
0.115390 0.916312
0.117029 0.935130
0.118706 0.954411
0.120425 0.974185
0.122188 0.994487
0.124000 1.015356
0.125864 1.036838
0.127785 1.058984
0.129770 1.081854
0.131824 1.105520
0.133956 1.130067
0.136175 1.155597
0.138493 1.182235
0.140924 1.210135
0.143487 1.239294
0.146205 1.270356
0.149112 1.303480
0.152252 1.339152
0.155694 1.378093
0.159544 1.421520
0.163996 1.471376
0.169474 1.532225
0.177431 1.619542
