-1.864485 3.525795
-1.780972 3.216534
-1.723473 3.011860
-1.676736 2.850453
-1.636323 2.714470
-1.600202 2.595744
-1.567241 2.489721
-1.536732 2.393557
-1.508198 2.305331
-1.481299 2.223677
-1.455781 2.147580
-1.431453 2.076263
-1.408161 2.009113
-1.385784 1.945640
-1.364221 1.885441
-1.343390 1.828183
-1.323221 1.773586
-1.303654 1.721411
-1.284639 1.671453
-1.266131 1.623535
-1.248091 1.577501
-1.230487 1.533215
-1.213287 1.490557
-1.196466 1.449419
-1.179999 1.409705
-1.163865 1.371370
-1.148044 1.334253
-1.132519 1.298324
-1.117273 1.263521
-1.102293 1.229784
-1.087565 1.197058
-1.073076 1.165296
-1.058816 1.134452
-1.044773 1.104482
-1.030938 1.075349
-1.017303 1.047017
-1.003858 1.019451
-0.990596 0.992620
-0.977509 0.966496
-0.964592 0.941051
-0.951837 0.916259
-0.939239 0.892096
-0.926791 0.868539
-0.914489 0.845568
-0.902328 0.823162
-0.890303 0.801302
-0.878409 0.779971
-0.866642 0.759151
-0.854999 0.738826
-0.843475 0.718982
-0.832066 0.699603
-0.820770 0.680676
-0.809584 0.662187
-0.798503 0.644125
-0.787526 0.626477
-0.776648 0.609232
-0.765868 0.592379
-0.755184 0.575908
-0.744591 0.559809
-0.734089 0.544073
-0.723675 0.528689
-0.713347 0.513650
-0.703102 0.498947
-0.692939 0.484573
-0.682855 0.470518
-0.672849 0.456777
-0.662920 0.443342
-0.653065 0.430205
-0.643282 0.417361
-0.633571 0.404803
-0.623929 0.392525
-0.614356 0.380520
-0.604849 0.368784
-0.595408 0.357310
-0.586030 0.346094
-0.576715 0.335129
-0.567462 0.324412
-0.558269 0.313937
-0.549135 0.303700
-0.540059 0.293696
-0.531041 0.283920
-0.522077 0.274369
-0.513169 0.265038
-0.504315 0.255924
-0.495513 0.247022
-0.486763 0.238329
-0.478065 0.229841
-0.469416 0.221554
-0.460817 0.213465
-0.452266 0.205571
-0.443763 0.197869
-0.435307 0.190355
-0.426897 0.183026
-0.418532 0.175879
-0.410212 0.168911
-0.401935 0.162120
-0.393702 0.155503
-0.385512 0.149057
-0.377363 0.142803
-0.369256 0.136690
-0.361189 0.130740
-0.353162 0.124951
-0.345175 0.119321
-0.337226 0.113847
-0.329316 0.108526
-0.321444 0.103358
-0.313609 0.098339
-0.305810 0.093468
-0.298048 0.088742
-0.290321 0.084159
-0.282630 0.079718
-0.274974 0.075416
-0.267351 0.071253
-0.259763 0.067225
-0.252207 0.063331
-0.244685 0.059569
-0.237195 0.055938
-0.229738 0.052436
-0.222311 0.049061
-0.214917 0.045812
-0.207553 0.042687
-0.200219 0.039684
-0.192916 0.036803
-0.185642 0.034041
-0.178398 0.031398
-0.171183 0.028871
-0.163997 0.026459
-0.156839 0.024162
-0.149709 0.021977
-0.142606 0.019904
-0.135531 0.017941
-0.128483 0.016086
-0.121462 0.014340
-0.114467 0.012699
-0.107499 0.011164
-0.100556 0.009732
-0.093639 0.008404
-0.086747 0.007177
-0.079880 0.006050
-0.073038 0.005023
-0.066220 0.004094
-0.059427 0.003263
-0.052657 0.002528
-0.045911 0.001888
-0.039189 0.001342
-0.032490 0.000889
-0.025814 0.000529
-0.019161 0.000260
-0.012530 0.000082
-0.005921 -0.000007
-0.002625 0.000000
0.000671 -0.000007
0.007279 0.000081
0.013910 0.000259
0.020563 0.000527
0.027240 0.000887
0.033939 0.001339
0.040661 0.001885
0.047407 0.002524
0.054176 0.003259
0.060970 0.004090
0.067787 0.005019
0.074629 0.006046
0.081496 0.007172
0.088388 0.008399
0.095305 0.009727
0.102248 0.011158
0.109217 0.012693
0.116211 0.014333
0.123233 0.016079
0.130281 0.017933
0.137356 0.019896
0.144458 0.021968
0.151588 0.024152
0.158746 0.026448
0.165933 0.028858
0.173148 0.031384
0.180392 0.034026
0.187666 0.036786
0.194969 0.039665
0.202302 0.042666
0.209666 0.045789
0.217061 0.049036
0.224487 0.052409
0.231945 0.055909
0.239435 0.059538
0.246957 0.063298
0.254512 0.067189
0.262101 0.071215
0.269723 0.075377
0.277380 0.079676
0.285071 0.084114
0.292798 0.088695
0.300560 0.093418
0.308358 0.098287
0.316193 0.103303
0.324066 0.108469
0.331976 0.113787
0.339924 0.119258
0.347912 0.124885
0.355938 0.130671
0.364005 0.136618
0.372112 0.142728
0.380261 0.149004
0.388452 0.155448
0.396685 0.162064
0.404961 0.168852
0.413281 0.175817
0.421646 0.182962
0.430056 0.190288
0.438513 0.197800
0.447016 0.205500
0.455567 0.213391
0.464166 0.221476
0.472814 0.229760
0.481513 0.238245
0.490263 0.246889
0.499064 0.255786
0.507919 0.264896
0.516827 0.274223
0.525790 0.283769
0.534809 0.293540
0.543885 0.303539
0.553019 0.313771
0.562212 0.324240
0.571465 0.334952
0.580780 0.345911
0.590157 0.357121
0.599598 0.368589
0.609105 0.380319
0.618679 0.392317
0.628320 0.404589
0.638032 0.417140
0.647814 0.429977
0.657669 0.443107
0.667599 0.456535
0.677605 0.470268
0.687688 0.484314
0.697851 0.498681
0.708096 0.513375
0.718425 0.528405
0.728839 0.543780
0.739341 0.559507
0.749933 0.575597
0.760618 0.592058
0.771398 0.608900
0.782275 0.626134
0.793253 0.643771
0.804333 0.661822
0.815520 0.680299
0.826816 0.699214
0.838224 0.718580
0.849748 0.738412
0.861392 0.758723
0.873158 0.779530
0.885052 0.800847
0.897078 0.822692
0.909239 0.845082
0.921541 0.868037
0.933988 0.891577
0.946587 0.915681
0.959342 0.940455
0.972259 0.965881
0.985345 0.991986
0.998607 1.018796
1.012052 1.046340
1.025688 1.074651
1.039522 1.103760
1.053565 1.133706
1.067826 1.164526
1.082314 1.196262
1.097043 1.228960
1.112023 1.262669
1.127268 1.297444
1.142793 1.333341
1.158614 1.370427
1.174749 1.408770
1.191216 1.448450
1.208037 1.489553
1.225236 1.532174
1.242841 1.576420
1.260880 1.622413
1.279388 1.670288
1.298403 1.720200
1.317970 1.772327
1.338140 1.826873
1.358971 1.884076
1.380533 1.944217
1.402911 2.007628
1.426202 2.074711
1.450531 2.145957
1.476048 2.221976
1.502948 2.303545
1.531482 2.391678
1.561991 2.487739
1.594952 2.593646
1.631073 2.712240
1.671486 2.848068
1.718223 3.009287
1.775722 3.213715
1.859235 3.522591
