-1.727038 3.536525
-1.646550 3.226168
-1.591135 3.020662
-1.546091 2.858615
-1.507142 2.722105
-1.472329 2.602926
-1.440562 2.496506
-1.411159 2.399988
-1.383658 2.311442
-1.357733 2.229497
-1.333140 2.153132
-1.309693 2.081567
-1.287245 2.014187
-1.265679 1.950499
-1.244897 1.890099
-1.224821 1.832652
-1.205382 1.777877
-1.186524 1.725534
-1.168198 1.675417
-1.150360 1.627347
-1.132974 1.581170
-1.116008 1.536748
-1.099431 1.493960
-1.083220 1.452697
-1.067349 1.412865
-1.051799 1.374375
-1.036551 1.337150
-1.021589 1.301119
-1.006896 1.266217
-0.992458 1.232385
-0.978263 1.199568
-0.964300 1.167719
-0.950556 1.136790
-0.937022 1.106739
-0.923688 1.077528
-0.910546 1.049121
-0.897589 1.021483
-0.884807 0.994582
-0.872195 0.968391
-0.859745 0.942880
-0.847453 0.918026
-0.835311 0.893802
-0.823314 0.870187
-0.811458 0.847160
-0.799737 0.824699
-0.788147 0.802787
-0.776684 0.781404
-0.765344 0.760535
-0.754122 0.740255
-0.743016 0.720362
-0.732021 0.700936
-0.721134 0.681963
-0.710353 0.663431
-0.699673 0.645326
-0.689094 0.627637
-0.678610 0.610353
-0.668221 0.593461
-0.657923 0.576953
-0.647715 0.560817
-0.637593 0.545046
-0.627556 0.529628
-0.617602 0.514556
-0.607728 0.499821
-0.597933 0.485416
-0.588215 0.471331
-0.578572 0.457561
-0.569002 0.444097
-0.559504 0.430933
-0.550076 0.418063
-0.540716 0.405479
-0.531424 0.393175
-0.522197 0.381147
-0.513035 0.369387
-0.503935 0.357890
-0.494898 0.346652
-0.485920 0.335666
-0.477002 0.324928
-0.468142 0.314433
-0.459339 0.304177
-0.450592 0.294154
-0.441900 0.284360
-0.433262 0.274791
-0.424676 0.265443
-0.416143 0.256312
-0.407660 0.247394
-0.399227 0.238686
-0.390844 0.230182
-0.382509 0.221881
-0.374221 0.213778
-0.365980 0.205871
-0.357785 0.198155
-0.349635 0.190628
-0.341529 0.183287
-0.333468 0.176128
-0.325449 0.169149
-0.317472 0.162347
-0.309537 0.155719
-0.301643 0.149262
-0.293790 0.142974
-0.285976 0.136852
-0.278202 0.130894
-0.270466 0.125097
-0.262768 0.119459
-0.255107 0.113977
-0.247484 0.108650
-0.239897 0.103474
-0.232345 0.098449
-0.224829 0.093571
-0.217348 0.088839
-0.209902 0.084251
-0.202489 0.079843
-0.195110 0.075535
-0.187764 0.071364
-0.180450 0.067329
-0.173168 0.063429
-0.165919 0.059661
-0.158700 0.056025
-0.151513 0.052517
-0.144356 0.049137
-0.137229 0.045883
-0.130132 0.042753
-0.123064 0.039746
-0.116025 0.036860
-0.109015 0.034094
-0.102033 0.031446
-0.095080 0.028915
-0.088153 0.026500
-0.081255 0.024199
-0.074383 0.022010
-0.067538 0.019933
-0.060719 0.017967
-0.053926 0.016109
-0.047160 0.014358
-0.040418 0.012715
-0.033702 0.011176
-0.027011 0.009742
-0.020344 0.008410
-0.013702 0.007180
-0.007084 0.006070
-0.000490 0.005037
0.006081 0.004103
0.012628 0.003266
0.019153 0.002526
0.025654 0.001883
0.032133 0.001336
0.038589 0.000883
0.045023 0.000525
0.051436 0.000258
0.057826 0.000081
0.064195 -0.000007
0.067372 0.000000
0.070549 -0.000007
0.076918 0.000082
0.083308 0.000260
0.089721 0.000529
0.096155 0.000890
0.102611 0.001343
0.109090 0.001890
0.115591 0.002532
0.122116 0.003269
0.128663 0.004103
0.135234 0.005034
0.141828 0.006064
0.148446 0.007194
0.155088 0.008425
0.161755 0.009757
0.168446 0.011193
0.175162 0.012688
0.181904 0.014329
0.188671 0.016077
0.195463 0.017932
0.202282 0.019896
0.209127 0.021971
0.215999 0.024156
0.222898 0.026454
0.229824 0.028866
0.236777 0.031394
0.243759 0.034038
0.250769 0.036800
0.257808 0.039682
0.264876 0.042685
0.271973 0.045811
0.279100 0.049060
0.286257 0.052436
0.293444 0.055938
0.300663 0.059533
0.307913 0.063293
0.315194 0.067186
0.322508 0.071212
0.329854 0.075374
0.337233 0.079674
0.344646 0.084114
0.352093 0.088695
0.359574 0.093419
0.367090 0.098288
0.374641 0.103305
0.382228 0.108472
0.389852 0.113790
0.397512 0.119261
0.405210 0.124889
0.412946 0.130676
0.420720 0.136623
0.428534 0.142733
0.436388 0.149009
0.444281 0.155453
0.452216 0.162068
0.460193 0.168857
0.468212 0.175822
0.476273 0.182966
0.484379 0.190292
0.492529 0.197803
0.500724 0.205502
0.508965 0.213392
0.517253 0.221477
0.525588 0.229759
0.533971 0.238243
0.542404 0.246932
0.550887 0.255829
0.559420 0.264938
0.568006 0.274263
0.576644 0.283809
0.585337 0.293578
0.594084 0.303576
0.602887 0.313806
0.611746 0.324274
0.620665 0.334984
0.629642 0.345940
0.638680 0.357149
0.647779 0.368614
0.656941 0.380341
0.666168 0.392336
0.675460 0.404604
0.684820 0.417152
0.694248 0.429985
0.703746 0.443110
0.713316 0.456533
0.722959 0.470262
0.732677 0.484303
0.742472 0.498663
0.752346 0.513352
0.762300 0.528375
0.772337 0.543743
0.782459 0.559463
0.792668 0.575545
0.802965 0.591997
0.813354 0.608831
0.823838 0.626056
0.834418 0.643683
0.845097 0.661723
0.855878 0.680189
0.866765 0.699093
0.877760 0.718447
0.888866 0.738266
0.900088 0.758563
0.911429 0.779355
0.922892 0.800657
0.934481 0.822486
0.946202 0.844859
0.958058 0.867797
0.970055 0.891318
0.982197 0.915444
0.994490 0.940198
1.006939 0.965603
1.019551 0.991685
1.032333 1.018374
1.045291 1.045891
1.058432 1.074173
1.071766 1.103253
1.085300 1.133166
1.099044 1.163953
1.113008 1.195654
1.127202 1.228315
1.141640 1.261985
1.156333 1.296718
1.171296 1.332572
1.186543 1.369611
1.202093 1.407907
1.217964 1.447535
1.234176 1.488583
1.250752 1.531147
1.267719 1.575332
1.285104 1.621260
1.302942 1.669066
1.321268 1.718904
1.340126 1.770953
1.359565 1.825414
1.379641 1.882527
1.400423 1.942571
1.421989 2.005878
1.444437 2.072848
1.467885 2.143971
1.492477 2.219855
1.518402 2.301277
1.545903 2.389245
1.575307 2.485123
1.607074 2.590822
1.641886 2.709177
1.680835 2.844721
1.725879 3.005593
1.781294 3.209562
1.861782 3.517709
