-0.887960 4.130424
-0.838126 3.670863
-0.803816 3.358927
-0.775927 3.108390
-0.751812 2.894420
-0.730259 2.705794
-0.710590 2.535786
-0.692385 2.380826
-0.675358 2.237591
-0.659307 2.104716
-0.644080 1.980595
-0.629563 1.864276
-0.615665 1.754582
-0.602312 1.651056
-0.589445 1.553057
-0.577015 1.460230
-0.564980 1.372128
-0.553304 1.288421
-0.541957 1.208830
-0.530913 1.133111
-0.520149 1.061055
-0.509644 0.992475
-0.499381 0.927209
-0.489343 0.865110
-0.479517 0.806244
-0.469890 0.750080
-0.460449 0.696572
-0.451185 0.645955
-0.442088 0.597960
-0.433149 0.552505
-0.424360 0.509509
-0.415715 0.469092
-0.407205 0.430767
-0.398826 0.394550
-0.390570 0.360676
-0.382434 0.329062
-0.374411 0.299311
-0.366497 0.271577
-0.358689 0.245747
-0.350981 0.221862
-0.343370 0.199634
-0.335852 0.179212
-0.328424 0.160441
-0.321084 0.143248
-0.313827 0.127570
-0.306651 0.113342
-0.299554 0.100265
-0.292533 0.088677
-0.285585 0.078309
-0.278708 0.069083
-0.271901 0.060926
-0.265160 0.053759
-0.258485 0.047509
-0.251873 0.042100
-0.245323 0.037459
-0.238832 0.033515
-0.232399 0.030199
-0.226024 0.027631
-0.219703 0.025380
-0.213436 0.023358
-0.207222 0.021913
-0.201059 0.020791
-0.194946 0.019943
-0.188881 0.019323
-0.182864 0.018887
-0.176894 0.018595
-0.170969 0.018414
-0.165088 0.018310
-0.159250 0.018255
-0.153456 0.018224
-0.147702 0.018194
-0.141990 0.018148
-0.136317 0.018067
-0.130683 0.017941
-0.125087 0.017756
-0.119529 0.017701
-0.114007 0.017371
-0.108522 0.016964
-0.103072 0.016479
-0.097656 0.015915
-0.092274 0.015273
-0.086926 0.014415
-0.081610 0.013640
-0.076327 0.012803
-0.071074 0.011909
-0.065853 0.010968
-0.060663 0.010187
-0.055502 0.009160
-0.050371 0.008119
-0.045269 0.006945
-0.040195 0.005936
-0.035149 0.004954
-0.030130 0.004014
-0.025139 0.003129
-0.020174 0.002319
-0.015235 0.001744
-0.010322 0.001175
-0.005435 0.000608
-0.000573 0.000247
0.004265 0.000040
0.006675 0.000000
0.009085 0.000066
0.013923 0.000338
0.018785 0.000838
0.023672 0.001570
0.028585 0.002679
0.033524 0.003848
0.038489 0.005571
0.043480 0.007694
0.048499 0.010411
0.053545 0.013295
0.058619 0.016854
0.063721 0.020973
0.068852 0.025865
0.074013 0.031073
0.079203 0.037146
0.084425 0.043962
0.089677 0.051571
0.094960 0.060021
0.100276 0.069361
0.105624 0.079641
0.111006 0.090998
0.116422 0.103321
0.121872 0.116735
0.127358 0.131285
0.132879 0.147019
0.138437 0.163780
0.144033 0.181984
0.149667 0.201500
0.155340 0.222369
0.161052 0.244628
0.166806 0.268315
0.172601 0.293463
0.178438 0.320195
0.184319 0.348386
0.190244 0.378176
0.196214 0.409282
0.202231 0.442326
0.208296 0.476781
0.214409 0.512848
0.220572 0.550837
0.226786 0.590348
0.233053 0.631448
0.239374 0.674346
0.245749 0.718944
0.252182 0.765274
0.258673 0.813346
0.265223 0.863166
0.271835 0.914743
0.278510 0.967865
0.285251 1.022999
0.292058 1.079873
0.298935 1.138544
0.305883 1.199016
0.312904 1.261301
0.320001 1.325410
0.327177 1.391356
0.334434 1.459152
0.341774 1.528815
0.349202 1.600360
0.356720 1.673808
0.364331 1.749180
0.372039 1.826499
0.379847 1.905794
0.387761 1.987094
0.395784 2.070433
0.403920 2.155849
0.412176 2.243385
0.420555 2.332883
0.429065 2.424773
0.437710 2.518931
0.446499 2.615418
0.455438 2.714377
0.464535 2.815753
0.473799 2.919716
0.483240 3.026331
0.492867 3.135519
0.502693 3.247751
0.512731 3.363003
0.522994 3.481427
0.533499 3.603194
0.544263 3.728499
0.555307 3.857565
0.566654 3.990830
0.578330 4.128036
0.590365 4.270077
0.602795 4.417168
0.615662 4.569781
0.629015 4.728647
0.642913 4.894089
0.657431 5.067023
0.672657 5.248746
0.688708 5.440595
0.705735 5.643871
0.723940 5.861475
0.743609 6.096395
0.765162 6.353427
0.789277 6.640686
0.817166 6.971923
0.851477 7.378211
0.901310 7.964693
