-0.116946 2.953464
-0.097816 2.336496
-0.084644 1.911929
-0.073938 1.571370
-0.064680 1.283454
-0.056406 1.034902
-0.048855 0.818631
-0.041867 0.630692
-0.035330 0.469083
-0.029168 0.332184
-0.023323 0.219555
-0.017750 0.130950
-0.012414 0.065524
-0.007288 0.023008
-0.002349 0.002450
0.000057 0.000000
0.002463 0.002710
0.007402 0.024285
0.012528 0.069115
0.017864 0.139380
0.023437 0.236419
0.029282 0.361879
0.035444 0.517291
0.041981 0.703988
0.048969 0.924451
0.056520 1.182414
0.064794 1.483547
0.074052 1.837766
0.084758 2.263876
0.097930 2.803589
0.117060 3.603837
