-0.073596 5.648262
-0.060229 5.206788
-0.051025 4.903169
-0.043544 4.657126
-0.037075 4.445273
-0.031294 4.256832
-0.026018 4.085678
-0.021135 3.928344
-0.016567 3.782376
-0.012262 3.645445
-0.008177 3.516842
-0.004283 3.395171
-0.000555 3.279658
0.003027 3.169715
0.006478 3.064808
0.009813 2.964495
0.013041 2.868401
0.016173 2.776204
0.019217 2.687636
0.022179 2.602463
0.025067 2.520477
0.027884 2.441482
0.030637 2.365298
0.033330 2.291768
0.035966 2.220759
0.038548 2.152144
0.041081 2.085804
0.043566 2.021638
0.046006 1.959546
0.048404 1.899493
0.050761 1.841316
0.053080 1.784969
0.055363 1.730205
0.057611 1.677297
0.059825 1.626013
0.062008 1.576295
0.064160 1.528080
0.066282 1.481316
0.068377 1.435952
0.070445 1.391938
0.072486 1.349229
0.074503 1.307779
0.076495 1.267546
0.078464 1.228490
0.080411 1.190572
0.082336 1.153755
0.084240 1.118003
0.086123 1.083281
0.087987 1.049558
0.089831 1.016802
0.091657 0.984982
0.093465 0.954069
0.095256 0.924035
0.097030 0.894854
0.098787 0.866498
0.100528 0.838944
0.102253 0.812167
0.103963 0.786144
0.105659 0.760852
0.107340 0.736271
0.109007 0.712378
0.110660 0.689154
0.112300 0.666580
0.113927 0.644637
0.115541 0.623307
0.117142 0.602574
0.118732 0.582418
0.120309 0.562982
0.121875 0.543922
0.123429 0.525394
0.124973 0.507383
0.126505 0.489874
0.128027 0.472855
0.129538 0.456313
0.131039 0.440234
0.132530 0.424607
0.134011 0.409420
0.135482 0.394592
0.136944 0.380257
0.138397 0.366327
0.139841 0.352792
0.141275 0.339641
0.142701 0.326865
0.144119 0.314453
0.145527 0.302397
0.146928 0.290688
0.148320 0.279318
0.149705 0.268474
0.151081 0.257746
0.152450 0.247331
0.153811 0.237224
0.155164 0.227434
0.156511 0.217889
0.157849 0.208670
0.159181 0.199707
0.160506 0.191007
0.161824 0.182608
0.164439 0.166489
0.165737 0.158975
0.167028 0.151549
0.168313 0.144364
0.169591 0.137424
0.170864 0.130675
0.172130 0.124172
0.173390 0.117884
0.174644 0.111806
0.175892 0.105939
0.177135 0.100265
0.178371 0.094787
0.179602 0.089498
0.180828 0.084393
0.182048 0.079628
0.183263 0.074905
0.184472 0.070366
0.185676 0.065879
0.186875 0.061684
0.188069 0.057655
0.189257 0.053912
0.190441 0.050202
0.191620 0.046647
0.192793 0.043245
0.193962 0.039994
0.195127 0.036891
0.196286 0.033933
0.197441 0.031117
0.198591 0.028442
0.199737 0.025903
0.200878 0.023500
0.202015 0.021228
0.203148 0.019085
0.204276 0.017069
0.205400 0.015178
0.206519 0.013409
0.207635 0.011760
0.208746 0.010229
0.209853 0.008813
0.210956 0.007510
0.212056 0.006319
0.213151 0.005237
0.214242 0.004262
0.215329 0.003392
0.216413 0.002710
0.217493 0.002025
0.218569 0.001443
0.219641 0.000961
0.220710 0.000579
0.221775 0.000341
0.222836 0.000122
0.223894 0.000014
0.224421 0.000000
0.224949 0.000013
0.226007 0.000120
0.227068 0.000335
0.228133 0.000566
0.229202 0.000938
0.230274 0.001405
0.231350 0.001966
0.232430 0.002622
0.233513 0.003245
0.234600 0.004059
0.235692 0.004965
0.236787 0.005964
0.237886 0.007056
0.238989 0.008240
0.240096 0.009519
0.241208 0.010892
0.242323 0.012359
0.243443 0.013921
0.244567 0.015578
0.245695 0.017331
0.246827 0.019181
0.247964 0.021127
0.249105 0.023171
0.250251 0.025312
0.251401 0.027551
0.252556 0.029890
0.253716 0.032328
0.254880 0.034865
0.256049 0.037352
0.257223 0.040078
0.258401 0.042905
0.259585 0.045834
0.260774 0.048864
0.261968 0.051998
0.263166 0.055235
0.264370 0.058577
0.265580 0.062023
0.266794 0.065575
0.268014 0.069233
0.269240 0.072998
0.270471 0.076871
0.271708 0.080853
0.272950 0.084944
0.274199 0.089146
0.275453 0.093458
0.276713 0.097883
0.277979 0.102421
0.279251 0.107072
0.280530 0.111839
0.281814 0.116721
0.283106 0.121720
0.284403 0.126837
0.285708 0.132073
0.287019 0.137429
0.288337 0.142907
0.289661 0.148507
0.290993 0.154230
0.292332 0.160078
0.293678 0.166053
0.295032 0.172155
0.296393 0.178386
0.297761 0.184747
0.299138 0.191242
0.300522 0.197868
0.301914 0.204629
0.303315 0.211526
0.304724 0.218561
0.306141 0.225736
0.307567 0.233052
0.309002 0.240511
0.310445 0.248115
0.311898 0.255866
0.313360 0.263766
0.314831 0.271817
0.316313 0.280021
0.317804 0.288381
0.319304 0.296897
0.320816 0.305574
0.322337 0.314413
0.323870 0.323417
0.325413 0.332588
0.326968 0.341930
0.328533 0.351445
0.330111 0.361135
0.331700 0.371004
0.333302 0.381056
0.334916 0.391293
0.336542 0.401718
0.338182 0.412336
0.339836 0.423150
0.341502 0.434160
0.343184 0.445378
0.344879 0.456803
0.346589 0.468441
0.348315 0.480296
0.350056 0.492373
0.351813 0.504495
0.353586 0.517024
0.355377 0.529791
0.357185 0.542801
0.359011 0.556059
0.360856 0.569573
0.362719 0.583349
0.364603 0.597394
0.366507 0.611716
0.368432 0.626321
0.370378 0.641220
0.372347 0.656419
0.374340 0.671929
0.376356 0.687759
0.378398 0.703919
0.380465 0.720421
0.382560 0.737277
0.384683 0.754499
0.386835 0.772100
0.389017 0.790095
0.391232 0.808499
0.393480 0.827329
0.395762 0.846603
0.398081 0.866340
0.400439 0.886561
0.402837 0.907288
0.405277 0.928547
0.407762 0.950363
0.410294 0.972768
0.412877 0.995792
0.415513 1.019471
0.418205 1.043846
0.420958 1.068960
0.423776 1.094862
0.426663 1.121607
0.429626 1.149253
0.432669 1.177879
0.435801 1.207563
0.439030 1.238396
0.442364 1.270489
0.445816 1.303968
0.449397 1.338784
0.453125 1.375508
0.457020 1.414174
0.461104 1.455061
0.465410 1.498520
0.469977 1.545012
0.474860 1.595212
0.480136 1.649878
0.485918 1.710351
0.492387 1.778686
0.499868 1.858570
0.509071 1.958051
0.522438 2.104761
