-1.654476 3.503560
-1.578173 3.195942
-1.525638 2.992379
-1.482936 2.831860
-1.446012 2.696635
-1.413009 2.578773
-1.382894 2.473345
-1.355019 2.377724
-1.328948 2.290002
-1.304371 2.208817
-1.281056 2.133160
-1.258828 2.062258
-1.237547 1.995502
-1.217102 1.932404
-1.197401 1.872562
-1.178368 1.815646
-1.159940 1.761377
-1.142062 1.709517
-1.124689 1.659862
-1.107778 1.612236
-1.091297 1.566484
-1.075212 1.522471
-1.059497 1.480077
-1.044128 1.439194
-1.029083 1.399728
-1.014341 1.361593
-0.999886 1.324710
-0.985702 1.289010
-0.971772 1.254428
-0.958086 1.220906
-0.944629 1.188391
-0.931391 1.156834
-0.918361 1.126188
-0.905531 1.096413
-0.892891 1.067469
-0.880432 1.039322
-0.868148 1.011936
-0.856031 0.985282
-0.844074 0.959329
-0.832272 0.934052
-0.820618 0.909423
-0.809108 0.885421
-0.797735 0.862021
-0.786495 0.839203
-0.775384 0.816947
-0.764396 0.795234
-0.753529 0.774046
-0.742778 0.753366
-0.732140 0.733179
-0.721611 0.713468
-0.711188 0.694221
-0.700867 0.675423
-0.690646 0.657061
-0.680522 0.639122
-0.670492 0.621595
-0.660554 0.604469
-0.650705 0.587733
-0.640942 0.571376
-0.631265 0.555494
-0.621669 0.539864
-0.612154 0.524585
-0.602717 0.509648
-0.593357 0.495046
-0.584071 0.480770
-0.574858 0.466812
-0.565716 0.453165
-0.556644 0.439823
-0.547639 0.426778
-0.538702 0.414023
-0.529829 0.401552
-0.521019 0.389360
-0.512272 0.377440
-0.503586 0.365786
-0.494960 0.354394
-0.486392 0.343257
-0.477881 0.332371
-0.469427 0.321730
-0.461028 0.311331
-0.452682 0.301167
-0.444390 0.291235
-0.436150 0.281600
-0.427960 0.272116
-0.419821 0.262852
-0.411731 0.253802
-0.403689 0.244963
-0.395695 0.236333
-0.387748 0.227906
-0.379846 0.219679
-0.371989 0.211650
-0.364176 0.203813
-0.356407 0.196167
-0.348681 0.188708
-0.340997 0.181434
-0.333354 0.174340
-0.325752 0.167425
-0.318190 0.160685
-0.310668 0.154117
-0.303185 0.147720
-0.295739 0.141490
-0.288332 0.135425
-0.280962 0.129522
-0.273628 0.123779
-0.266330 0.118193
-0.259068 0.112763
-0.251841 0.107486
-0.244648 0.102359
-0.237489 0.097381
-0.230364 0.092550
-0.223272 0.087863
-0.216212 0.083319
-0.209185 0.079036
-0.202189 0.074765
-0.195225 0.070631
-0.188292 0.066632
-0.181389 0.062767
-0.174516 0.059033
-0.167673 0.055428
-0.160859 0.051952
-0.154074 0.048603
-0.147317 0.045379
-0.140589 0.042278
-0.133889 0.039298
-0.127216 0.036440
-0.120570 0.033700
-0.113952 0.031077
-0.107359 0.028571
-0.100793 0.026179
-0.094253 0.023900
-0.087739 0.021734
-0.081249 0.019677
-0.074785 0.017731
-0.068346 0.015892
-0.061931 0.014160
-0.055540 0.012534
-0.049173 0.011013
-0.042829 0.009594
-0.036509 0.008278
-0.030212 0.007062
-0.023938 0.005947
-0.017687 0.004931
-0.011458 0.004012
-0.005251 0.003238
0.000934 0.002505
0.007098 0.001866
0.013239 0.001322
0.019360 0.000870
0.025460 0.000510
0.031539 0.000240
0.037597 0.000068
0.043635 -0.000011
0.046647 0.000000
0.049658 -0.000004
0.055696 0.000090
0.061755 0.000273
0.067834 0.000546
0.073933 0.000911
0.080054 0.001368
0.086196 0.001919
0.092359 0.002564
0.098544 0.003305
0.104751 0.004142
0.110980 0.005076
0.117232 0.006043
0.123506 0.007166
0.129803 0.008389
0.136123 0.009714
0.142466 0.011140
0.148833 0.012669
0.155224 0.014303
0.161639 0.016042
0.168079 0.017888
0.174543 0.019842
0.181032 0.021905
0.187547 0.024079
0.194087 0.026364
0.200653 0.028763
0.207245 0.031275
0.213864 0.033904
0.220509 0.036650
0.227182 0.039514
0.233883 0.042499
0.240611 0.045605
0.247367 0.048834
0.254152 0.052188
0.260966 0.055669
0.267809 0.059277
0.274682 0.063014
0.281585 0.066883
0.288518 0.070885
0.295483 0.074933
0.302478 0.079201
0.309506 0.083608
0.316565 0.088155
0.323657 0.092843
0.330783 0.097676
0.337941 0.102594
0.345134 0.107719
0.352361 0.112995
0.359624 0.118422
0.366921 0.124005
0.374255 0.129744
0.381625 0.135643
0.389033 0.141703
0.396478 0.147928
0.403962 0.154319
0.411484 0.160879
0.419046 0.167612
0.426648 0.174519
0.434290 0.181603
0.441974 0.188868
0.449701 0.196316
0.457470 0.203951
0.465282 0.211775
0.473139 0.219792
0.481041 0.228004
0.488989 0.236416
0.496983 0.245032
0.505025 0.253853
0.513115 0.262885
0.521254 0.272131
0.529443 0.281595
0.537684 0.291281
0.545976 0.301193
0.554321 0.311336
0.562720 0.321714
0.571175 0.332332
0.579685 0.343194
0.588253 0.354306
0.596880 0.365672
0.605566 0.377298
0.614313 0.389189
0.623122 0.401351
0.631995 0.413790
0.640933 0.426512
0.649937 0.439523
0.659010 0.452830
0.668151 0.466439
0.677364 0.480358
0.686650 0.494594
0.696011 0.508951
0.705447 0.523839
0.714963 0.539067
0.724558 0.554644
0.734236 0.570580
0.743998 0.586883
0.753847 0.603631
0.763786 0.620701
0.773815 0.638170
0.783939 0.656048
0.794160 0.674347
0.804481 0.693081
0.814904 0.712260
0.825434 0.731901
0.836072 0.752015
0.846823 0.772620
0.857690 0.793729
0.868677 0.815361
0.879788 0.837533
0.891028 0.860264
0.902401 0.883573
0.913912 0.907482
0.925566 0.932012
0.937368 0.957188
0.949324 0.983035
0.961441 1.009580
0.973726 1.036852
0.986184 1.064881
0.998824 1.093701
1.011655 1.123348
1.024684 1.153859
1.037922 1.185277
1.051379 1.217646
1.065066 1.251016
1.078995 1.285439
1.093180 1.320972
1.107635 1.357681
1.122376 1.395634
1.137422 1.434909
1.152791 1.475590
1.168506 1.517773
1.184590 1.561563
1.201072 1.607081
1.217982 1.654459
1.235356 1.703853
1.253233 1.755436
1.271662 1.809411
1.290694 1.866013
1.310395 1.925521
1.330841 1.988059
1.352122 2.054424
1.374350 2.124905
1.397664 2.200104
1.422241 2.280790
1.448312 2.367965
1.476187 2.462978
1.506303 2.567723
1.539305 2.685010
1.576229 2.819332
1.618932 2.978753
1.671466 3.180884
1.747770 3.486401
