-0.743431 506.530090
-0.702020 354.136658
-0.673509 272.898224
-0.650334 218.795685
-0.630294 179.484558
-0.612383 149.504974
-0.596039 125.917664
-0.580911 106.948692
-0.566762 91.443420
-0.553423 78.608765
-0.540770 67.877541
-0.528707 58.831268
-0.517157 51.153328
-0.506061 44.599251
-0.495369 38.977074
-0.485040 34.134041
-0.475038 29.946522
-0.465336 26.314255
-0.455907 23.154665
-0.446730 20.399319
-0.437785 17.991116
-0.429055 15.882105
-0.420527 14.031806
-0.412186 12.405870
-0.404020 10.975027
-0.396020 9.714226
-0.388175 8.601958
-0.380476 7.619691
-0.372917 6.751409
-0.365489 5.983233
-0.358186 5.303107
-0.351001 4.700533
-0.343930 4.166351
-0.336967 3.692552
-0.330106 3.272122
-0.323345 2.898908
-0.316678 2.567667
-0.310102 2.273293
-0.303613 2.011781
-0.297208 1.779432
-0.290883 1.572981
-0.284636 1.389541
-0.278464 1.226555
-0.272364 1.081762
-0.266333 0.953154
-0.260370 0.838952
-0.254473 0.737574
-0.248638 0.647617
-0.242864 0.567832
-0.237150 0.497109
-0.231493 0.434458
-0.225892 0.378973
-0.220345 0.330119
-0.214850 0.286757
-0.209407 0.248484
-0.204013 0.214742
-0.198668 0.185037
-0.193370 0.158923
-0.188118 0.136007
-0.182910 0.115935
-0.177746 0.098391
-0.172625 0.083094
-0.167544 0.069792
-0.162505 0.058259
-0.157505 0.048441
-0.152543 0.039842
-0.147620 0.032474
-0.142733 0.026193
-0.137882 0.020871
-0.133067 0.016392
-0.128286 0.012601
-0.123539 0.009692
-0.118825 0.007144
-0.114143 0.005094
-0.109493 0.003476
-0.104874 0.002232
-0.100286 0.001309
-0.095727 0.000742
-0.091198 0.000290
-0.086698 0.000048
-0.082226 -0.000022
-0.077781 0.000062
-0.073364 0.000257
-0.068973 0.000543
-0.064609 0.000899
-0.060270 0.001202
-0.055957 0.001609
-0.051669 0.002033
-0.047404 0.002461
-0.043164 0.002882
-0.038948 0.003289
-0.034755 0.003673
-0.030585 0.004028
-0.026437 0.004348
-0.022311 0.004629
-0.018207 0.004867
-0.014125 0.005060
-0.010063 0.005206
-0.006023 0.005304
-0.002003 0.005353
0.002003 0.005353
0.006023 0.005304
0.010063 0.005206
0.014125 0.005060
0.018207 0.004867
0.022311 0.004629
0.026437 0.004348
0.030585 0.004028
0.034755 0.003673
0.038948 0.003289
0.043164 0.002882
0.047404 0.002461
0.051669 0.002033
0.055957 0.001609
0.060270 0.001202
0.064609 0.000899
0.068973 0.000543
0.073364 0.000257
0.077781 0.000062
0.082226 -0.000022
0.083932 0.000000
0.086698 0.000048
0.091198 0.000290
0.095727 0.000742
0.100286 0.001309
0.104874 0.002232
0.109493 0.003476
0.114143 0.005094
0.118825 0.007144
0.123539 0.009692
0.128286 0.012601
0.133067 0.016392
0.137882 0.020871
0.142733 0.026193
0.147620 0.032474
0.152543 0.039842
0.157505 0.048441
0.162505 0.058259
0.167544 0.069792
0.172625 0.083094
0.177746 0.098391
0.182910 0.115935
0.188118 0.136007
0.193370 0.158923
0.198668 0.185037
0.204013 0.214742
0.209407 0.248484
0.214850 0.286757
0.220345 0.330119
0.225892 0.378973
0.231493 0.434458
0.237150 0.497109
0.242864 0.567832
0.248638 0.647617
0.254473 0.737574
0.260370 0.838952
0.266333 0.953154
0.272364 1.081762
0.278464 1.226555
0.284636 1.389541
0.290883 1.572981
0.297208 1.779432
0.303613 2.011781
0.310102 2.273293
0.316678 2.567667
0.323345 2.898908
0.330106 3.272122
0.336967 3.692552
0.343930 4.166351
0.351001 4.700533
0.358186 5.303107
0.365489 5.983233
0.372917 6.751409
0.380476 7.619691
0.388175 8.601958
0.396020 9.714226
0.404020 10.975027
0.412186 12.405870
0.420527 14.031806
0.429055 15.882105
0.437785 17.991116
0.446730 20.399319
0.455907 23.154665
0.465336 26.314255
0.475038 29.946522
0.485040 34.134041
0.495369 38.977074
0.506061 44.599251
0.517157 51.153328
0.528707 58.831268
0.540770 67.877541
0.553423 78.608765
0.566762 91.443420
0.580911 106.948692
0.596039 125.917664
0.612383 149.504974
0.630294 179.484558
0.650334 218.795685
0.673509 272.898224
0.702020 354.136658
0.743431 506.530090
