-1.890748 3.542540
-1.806230 3.230866
-1.748039 3.024619
-1.700739 2.861985
-1.659840 2.724979
-1.623284 2.605369
-1.589926 2.498564
-1.559050 2.401697
-1.530172 2.312832
-1.502949 2.230593
-1.477125 2.153955
-1.452503 2.082135
-1.428931 2.014516
-1.406285 1.950603
-1.384462 1.889992
-1.363381 1.832345
-1.342969 1.777380
-1.323166 1.724857
-1.303922 1.674569
-1.285191 1.626337
-1.266935 1.580005
-1.249119 1.535435
-1.231712 1.492506
-1.214688 1.451109
-1.198023 1.411148
-1.181695 1.372535
-1.165683 1.335193
-1.149971 1.299096
-1.134542 1.264085
-1.119382 1.230149
-1.104476 1.197234
-1.089813 1.165289
-1.075381 1.134270
-1.061169 1.104133
-1.047168 1.074839
-1.033368 1.046353
-1.019762 1.018639
-1.006340 0.991667
-0.993096 0.965407
-0.980023 0.939831
-0.967115 0.914915
-0.954365 0.890634
-0.941768 0.866966
-0.929318 0.843889
-0.917010 0.821383
-0.904840 0.799429
-0.892803 0.778010
-0.880894 0.757107
-0.869111 0.736706
-0.857448 0.716791
-0.845902 0.697347
-0.834471 0.678360
-0.823149 0.659817
-0.811935 0.641706
-0.800826 0.624014
-0.789817 0.606729
-0.778908 0.589842
-0.768094 0.573341
-0.757375 0.557217
-0.746746 0.541459
-0.736207 0.526058
-0.725754 0.511007
-0.715386 0.496295
-0.705100 0.481915
-0.694895 0.467859
-0.684769 0.454119
-0.674720 0.440689
-0.664746 0.427560
-0.654846 0.414727
-0.645018 0.402183
-0.635260 0.389921
-0.625571 0.377936
-0.615950 0.366222
-0.606395 0.354772
-0.596905 0.343582
-0.587478 0.332646
-0.578113 0.321959
-0.568810 0.311516
-0.559566 0.301313
-0.550381 0.291345
-0.541253 0.281606
-0.532182 0.272094
-0.523167 0.262803
-0.514206 0.253729
-0.505298 0.244869
-0.496443 0.236219
-0.487640 0.227775
-0.478887 0.219533
-0.470185 0.211490
-0.461531 0.203642
-0.452926 0.195986
-0.444368 0.188519
-0.435856 0.181238
-0.427391 0.174139
-0.418970 0.167220
-0.410594 0.160477
-0.402262 0.153908
-0.393973 0.147510
-0.385726 0.141280
-0.377521 0.135216
-0.369357 0.129316
-0.361234 0.123576
-0.353151 0.117994
-0.345106 0.112568
-0.337101 0.107295
-0.329134 0.102174
-0.321205 0.097202
-0.313312 0.092377
-0.305457 0.087697
-0.297637 0.083160
-0.289853 0.078763
-0.282104 0.074505
-0.274390 0.070385
-0.266710 0.066399
-0.259064 0.062546
-0.251451 0.058825
-0.243871 0.055234
-0.236324 0.051793
-0.228808 0.048456
-0.221325 0.045244
-0.213872 0.042155
-0.206450 0.039187
-0.199059 0.036339
-0.191698 0.033610
-0.184367 0.030998
-0.177065 0.028501
-0.169792 0.026119
-0.162547 0.023850
-0.155332 0.021691
-0.148144 0.019644
-0.140984 0.017704
-0.133851 0.015873
-0.126745 0.014148
-0.119666 0.012528
-0.112614 0.011012
-0.105587 0.009598
-0.098587 0.008286
-0.091612 0.007075
-0.084662 0.005963
-0.077738 0.004949
-0.070838 0.004033
-0.063963 0.003213
-0.057112 0.002487
-0.050285 0.001856
-0.043482 0.001318
-0.036702 0.000873
-0.029946 0.000518
-0.023212 0.000254
-0.016502 0.000079
-0.009814 -0.000008
-0.006478 0.000000
-0.003142 -0.000007
0.003546 0.000082
0.010256 0.000259
0.016990 0.000525
0.023746 0.000882
0.030526 0.001330
0.037329 0.001870
0.044156 0.002503
0.051007 0.003230
0.057882 0.004052
0.064782 0.004971
0.071707 0.005986
0.078656 0.007100
0.085631 0.008313
0.092631 0.009626
0.099658 0.011041
0.106710 0.012559
0.113789 0.014180
0.120895 0.015906
0.128028 0.017739
0.135188 0.019679
0.142376 0.021728
0.149592 0.023887
0.156836 0.026157
0.164109 0.028540
0.171411 0.031036
0.178742 0.033649
0.186103 0.036378
0.193494 0.039225
0.200916 0.042192
0.208369 0.045281
0.215853 0.048492
0.223368 0.051804
0.230915 0.055265
0.238495 0.058855
0.246108 0.062573
0.253754 0.066423
0.261434 0.070406
0.269148 0.074523
0.276897 0.078778
0.284681 0.083170
0.292501 0.087703
0.300356 0.092379
0.308249 0.097199
0.316178 0.102166
0.324145 0.107281
0.332151 0.112548
0.340195 0.117967
0.348278 0.123542
0.356401 0.129275
0.364565 0.135168
0.372770 0.141224
0.381017 0.147445
0.389306 0.153834
0.397638 0.160393
0.406014 0.167126
0.414435 0.174035
0.422900 0.181123
0.431412 0.188393
0.439970 0.195848
0.448575 0.203492
0.457229 0.211327
0.465932 0.219356
0.474684 0.227584
0.483488 0.236014
0.492343 0.244649
0.501250 0.253493
0.510211 0.262550
0.519227 0.271825
0.528298 0.281320
0.537425 0.291040
0.546610 0.300990
0.555854 0.311175
0.565158 0.321598
0.574522 0.332264
0.583949 0.343179
0.593439 0.354348
0.602994 0.365776
0.612616 0.377468
0.622304 0.389429
0.632062 0.401667
0.641890 0.414187
0.651790 0.426995
0.661764 0.440098
0.671813 0.453502
0.681939 0.467215
0.692144 0.481243
0.702430 0.495595
0.712798 0.510279
0.723251 0.525301
0.733790 0.540672
0.744419 0.556399
0.755139 0.572493
0.765952 0.588962
0.776861 0.605817
0.787870 0.623069
0.798979 0.640728
0.810193 0.658805
0.821515 0.677314
0.832947 0.696266
0.844492 0.715675
0.856155 0.735554
0.867939 0.755919
0.879847 0.776784
0.891884 0.798165
0.904054 0.820081
0.916362 0.842429
0.928812 0.865464
0.941409 0.889090
0.954159 0.913327
0.967067 0.938199
0.980140 0.963730
0.993384 0.989944
1.006806 1.016869
1.020412 1.044535
1.034212 1.072972
1.048213 1.102215
1.062425 1.132300
1.076857 1.163265
1.091521 1.195154
1.106426 1.228013
1.121587 1.261890
1.137015 1.296840
1.152727 1.332922
1.168739 1.370201
1.185067 1.408748
1.201733 1.448642
1.218756 1.489968
1.236163 1.532825
1.253979 1.577320
1.272235 1.623574
1.290966 1.671725
1.310210 1.721929
1.330013 1.774364
1.350425 1.829237
1.371507 1.886788
1.393329 1.947299
1.415976 2.011105
1.439548 2.078612
1.464169 2.150313
1.489993 2.226824
1.517217 2.308928
1.546094 2.397645
1.576970 2.494353
1.610328 2.600982
1.646884 2.720396
1.687783 2.857176
1.735083 3.019544
1.793274 3.225454
1.877792 3.536620
