-1.660743 3.513951
-1.585735 3.205243
-1.534093 3.000975
-1.492116 2.839909
-1.455819 2.704229
-1.423377 2.585684
-1.393773 2.479923
-1.366371 2.384004
-1.340743 2.296010
-1.316583 2.214577
-1.293665 2.138691
-1.271814 2.067577
-1.250894 2.000622
-1.230796 1.937337
-1.211430 1.877320
-1.192720 1.820238
-1.174605 1.765812
-1.157031 1.713804
-1.139952 1.664007
-1.123329 1.616246
-1.107127 1.570565
-1.091316 1.526423
-1.075868 1.483906
-1.060760 1.442905
-1.045970 1.403326
-1.031479 1.365082
-1.017269 1.328094
-1.003325 1.292293
-0.989633 1.257614
-0.976178 1.224000
-0.962950 1.191246
-0.949937 1.159606
-0.937129 1.128880
-0.924516 1.099028
-0.912091 1.070009
-0.899844 1.041789
-0.887768 1.014333
-0.875857 0.987611
-0.864103 0.961593
-0.852502 0.936252
-0.841046 0.911562
-0.829731 0.887499
-0.818551 0.864042
-0.807502 0.841167
-0.796579 0.818856
-0.785778 0.797090
-0.775096 0.775850
-0.764528 0.755120
-0.754070 0.734884
-0.743720 0.715127
-0.733473 0.695833
-0.723328 0.676990
-0.713280 0.658780
-0.703328 0.640793
-0.693469 0.623219
-0.683699 0.606047
-0.674017 0.589267
-0.664421 0.572866
-0.654907 0.556837
-0.645475 0.541169
-0.636121 0.525852
-0.626845 0.510880
-0.617643 0.496242
-0.608515 0.481932
-0.599459 0.467941
-0.590472 0.454262
-0.581554 0.440888
-0.572702 0.427812
-0.563916 0.415027
-0.555194 0.402527
-0.546534 0.390306
-0.537936 0.378358
-0.529397 0.366678
-0.520918 0.355259
-0.512495 0.344097
-0.504129 0.333185
-0.495818 0.322520
-0.487562 0.312097
-0.479358 0.301910
-0.471207 0.291956
-0.463106 0.282229
-0.455056 0.272726
-0.447055 0.263443
-0.439102 0.254375
-0.431197 0.245519
-0.423339 0.236871
-0.415526 0.228427
-0.407758 0.220183
-0.400035 0.212137
-0.392355 0.204285
-0.384718 0.196624
-0.377123 0.189150
-0.369569 0.181861
-0.362056 0.174753
-0.354583 0.167824
-0.347150 0.161071
-0.339755 0.154490
-0.332399 0.148159
-0.325080 0.141914
-0.317799 0.135833
-0.310553 0.129915
-0.303344 0.124157
-0.296170 0.118558
-0.289031 0.113114
-0.281927 0.107823
-0.274856 0.102683
-0.267819 0.097693
-0.260815 0.092849
-0.253843 0.088150
-0.246904 0.083594
-0.239996 0.079178
-0.233119 0.074902
-0.226273 0.070763
-0.219457 0.066759
-0.212671 0.062888
-0.205915 0.059149
-0.199188 0.055541
-0.192490 0.052060
-0.185820 0.048754
-0.179179 0.045522
-0.172565 0.042414
-0.165978 0.039428
-0.159419 0.036563
-0.152886 0.033816
-0.146380 0.031188
-0.139899 0.028675
-0.133445 0.026277
-0.127016 0.023993
-0.120612 0.021821
-0.114233 0.019759
-0.107878 0.017808
-0.101548 0.015964
-0.095242 0.014227
-0.088960 0.012596
-0.082701 0.011070
-0.076465 0.009647
-0.070253 0.008326
-0.064063 0.007107
-0.057895 0.005987
-0.051750 0.004966
-0.045626 0.004044
-0.039525 0.003265
-0.033445 0.002528
-0.027386 0.001887
-0.021349 0.001340
-0.015332 0.000886
-0.009336 0.000523
-0.003360 0.000251
0.002596 0.000072
0.008531 -0.000010
0.011491 0.000000
0.014452 -0.000005
0.020387 0.000087
0.026343 0.000268
0.032318 0.000539
0.038315 0.000902
0.044331 0.001357
0.050369 0.001906
0.056428 0.002550
0.062508 0.003289
0.068609 0.004125
0.074733 0.004991
0.080878 0.006013
0.087045 0.007135
0.093235 0.008356
0.099448 0.009678
0.105684 0.011102
0.111943 0.012630
0.118225 0.014262
0.124531 0.015999
0.130861 0.017843
0.137216 0.019795
0.143595 0.021857
0.149999 0.024029
0.156428 0.026312
0.162882 0.028709
0.169362 0.031220
0.175869 0.033847
0.182402 0.036592
0.188961 0.039455
0.195548 0.042438
0.202162 0.045543
0.208803 0.048770
0.215473 0.052123
0.222171 0.055602
0.228898 0.059209
0.235654 0.062945
0.242440 0.066813
0.249256 0.070735
0.256102 0.074867
0.262979 0.079135
0.269887 0.083542
0.276826 0.088089
0.283798 0.092778
0.290802 0.097611
0.297839 0.102590
0.304910 0.107718
0.312014 0.112996
0.319153 0.118358
0.326327 0.123940
0.333536 0.129679
0.340781 0.135577
0.348063 0.141637
0.355382 0.147862
0.362738 0.154252
0.370133 0.160813
0.377566 0.167545
0.385039 0.174452
0.392552 0.181536
0.400106 0.188801
0.407701 0.196249
0.415338 0.203883
0.423018 0.211707
0.430741 0.219723
0.438509 0.227936
0.446321 0.236348
0.454180 0.244962
0.462085 0.253784
0.470038 0.262815
0.478039 0.272061
0.486089 0.281524
0.494189 0.291210
0.502341 0.301121
0.510544 0.311264
0.518801 0.321641
0.527112 0.332258
0.535478 0.343120
0.543900 0.354231
0.552380 0.365596
0.560919 0.377221
0.569517 0.389112
0.578177 0.401071
0.586899 0.413503
0.595685 0.426218
0.604537 0.439223
0.613455 0.452522
0.622442 0.466124
0.631498 0.480035
0.640626 0.494263
0.649828 0.508815
0.659104 0.523700
0.668458 0.538925
0.677890 0.554499
0.687404 0.570431
0.697000 0.586731
0.706682 0.603408
0.716452 0.620472
0.726311 0.637935
0.736263 0.655806
0.746311 0.674100
0.756456 0.692826
0.766702 0.711999
0.777053 0.731632
0.787510 0.751740
0.798079 0.772336
0.808761 0.793438
0.819562 0.815062
0.830485 0.837370
0.841534 0.860095
0.852713 0.883398
0.864029 0.907301
0.875484 0.931825
0.887086 0.956995
0.898840 0.982835
0.910751 1.009372
0.922827 1.036636
0.935073 1.064658
0.947499 1.093469
0.960112 1.123107
0.972920 1.153608
0.985933 1.184814
0.999161 1.217167
1.012616 1.250519
1.026308 1.284924
1.040252 1.320439
1.054462 1.357127
1.068953 1.395059
1.083743 1.434311
1.098851 1.474968
1.114299 1.517125
1.130110 1.560889
1.146312 1.606378
1.162935 1.653726
1.180014 1.703086
1.197588 1.754697
1.215703 1.808636
1.234412 1.865201
1.253779 1.924666
1.273877 1.987363
1.294797 2.053685
1.316647 2.124119
1.339566 2.199267
1.363726 2.279897
1.389354 2.367008
1.416755 2.461948
1.446360 2.566612
1.478802 2.683803
1.515099 2.818010
1.557076 2.977289
1.608718 3.179231
1.683726 3.484297
