-1.866585 3.469810
-1.783109 3.165629
-1.725636 2.964311
-1.678919 2.805544
-1.638524 2.671783
-1.602419 2.554993
-1.569473 2.450698
-1.538978 2.356098
-1.510456 2.269306
-1.483569 2.188978
-1.458063 2.114115
-1.433745 2.043953
-1.410464 1.977891
-1.388096 1.915444
-1.366543 1.856218
-1.345721 1.799884
-1.325561 1.746168
-1.306003 1.694833
-1.286996 1.645679
-1.268496 1.598532
-1.250465 1.553238
-1.232868 1.509663
-1.215676 1.467690
-1.198863 1.427211
-1.182403 1.388133
-1.166276 1.350371
-1.150462 1.313849
-1.134943 1.278495
-1.119705 1.244248
-1.104732 1.211050
-1.090010 1.178847
-1.075527 1.147592
-1.061273 1.117239
-1.047237 1.087747
-1.033408 1.059077
-1.019778 1.031195
-1.006339 1.004067
-0.993083 0.977662
-0.980003 0.951952
-0.967091 0.926910
-0.954342 0.902510
-0.941749 0.878729
-0.929307 0.855544
-0.917011 0.832935
-0.904855 0.810882
-0.892835 0.789366
-0.880946 0.768369
-0.869185 0.747875
-0.857547 0.727868
-0.846028 0.708333
-0.834624 0.689256
-0.823334 0.670623
-0.812152 0.652421
-0.801076 0.634639
-0.790103 0.617264
-0.779231 0.600285
-0.768456 0.583692
-0.757776 0.567474
-0.747188 0.551621
-0.736691 0.536125
-0.726281 0.520977
-0.715957 0.506167
-0.705717 0.491688
-0.695558 0.477531
-0.685479 0.463690
-0.675478 0.450156
-0.665553 0.436923
-0.655702 0.423984
-0.645924 0.411333
-0.636217 0.398963
-0.626580 0.386868
-0.617010 0.375043
-0.607508 0.363481
-0.598071 0.352178
-0.588697 0.341128
-0.579387 0.330326
-0.570138 0.319767
-0.560949 0.309447
-0.551819 0.299360
-0.542747 0.289503
-0.533732 0.279870
-0.524773 0.270459
-0.515869 0.261265
-0.507018 0.252306
-0.498221 0.243533
-0.489475 0.234966
-0.480780 0.226601
-0.472135 0.218434
-0.463540 0.210462
-0.454993 0.202681
-0.446494 0.195090
-0.438041 0.187683
-0.429635 0.180459
-0.421273 0.173415
-0.412957 0.166547
-0.404684 0.159853
-0.396455 0.153330
-0.388268 0.146975
-0.380123 0.140786
-0.372019 0.134761
-0.363956 0.128896
-0.355933 0.123190
-0.347949 0.117640
-0.340004 0.112244
-0.332097 0.107000
-0.324229 0.101905
-0.316397 0.096957
-0.308602 0.092155
-0.300843 0.087496
-0.293120 0.082979
-0.285432 0.078601
-0.277779 0.074360
-0.270160 0.070256
-0.262575 0.066285
-0.255023 0.062446
-0.247504 0.058737
-0.240017 0.055158
-0.232563 0.051705
-0.225140 0.048378
-0.217749 0.045175
-0.210388 0.042094
-0.203058 0.039134
-0.195758 0.036293
-0.188487 0.033570
-0.181246 0.030963
-0.174035 0.028472
-0.166851 0.026094
-0.159696 0.023829
-0.152569 0.021675
-0.145470 0.019630
-0.138398 0.017694
-0.131353 0.015865
-0.124335 0.014142
-0.117344 0.012524
-0.110378 0.011009
-0.103439 0.009597
-0.096524 0.008287
-0.089636 0.007076
-0.082772 0.005965
-0.075933 0.004952
-0.069118 0.004036
-0.062328 0.003216
-0.055561 0.002490
-0.048818 0.001859
-0.042099 0.001321
-0.035403 0.000875
-0.028730 0.000520
-0.022079 0.000255
-0.015452 0.000080
-0.008846 -0.000008
-0.005551 0.000000
-0.002257 -0.000007
0.004349 0.000081
0.010977 0.000257
0.017627 0.000522
0.024300 0.000878
0.030996 0.001324
0.037716 0.001863
0.044458 0.002495
0.051225 0.003221
0.058015 0.004041
0.064830 0.004958
0.071669 0.005972
0.078533 0.007084
0.085422 0.008295
0.092336 0.009606
0.099275 0.011019
0.106241 0.012534
0.113233 0.014153
0.120251 0.015876
0.127296 0.017706
0.134367 0.019643
0.141467 0.021688
0.148594 0.023843
0.155749 0.026109
0.162932 0.028488
0.170144 0.030980
0.177385 0.033587
0.184655 0.036311
0.191955 0.039152
0.199285 0.042113
0.206646 0.045195
0.214037 0.048399
0.221460 0.051727
0.228915 0.055181
0.236401 0.058761
0.243920 0.062471
0.251472 0.066310
0.259057 0.070282
0.266676 0.074388
0.274329 0.078630
0.282017 0.083009
0.289740 0.087527
0.297499 0.092187
0.305294 0.096990
0.313126 0.101939
0.320995 0.107035
0.328901 0.112280
0.336846 0.117677
0.344830 0.123229
0.352853 0.128936
0.360916 0.134802
0.369020 0.140829
0.377165 0.147019
0.385352 0.153375
0.393582 0.159873
0.401854 0.166568
0.410171 0.173437
0.418532 0.180482
0.426938 0.187707
0.435391 0.195115
0.443890 0.202708
0.452437 0.210489
0.461033 0.218462
0.469677 0.226631
0.478372 0.234997
0.487118 0.243565
0.495915 0.252339
0.504766 0.261322
0.513670 0.270518
0.522629 0.279931
0.531644 0.289565
0.540716 0.299424
0.549846 0.309512
0.559035 0.319835
0.568284 0.330395
0.577595 0.341199
0.586968 0.352251
0.596405 0.363556
0.605908 0.375119
0.615477 0.386946
0.625114 0.399043
0.634821 0.411415
0.644599 0.424068
0.654450 0.437009
0.664375 0.450244
0.674377 0.463780
0.684456 0.477623
0.694614 0.491782
0.704855 0.506263
0.715179 0.521075
0.725588 0.536226
0.736086 0.551724
0.746673 0.567579
0.757353 0.583799
0.768128 0.600395
0.779001 0.617376
0.789973 0.634754
0.801049 0.652539
0.812231 0.670743
0.823522 0.689378
0.834925 0.708458
0.846444 0.727996
0.858082 0.748005
0.869844 0.768502
0.881732 0.789501
0.893752 0.811020
0.905908 0.833076
0.918205 0.855688
0.930647 0.878876
0.943239 0.902659
0.955989 0.927062
0.968900 0.952107
0.981981 0.977820
0.995237 1.004228
1.008676 1.031358
1.022305 1.059243
1.036134 1.087916
1.050170 1.117411
1.064425 1.147767
1.078907 1.179026
1.093629 1.211232
1.108602 1.244433
1.123841 1.278684
1.139359 1.314040
1.155173 1.350567
1.171300 1.388332
1.187760 1.427414
1.204574 1.467896
1.221766 1.509874
1.239362 1.553452
1.257393 1.598750
1.275893 1.645902
1.294900 1.695060
1.314458 1.746399
1.334618 1.800121
1.355440 1.856459
1.376994 1.915691
1.399361 1.978143
1.422642 2.044211
1.446960 2.114379
1.472466 2.189248
1.499353 2.269583
1.527875 2.356381
1.558370 2.450989
1.591317 2.555292
1.627422 2.672091
1.667817 2.805863
1.714533 2.964641
1.772006 3.165975
1.855482 3.470178
