-1.883721 3.483528
-1.800122 3.177950
-1.742564 2.975712
-1.695779 2.816224
-1.655324 2.681857
-1.619166 2.564541
-1.586171 2.459776
-1.555631 2.364753
-1.527067 2.277573
-1.500140 2.196888
-1.474596 2.121693
-1.450242 2.051221
-1.426927 1.984867
-1.404526 1.922145
-1.382941 1.862660
-1.362089 1.806080
-1.341899 1.752130
-1.322312 1.700573
-1.303277 1.651206
-1.284750 1.603855
-1.266692 1.558367
-1.249069 1.514605
-1.231852 1.472452
-1.215013 1.431801
-1.198529 1.392558
-1.182378 1.354636
-1.166541 1.317959
-1.151000 1.282457
-1.135739 1.248067
-1.120743 1.214730
-1.106000 1.182394
-1.091496 1.151009
-1.077221 1.120530
-1.063164 1.090917
-1.049314 1.062130
-1.035665 1.034134
-1.022206 1.006896
-1.008930 0.980384
-0.995831 0.954571
-0.982900 0.929428
-0.970132 0.904930
-0.957520 0.881055
-0.945060 0.857779
-0.932746 0.835082
-0.920572 0.812943
-0.908534 0.791344
-0.896628 0.770267
-0.884849 0.749696
-0.873193 0.729614
-0.861657 0.710067
-0.850237 0.690919
-0.838930 0.672218
-0.827732 0.653950
-0.816640 0.636103
-0.805651 0.618666
-0.794762 0.601628
-0.783971 0.584977
-0.773275 0.568704
-0.762672 0.552871
-0.752159 0.537321
-0.741734 0.522121
-0.731395 0.507262
-0.721140 0.492735
-0.710966 0.478532
-0.700872 0.464646
-0.690856 0.451070
-0.680916 0.437796
-0.671051 0.424817
-0.661259 0.412128
-0.651537 0.399721
-0.641886 0.387591
-0.632302 0.375732
-0.622786 0.364138
-0.613334 0.352803
-0.603947 0.341723
-0.594623 0.330892
-0.585360 0.320305
-0.576158 0.309958
-0.567015 0.299846
-0.557929 0.289964
-0.548901 0.280308
-0.539929 0.270874
-0.531011 0.261658
-0.522148 0.252655
-0.513337 0.243863
-0.504578 0.235277
-0.495871 0.226893
-0.487213 0.218709
-0.478605 0.210720
-0.470046 0.202924
-0.461534 0.195317
-0.453069 0.187896
-0.444650 0.180659
-0.436276 0.173601
-0.427948 0.166720
-0.419663 0.160014
-0.411421 0.153479
-0.403222 0.147114
-0.395065 0.140914
-0.386949 0.134879
-0.378874 0.129005
-0.370839 0.123290
-0.362844 0.117731
-0.354887 0.112327
-0.346969 0.107075
-0.339088 0.101973
-0.331245 0.097019
-0.323438 0.092210
-0.315668 0.087545
-0.307934 0.083022
-0.300234 0.078638
-0.292570 0.074393
-0.284940 0.070283
-0.277343 0.066307
-0.269780 0.062464
-0.262250 0.058752
-0.254753 0.055168
-0.247287 0.051712
-0.239853 0.048382
-0.232451 0.045175
-0.225080 0.042092
-0.217739 0.039129
-0.210428 0.036286
-0.203147 0.033560
-0.195895 0.030952
-0.188672 0.028459
-0.181479 0.026079
-0.174313 0.023845
-0.167176 0.021689
-0.160066 0.019642
-0.152984 0.017703
-0.145928 0.015872
-0.138900 0.014148
-0.131898 0.012528
-0.124922 0.011012
-0.117972 0.009599
-0.111048 0.008287
-0.104149 0.007076
-0.097275 0.005964
-0.090426 0.004950
-0.083601 0.004033
-0.076801 0.003213
-0.070024 0.002488
-0.063271 0.001856
-0.056542 0.001318
-0.049836 0.000872
-0.043153 0.000518
-0.036493 0.000253
-0.029855 0.000078
-0.023240 -0.000008
-0.019941 0.000000
-0.016641 -0.000007
-0.010026 0.000082
-0.003388 0.000259
0.003272 0.000526
0.009955 0.000883
0.016661 0.001331
0.023390 0.001872
0.030143 0.002505
0.036919 0.003233
0.043720 0.004056
0.050545 0.004975
0.057394 0.005991
0.064268 0.007105
0.071167 0.008319
0.078091 0.009633
0.085041 0.011049
0.092017 0.012567
0.099019 0.014189
0.106047 0.015916
0.113102 0.017749
0.120185 0.019690
0.127295 0.021739
0.134432 0.023898
0.141597 0.026168
0.148791 0.028551
0.156014 0.031048
0.163265 0.033659
0.170547 0.036388
0.177857 0.039234
0.185198 0.042200
0.192570 0.045287
0.199972 0.048497
0.207406 0.051809
0.214871 0.055268
0.222369 0.058855
0.229899 0.062570
0.237462 0.066416
0.245058 0.070395
0.252689 0.074508
0.260353 0.078757
0.268053 0.083143
0.275787 0.087670
0.283557 0.092338
0.291364 0.097149
0.299207 0.102107
0.307088 0.107212
0.315006 0.112467
0.322962 0.117874
0.330958 0.123436
0.338993 0.129154
0.347068 0.135031
0.355184 0.141069
0.363341 0.147272
0.371540 0.153640
0.379782 0.160178
0.388066 0.166887
0.396395 0.173771
0.404769 0.180831
0.413188 0.188072
0.421653 0.195518
0.430164 0.203128
0.438724 0.210927
0.447332 0.218919
0.455990 0.227106
0.464697 0.235492
0.473456 0.244082
0.482267 0.252877
0.491130 0.261882
0.500048 0.271102
0.509020 0.280539
0.518048 0.290198
0.527133 0.300083
0.536277 0.310198
0.545479 0.320549
0.554742 0.331138
0.564066 0.341973
0.573453 0.353056
0.582905 0.364394
0.592421 0.375991
0.602005 0.387854
0.611656 0.399987
0.621377 0.412397
0.631170 0.425090
0.641035 0.438072
0.650975 0.451349
0.660991 0.464929
0.671085 0.478818
0.681259 0.493025
0.691514 0.507555
0.701853 0.522418
0.712278 0.537622
0.722791 0.553175
0.733394 0.569086
0.744090 0.585240
0.754881 0.601897
0.765770 0.618943
0.776758 0.636361
0.787851 0.654209
0.799049 0.672480
0.810356 0.691184
0.821776 0.710334
0.833312 0.729945
0.844968 0.750031
0.856747 0.770606
0.868653 0.791687
0.880691 0.813290
0.892864 0.835434
0.905179 0.858135
0.917639 0.881416
0.930251 0.905296
0.943019 0.929798
0.955949 0.954946
0.969049 0.980765
0.982325 1.007282
0.995784 1.034526
1.009433 1.062527
1.023282 1.091320
1.037340 1.120939
1.051615 1.151423
1.066119 1.182814
1.080862 1.215157
1.095858 1.248500
1.111119 1.282897
1.126660 1.318406
1.142497 1.355090
1.158648 1.393018
1.175132 1.432269
1.191971 1.472928
1.209188 1.515088
1.226811 1.558857
1.244868 1.604355
1.263395 1.651714
1.282430 1.701089
1.302017 1.752655
1.322208 1.806615
1.343060 1.863205
1.364645 1.922701
1.387046 1.985433
1.410361 2.051798
1.434715 2.122283
1.460258 2.197490
1.487186 2.278151
1.515749 2.365342
1.546290 2.460379
1.579285 2.565157
1.615443 2.682489
1.655898 2.816874
1.702683 2.976383
1.760241 3.178647
1.843840 3.484263
