-1.858386 3.475947
-1.774827 3.171014
-1.717297 2.969203
-1.670535 2.810052
-1.630100 2.675969
-1.593960 2.558901
-1.560981 2.454359
-1.530455 2.359537
-1.501906 2.272543
-1.474991 2.192029
-1.449460 2.116994
-1.425119 2.046672
-1.401814 1.980459
-1.379425 1.917872
-1.357851 1.858513
-1.337008 1.802054
-1.316828 1.748219
-1.297250 1.696772
-1.278225 1.647512
-1.259707 1.600262
-1.241658 1.554871
-1.224044 1.511203
-1.206835 1.469141
-1.190005 1.428577
-1.173529 1.389418
-1.157386 1.351578
-1.141556 1.314980
-1.126023 1.279555
-1.110769 1.245239
-1.095781 1.211974
-1.081044 1.179707
-1.066548 1.148390
-1.052279 1.117977
-1.038229 1.088428
-1.024387 1.059704
-1.010744 1.031768
-0.997292 1.004589
-0.984022 0.978135
-0.970929 0.952378
-0.958005 0.927290
-0.945243 0.902846
-0.932638 0.879023
-0.920184 0.855798
-0.907875 0.833151
-0.895707 0.811061
-0.883675 0.789509
-0.871775 0.768479
-0.860002 0.747954
-0.848352 0.727917
-0.836822 0.708354
-0.825407 0.689250
-0.814105 0.670644
-0.802912 0.652418
-0.791826 0.634612
-0.780842 0.617214
-0.769959 0.600215
-0.759173 0.583602
-0.748483 0.567366
-0.737885 0.551497
-0.727377 0.535985
-0.716957 0.520822
-0.706623 0.505998
-0.696373 0.491507
-0.686204 0.477339
-0.676115 0.463567
-0.666104 0.450021
-0.656169 0.436777
-0.646309 0.423829
-0.636521 0.411168
-0.626804 0.398790
-0.617157 0.386688
-0.607579 0.374856
-0.598067 0.363289
-0.588620 0.351980
-0.579238 0.340926
-0.569918 0.330120
-0.560660 0.319558
-0.551462 0.309235
-0.542323 0.299146
-0.533242 0.289287
-0.524218 0.279654
-0.515250 0.270242
-0.506337 0.261047
-0.497478 0.252066
-0.488672 0.243294
-0.479917 0.234728
-0.471214 0.226365
-0.462561 0.218200
-0.453957 0.210230
-0.445401 0.202452
-0.436894 0.194863
-0.428433 0.187460
-0.420018 0.180239
-0.411649 0.173198
-0.403324 0.166334
-0.395043 0.159643
-0.386805 0.153124
-0.378610 0.146774
-0.370457 0.140589
-0.362346 0.134568
-0.354274 0.128708
-0.346243 0.123006
-0.338252 0.117461
-0.330299 0.112070
-0.322385 0.106830
-0.314508 0.101740
-0.306669 0.096797
-0.298866 0.092000
-0.291099 0.087346
-0.283369 0.082833
-0.275673 0.078460
-0.268012 0.074225
-0.260386 0.070125
-0.252793 0.066158
-0.245234 0.062324
-0.237707 0.058621
-0.230214 0.055046
-0.222752 0.051598
-0.215322 0.048275
-0.207923 0.045076
-0.200555 0.041999
-0.193218 0.039044
-0.185910 0.036207
-0.178633 0.033488
-0.171385 0.030886
-0.164166 0.028398
-0.156975 0.026024
-0.149813 0.023762
-0.142679 0.021645
-0.135573 0.019603
-0.128494 0.017669
-0.121443 0.015842
-0.114418 0.014121
-0.107419 0.012505
-0.100447 0.010992
-0.093500 0.009582
-0.086579 0.008273
-0.079684 0.007064
-0.072813 0.005954
-0.065967 0.004943
-0.059146 0.004028
-0.052349 0.003209
-0.045575 0.002485
-0.038826 0.001855
-0.032100 0.001317
-0.025397 0.000872
-0.018718 0.000518
-0.012061 0.000254
-0.005426 0.000079
0.001186 -0.000008
0.004484 0.000000
0.007781 -0.000007
0.014393 0.000081
0.021028 0.000258
0.027685 0.000523
0.034365 0.000879
0.041067 0.001326
0.047793 0.001864
0.054543 0.002496
0.061316 0.003221
0.068113 0.004042
0.074934 0.004958
0.081780 0.005971
0.088651 0.007083
0.095546 0.008293
0.102467 0.009603
0.109414 0.011015
0.116386 0.012529
0.123385 0.014147
0.130410 0.015869
0.137462 0.017697
0.144540 0.019633
0.151647 0.021677
0.158781 0.023830
0.165943 0.026094
0.173133 0.028471
0.180352 0.030961
0.187600 0.033566
0.194878 0.036288
0.202185 0.039127
0.209522 0.042085
0.216890 0.045165
0.224289 0.048366
0.231719 0.051691
0.239181 0.055142
0.246675 0.058720
0.254201 0.062426
0.261760 0.066242
0.269353 0.070211
0.276979 0.074314
0.284640 0.078552
0.292336 0.082928
0.300067 0.087443
0.307833 0.092100
0.315636 0.096900
0.323475 0.101845
0.331352 0.106938
0.339266 0.112180
0.347219 0.117574
0.355210 0.123123
0.363242 0.128827
0.371313 0.134690
0.379424 0.140714
0.387578 0.146924
0.395773 0.153278
0.404010 0.159800
0.412291 0.166470
0.420616 0.173337
0.428985 0.180381
0.437400 0.187605
0.445861 0.195037
0.454368 0.202629
0.462924 0.210410
0.471528 0.218384
0.480181 0.226552
0.488884 0.234920
0.497639 0.243489
0.506445 0.252265
0.515304 0.261250
0.524217 0.270449
0.533185 0.279865
0.542209 0.289502
0.551290 0.299365
0.560429 0.309458
0.569627 0.319786
0.578885 0.330353
0.588205 0.341163
0.597587 0.352222
0.607034 0.363535
0.616546 0.375107
0.626125 0.386944
0.635771 0.399051
0.645488 0.411434
0.655276 0.424100
0.665136 0.436950
0.675071 0.450195
0.685082 0.463744
0.695171 0.477602
0.705340 0.491777
0.715590 0.506246
0.725924 0.521074
0.736344 0.536242
0.746852 0.551759
0.757450 0.567633
0.768141 0.583873
0.778926 0.600491
0.789809 0.617495
0.800793 0.634897
0.811880 0.652708
0.823072 0.670940
0.834374 0.689604
0.845789 0.708714
0.857319 0.728284
0.868969 0.748327
0.880742 0.768859
0.892642 0.789895
0.904674 0.811453
0.916842 0.833550
0.929151 0.856204
0.941605 0.879436
0.954210 0.903266
0.966972 0.927717
0.979896 0.952812
0.992990 0.978577
1.006259 1.005038
1.019711 1.032225
1.033354 1.060168
1.047196 1.088900
1.061247 1.118458
1.075515 1.148878
1.090012 1.180204
1.104748 1.212479
1.119736 1.245753
1.134990 1.280078
1.150523 1.315513
1.166353 1.352120
1.182496 1.389970
1.198972 1.429139
1.215802 1.469713
1.233011 1.511786
1.250625 1.555465
1.268674 1.600867
1.287192 1.648129
1.306218 1.697402
1.325795 1.748861
1.345975 1.802709
1.366818 1.859182
1.388392 1.918555
1.410782 1.981157
1.434086 2.047386
1.458428 2.117724
1.483959 2.192777
1.510873 2.273310
1.539422 2.360324
1.569948 2.455168
1.602927 2.559734
1.639067 2.676828
1.679502 2.810941
1.726265 2.970127
1.783795 3.171923
1.867353 3.476918
