-0.173627 2.890972
-0.165836 2.695191
-0.160472 2.561489
-0.156112 2.453561
-0.152342 2.360834
-0.148973 2.278465
-0.145898 2.203943
-0.143052 2.135162
-0.140390 2.071214
-0.137881 2.011285
-0.135500 1.954769
-0.133231 1.901203
-0.131058 1.850223
-0.128971 1.801535
-0.126959 1.754900
-0.125016 1.710117
-0.123134 1.666940
-0.121309 1.625382
-0.119535 1.585244
-0.117809 1.546419
-0.116126 1.508814
-0.114484 1.472349
-0.112879 1.436951
-0.111310 1.402557
-0.109774 1.369108
-0.108269 1.336553
-0.106793 1.304846
-0.105344 1.273944
-0.103922 1.243809
-0.102525 1.214406
-0.101151 1.185703
-0.099799 1.157671
-0.098469 1.130281
-0.097159 1.103510
-0.095868 1.077333
-0.094596 1.051729
-0.093342 1.026678
-0.092105 1.002162
-0.090884 0.978163
-0.089679 0.954664
-0.088489 0.931650
-0.087314 0.909108
-0.086153 0.887022
-0.085005 0.865381
-0.083871 0.844173
-0.082749 0.823386
-0.081640 0.803009
-0.080542 0.783033
-0.079456 0.763447
-0.078381 0.744243
-0.077316 0.725411
-0.076263 0.706944
-0.075219 0.688834
-0.074185 0.671072
-0.073161 0.653652
-0.072147 0.636567
-0.071141 0.619810
-0.070144 0.603376
-0.069156 0.587257
-0.068177 0.571625
-0.067205 0.556106
-0.066242 0.540738
-0.065286 0.525827
-0.064338 0.511205
-0.063397 0.496867
-0.062464 0.482930
-0.061537 0.469024
-0.060618 0.455511
-0.059706 0.442264
-0.058800 0.429414
-0.057900 0.416554
-0.057007 0.404083
-0.056120 0.391927
-0.055240 0.379889
-0.054365 0.368160
-0.053496 0.356857
-0.052633 0.345536
-0.051775 0.334506
-0.050923 0.323718
-0.048399 0.292686
-0.047568 0.282782
-0.046742 0.273212
-0.045921 0.263723
-0.045105 0.254447
-0.044293 0.245381
-0.043486 0.236518
-0.042684 0.227857
-0.041886 0.219396
-0.041093 0.211083
-0.040304 0.203034
-0.039520 0.195178
-0.038739 0.187710
-0.037963 0.180223
-0.037191 0.172921
-0.036423 0.165805
-0.035659 0.158866
-0.034899 0.152109
-0.034143 0.145530
-0.033390 0.139125
-0.032641 0.132892
-0.031896 0.126829
-0.031155 0.120935
-0.030417 0.115207
-0.029683 0.109643
-0.028952 0.104242
-0.028224 0.099002
-0.027500 0.093920
-0.026779 0.088995
-0.026062 0.084225
-0.025348 0.079543
-0.024636 0.075081
-0.023929 0.070769
-0.023224 0.066603
-0.022522 0.062582
-0.021823 0.058705
-0.021128 0.055166
-0.020435 0.051555
-0.019745 0.048082
-0.019058 0.044746
-0.018374 0.041546
-0.017693 0.038478
-0.017014 0.035543
-0.016338 0.032737
-0.015665 0.029959
-0.014995 0.027417
-0.014327 0.024999
-0.013662 0.022703
-0.012999 0.020528
-0.012339 0.018473
-0.011682 0.016535
-0.011027 0.014713
-0.010375 0.013005
-0.009724 0.011410
-0.009077 0.009927
-0.008432 0.008553
-0.007789 0.007288
-0.007148 0.006129
-0.006510 0.005263
-0.005874 0.004278
-0.005240 0.003400
-0.004609 0.002532
-0.003979 0.001885
-0.003352 0.001496
-0.002727 0.000989
-0.002104 0.000650
-0.001484 0.000323
-0.000865 0.000134
-0.000249 0.000012
0.000059 0.000000
0.000366 0.000021
0.000983 0.000160
0.001601 0.000366
0.002222 0.000705
0.002845 0.001051
0.003470 0.001562
0.004097 0.001952
0.004726 0.002792
0.005358 0.003442
0.005991 0.004296
0.006627 0.005246
0.007266 0.006080
0.007906 0.007185
0.008549 0.008384
0.009194 0.009677
0.009842 0.011065
0.010492 0.012548
0.011145 0.014126
0.011800 0.015800
0.012457 0.017570
0.013117 0.019437
0.013780 0.021401
0.014445 0.023461
0.015112 0.025620
0.015783 0.027876
0.016456 0.030341
0.017132 0.032882
0.017810 0.035371
0.018492 0.038037
0.019176 0.040802
0.019863 0.043668
0.020552 0.046637
0.021245 0.049492
0.021941 0.052644
0.022640 0.056028
0.023341 0.059254
0.024046 0.062776
0.024754 0.066343
0.025465 0.070012
0.026897 0.077635
0.027618 0.081611
0.028342 0.085691
0.029069 0.089875
0.029800 0.094165
0.030534 0.098559
0.031272 0.103059
0.032014 0.107666
0.032759 0.112378
0.033508 0.117198
0.034260 0.122124
0.035017 0.127159
0.035777 0.132301
0.036541 0.137552
0.037309 0.142912
0.038081 0.148382
0.038857 0.153961
0.039637 0.159651
0.040422 0.165452
0.041211 0.171364
0.042004 0.177387
0.042802 0.183524
0.043604 0.189773
0.044411 0.196135
0.045222 0.202611
0.046038 0.209203
0.046859 0.215909
0.047685 0.222733
0.048516 0.229517
0.049353 0.236570
0.050194 0.243741
0.051040 0.251031
0.051893 0.258442
0.052750 0.265973
0.053613 0.273626
0.054482 0.281401
0.055357 0.289300
0.056238 0.297322
0.057125 0.305470
0.058018 0.313744
0.058917 0.322145
0.059823 0.330675
0.060736 0.339335
0.061655 0.348126
0.062581 0.357049
0.063515 0.366106
0.064455 0.375299
0.065403 0.384628
0.066359 0.394096
0.067323 0.403705
0.068294 0.413456
0.069274 0.423350
0.070262 0.433391
0.071259 0.443579
0.072264 0.453918
0.073279 0.464409
0.074303 0.475055
0.075337 0.485858
0.076380 0.496820
0.077434 0.507841
0.078498 0.519130
0.079573 0.530588
0.080659 0.542219
0.081757 0.554026
0.082867 0.566009
0.083988 0.578178
0.085123 0.590535
0.086271 0.603085
0.087432 0.615830
0.088607 0.628778
0.089797 0.641933
0.091002 0.655301
0.092223 0.668724
0.093460 0.682517
0.094714 0.696541
0.095986 0.710803
0.097277 0.725296
0.098587 0.740057
0.099917 0.755082
0.101268 0.770380
0.102642 0.785964
0.104040 0.801928
0.105462 0.818125
0.106910 0.834656
0.108386 0.851521
0.109891 0.868578
0.111427 0.886160
0.112997 0.904138
0.114601 0.922535
0.116243 0.941376
0.117926 0.960692
0.119653 0.980515
0.121427 1.000883
0.123252 1.021839
0.125133 1.043433
0.127077 1.065723
0.129088 1.088777
0.131176 1.112676
0.133348 1.137517
0.135618 1.163421
0.137998 1.190533
0.140508 1.218833
0.143169 1.248965
0.146016 1.281069
0.149090 1.315698
0.152460 1.353378
0.156230 1.395283
0.160590 1.443383
0.165954 1.501979
0.173744 1.585654
