-1.815527 3.479279
-1.733644 3.174045
-1.677267 2.972040
-1.631442 2.812740
-1.591818 2.678533
-1.556402 2.561358
-1.524085 2.456722
-1.494171 2.361816
-1.466194 2.274745
-1.439819 2.194161
-1.414800 2.119061
-1.390947 2.048678
-1.368109 1.982409
-1.346169 1.919769
-1.325027 1.860361
-1.304603 1.803855
-1.284827 1.749975
-1.265642 1.698486
-1.246998 1.649185
-1.228851 1.601897
-1.211164 1.556468
-1.193903 1.512766
-1.177040 1.470670
-1.160546 1.430140
-1.144401 1.390948
-1.128581 1.353076
-1.113069 1.316447
-1.097847 1.280992
-1.082899 1.246647
-1.068212 1.213355
-1.053771 1.181061
-1.039565 1.149718
-1.025583 1.119280
-1.011814 1.089706
-0.998249 1.060958
-0.984880 1.032999
-0.971697 1.005798
-0.958694 0.979322
-0.945863 0.953543
-0.933198 0.928434
-0.920692 0.903969
-0.908340 0.880126
-0.896135 0.856881
-0.884073 0.834214
-0.872149 0.812105
-0.860359 0.790585
-0.848697 0.769535
-0.837160 0.748990
-0.825744 0.728933
-0.814445 0.709351
-0.803259 0.690227
-0.792184 0.671550
-0.781215 0.653306
-0.770351 0.635482
-0.759588 0.618068
-0.748923 0.601051
-0.738353 0.584421
-0.727877 0.568168
-0.717492 0.552281
-0.707194 0.536753
-0.696983 0.521573
-0.686857 0.506733
-0.676812 0.492225
-0.666847 0.478041
-0.656960 0.464173
-0.647150 0.450613
-0.637414 0.437356
-0.627751 0.424394
-0.618160 0.411720
-0.608638 0.399328
-0.599185 0.387213
-0.589798 0.375367
-0.580477 0.363787
-0.571219 0.352466
-0.562025 0.341398
-0.552892 0.330619
-0.543819 0.320043
-0.534806 0.309707
-0.525850 0.299605
-0.516952 0.289734
-0.508109 0.280088
-0.499321 0.270663
-0.490586 0.261456
-0.481905 0.252463
-0.473275 0.243679
-0.464696 0.235102
-0.456167 0.226727
-0.447687 0.218550
-0.439256 0.210569
-0.430872 0.202781
-0.422535 0.195181
-0.414244 0.187767
-0.405998 0.180536
-0.397796 0.173485
-0.389638 0.166610
-0.381523 0.159910
-0.373451 0.153382
-0.365420 0.147022
-0.357431 0.140828
-0.349482 0.134798
-0.341572 0.128929
-0.333702 0.123219
-0.325871 0.117666
-0.318078 0.112266
-0.310322 0.107019
-0.302603 0.101921
-0.294921 0.096971
-0.287275 0.092166
-0.279664 0.087505
-0.272088 0.082986
-0.264547 0.078606
-0.257040 0.074364
-0.249566 0.070258
-0.242126 0.066285
-0.234718 0.062445
-0.227342 0.058736
-0.219999 0.055156
-0.212687 0.051702
-0.205406 0.048374
-0.198155 0.045171
-0.190935 0.042089
-0.183745 0.039129
-0.176584 0.036288
-0.169452 0.033565
-0.162350 0.030958
-0.155275 0.028466
-0.148229 0.026089
-0.141211 0.023823
-0.134220 0.021669
-0.127256 0.019624
-0.120319 0.017688
-0.113409 0.015859
-0.106524 0.014137
-0.099666 0.012519
-0.092834 0.011004
-0.086026 0.009593
-0.079244 0.008282
-0.072487 0.007072
-0.065754 0.005961
-0.059045 0.004948
-0.052361 0.004032
-0.045700 0.003212
-0.039063 0.002487
-0.032449 0.001857
-0.025857 0.001319
-0.019289 0.000873
-0.012743 0.000518
-0.006220 0.000254
0.000282 0.000079
0.006761 -0.000008
0.009993 0.000000
0.013224 -0.000007
0.019704 0.000081
0.026205 0.000258
0.032729 0.000524
0.039275 0.000880
0.045843 0.001328
0.052434 0.001867
0.059048 0.002500
0.065686 0.003227
0.072346 0.004048
0.079031 0.004966
0.085740 0.005981
0.092472 0.007094
0.099230 0.008306
0.106012 0.009618
0.112819 0.011032
0.119652 0.012549
0.126510 0.014169
0.133394 0.015894
0.140305 0.017725
0.147242 0.019663
0.154205 0.021710
0.161196 0.023866
0.168215 0.026134
0.175261 0.028514
0.182335 0.031008
0.189438 0.033617
0.196569 0.036311
0.203730 0.039153
0.210920 0.042115
0.218141 0.045198
0.225391 0.048403
0.232672 0.051732
0.239984 0.055186
0.247328 0.058767
0.254703 0.062478
0.262111 0.066319
0.269552 0.070292
0.277025 0.074399
0.284532 0.078641
0.292074 0.083022
0.299649 0.087542
0.307260 0.092203
0.314906 0.097008
0.322589 0.101958
0.330307 0.107056
0.338063 0.112303
0.345856 0.117702
0.353688 0.123255
0.361558 0.128965
0.369467 0.134833
0.377416 0.140862
0.385406 0.147055
0.393437 0.153413
0.401509 0.159941
0.409624 0.166639
0.417782 0.173512
0.425983 0.180561
0.434229 0.187790
0.442521 0.195202
0.450858 0.202799
0.459242 0.210586
0.467673 0.218564
0.476153 0.226737
0.484681 0.235109
0.493260 0.243683
0.501890 0.252463
0.510572 0.261453
0.519306 0.270655
0.528094 0.280075
0.536937 0.289716
0.545836 0.299583
0.554791 0.309680
0.563805 0.320010
0.572878 0.330580
0.582011 0.341393
0.591205 0.352455
0.600462 0.363770
0.609783 0.375345
0.619170 0.387183
0.628624 0.399292
0.638145 0.411676
0.647737 0.424343
0.657400 0.437297
0.667135 0.450546
0.676946 0.464097
0.686832 0.477956
0.696797 0.492131
0.706842 0.506630
0.716969 0.521459
0.727180 0.536629
0.737477 0.552146
0.747863 0.568021
0.758339 0.584263
0.768908 0.600880
0.779573 0.617884
0.790336 0.635285
0.801201 0.653052
0.812169 0.671281
0.823245 0.689942
0.834430 0.709049
0.845729 0.728614
0.857145 0.748652
0.868683 0.769179
0.880344 0.790209
0.892135 0.811760
0.904059 0.833849
0.916121 0.856496
0.928325 0.879719
0.940678 0.903540
0.953184 0.927980
0.965849 0.953065
0.978680 0.978818
0.991683 1.005267
1.004865 1.032441
1.018235 1.060371
1.031800 1.089089
1.045568 1.118631
1.059550 1.149035
1.073756 1.180344
1.088197 1.212601
1.102885 1.245856
1.117833 1.280161
1.133055 1.315574
1.148567 1.352159
1.164386 1.389985
1.180532 1.429129
1.197025 1.469676
1.213889 1.511721
1.231150 1.555370
1.248837 1.600740
1.266983 1.647967
1.285628 1.697204
1.304812 1.748625
1.324588 1.802432
1.345013 1.858767
1.366155 1.918090
1.388095 1.980638
1.410932 2.046807
1.434786 2.117082
1.459805 2.192065
1.486179 2.272522
1.514157 2.359452
1.544070 2.454201
1.576388 2.558661
1.611804 2.675634
1.651428 2.809604
1.697253 2.968616
1.753629 3.170242
1.835512 3.474881
