0.000000 0.000000
0.000000 2.517613
0.000000 0.384688
0.000000 0.536850
0.000000 2.523078
0.000000 6.355662
0.000000 7.428480
0.000000 3.470973
0.000000 1.971825
0.000000 2.545664
0.000000 4.773559
0.000000 8.874713
0.000000 9.641387
0.000000 6.317918
0.000000 5.441220
0.000000 6.489821
0.000000 7.081909
0.000000 8.978484
0.000000 5.709553
0.000000 0.441528
0.000000 19.882078
0.000000 12.993555
0.000000 8.510753
0.000000 7.033504
0.000000 8.123297
0.000000 11.060979
0.000000 13.264234
0.000000 7.173651
0.000000 3.509996
0.000000 2.593356
0.000000 3.986330
0.000000 7.232058
0.000000 8.915036
0.000000 3.644791
0.000000 0.797146
0.000000 2.145133
0.000000 13.345505
