-1.876596 3.531771
-1.792835 3.222015
-1.735165 3.016967
-1.688289 2.855267
-1.647756 2.719039
-1.611528 2.600099
-1.578469 2.493887
-1.547870 2.397551
-1.519251 2.309168
-1.492272 2.227370
-1.466679 2.151139
-1.442278 2.079696
-1.418917 2.012428
-1.396473 1.948844
-1.374847 1.888540
-1.353954 1.831183
-1.333724 1.776491
-1.314099 1.724298
-1.295028 1.674252
-1.276465 1.626249
-1.258372 1.580134
-1.240715 1.535771
-1.223465 1.493039
-1.206594 1.451829
-1.190078 1.412046
-1.173895 1.373603
-1.158028 1.336422
-1.142456 1.300433
-1.127166 1.265571
-1.112141 1.231776
-1.097369 1.198995
-1.082837 1.167180
-1.068534 1.136283
-1.054450 1.106263
-1.040574 1.077081
-1.026898 1.048701
-1.013413 1.021089
-1.000112 0.994214
-0.986987 0.968046
-0.974031 0.942558
-0.961238 0.917724
-0.948603 0.893521
-0.936118 0.869926
-0.923780 0.846917
-0.911582 0.824474
-0.899521 0.802578
-0.887592 0.781211
-0.875790 0.760357
-0.864112 0.739999
-0.852554 0.720122
-0.841112 0.700711
-0.829783 0.681753
-0.818563 0.663234
-0.807449 0.645142
-0.796439 0.627465
-0.785529 0.610192
-0.774718 0.593312
-0.764001 0.576814
-0.753377 0.560689
-0.742844 0.544927
-0.732399 0.529518
-0.722040 0.514455
-0.711765 0.499729
-0.701571 0.485331
-0.691458 0.471254
-0.681422 0.457490
-0.671463 0.444033
-0.661579 0.430876
-0.651768 0.418011
-0.642027 0.405433
-0.632357 0.393135
-0.622755 0.381111
-0.613220 0.369356
-0.603751 0.357864
-0.594345 0.346630
-0.585003 0.335648
-0.575722 0.324913
-0.566502 0.314442
-0.557341 0.304187
-0.548238 0.294166
-0.539193 0.284374
-0.530203 0.274807
-0.521268 0.265461
-0.512387 0.256331
-0.503560 0.247414
-0.494784 0.238707
-0.486060 0.230204
-0.477385 0.221904
-0.468761 0.213802
-0.460185 0.205895
-0.451656 0.198180
-0.443175 0.190654
-0.434740 0.183313
-0.426350 0.176154
-0.418005 0.169175
-0.409704 0.162374
-0.401447 0.155746
-0.393232 0.149289
-0.385059 0.143001
-0.376927 0.136879
-0.368837 0.130921
-0.360786 0.125124
-0.352775 0.119486
-0.344803 0.114004
-0.336870 0.108677
-0.328974 0.103501
-0.321115 0.098476
-0.313294 0.093598
-0.305508 0.088865
-0.297759 0.084277
-0.290045 0.079830
-0.282365 0.075523
-0.274720 0.071354
-0.267109 0.067321
-0.259532 0.063422
-0.251987 0.059656
-0.244475 0.056020
-0.236995 0.052514
-0.229547 0.049135
-0.222130 0.045882
-0.214745 0.042753
-0.207389 0.039747
-0.200064 0.036862
-0.192769 0.034096
-0.185504 0.031450
-0.178267 0.028919
-0.171059 0.026505
-0.163880 0.024204
-0.156729 0.022016
-0.149605 0.019940
-0.142509 0.017974
-0.135440 0.016116
-0.128398 0.014367
-0.121383 0.012723
-0.114393 0.011185
-0.107430 0.009751
-0.100492 0.008420
-0.093580 0.007191
-0.086693 0.006062
-0.079830 0.005033
-0.072992 0.004102
-0.066179 0.003269
-0.059389 0.002533
-0.052623 0.001891
-0.045881 0.001344
-0.039162 0.000891
-0.032466 0.000530
-0.025793 0.000261
-0.019143 0.000082
-0.012514 -0.000007
-0.009209 0.000000
-0.005903 -0.000007
0.000725 0.000081
0.007376 0.000259
0.014049 0.000528
0.020745 0.000889
0.027464 0.001342
0.034206 0.001888
0.040972 0.002529
0.047761 0.003265
0.054575 0.004097
0.061413 0.005027
0.068275 0.006056
0.075163 0.007184
0.082075 0.008413
0.089013 0.009743
0.095976 0.011177
0.102965 0.012714
0.109981 0.014357
0.117023 0.016106
0.124092 0.017962
0.131188 0.019928
0.138311 0.022004
0.145463 0.024191
0.152642 0.026491
0.159850 0.028905
0.167086 0.031434
0.174352 0.034080
0.181647 0.036845
0.188972 0.039729
0.196327 0.042734
0.203713 0.045862
0.211130 0.049114
0.218578 0.052492
0.226058 0.055997
0.233570 0.059632
0.241114 0.063397
0.248692 0.067295
0.256303 0.071327
0.263948 0.075494
0.271627 0.079800
0.279342 0.084245
0.287091 0.088832
0.294876 0.093563
0.302698 0.098439
0.310556 0.103463
0.318452 0.108636
0.326386 0.113962
0.334358 0.119441
0.342369 0.125077
0.350419 0.130872
0.358510 0.136828
0.366641 0.142947
0.374814 0.149232
0.383029 0.155686
0.391287 0.162255
0.399588 0.169053
0.407933 0.176027
0.416322 0.183180
0.424757 0.190516
0.433239 0.198037
0.441767 0.205747
0.450343 0.213648
0.458968 0.221744
0.467642 0.230039
0.476367 0.238535
0.485142 0.247236
0.493970 0.256146
0.502851 0.265268
0.511786 0.274607
0.520775 0.284167
0.529821 0.293951
0.538924 0.303964
0.548085 0.314210
0.557305 0.324694
0.566586 0.335421
0.575928 0.346395
0.585333 0.357621
0.594803 0.369104
0.604338 0.380850
0.613940 0.392865
0.623610 0.405153
0.633350 0.417722
0.643162 0.430577
0.653046 0.443724
0.663005 0.457170
0.673040 0.470922
0.683154 0.484988
0.693347 0.499374
0.703623 0.514088
0.713982 0.529139
0.724427 0.544534
0.734960 0.560283
0.745584 0.576394
0.756300 0.592877
0.767112 0.609743
0.778022 0.627000
0.789032 0.644661
0.800145 0.662736
0.811365 0.681238
0.822695 0.700178
0.834137 0.719571
0.845695 0.739429
0.857373 0.759767
0.869175 0.780601
0.881104 0.801947
0.893165 0.823821
0.905362 0.846241
0.917701 0.869227
0.930185 0.892798
0.942821 0.916976
0.955614 0.941783
0.968570 0.967244
0.981695 0.993384
0.994996 1.020189
1.008481 1.047769
1.022157 1.076117
1.036033 1.105265
1.050117 1.135250
1.064420 1.166110
1.078952 1.197888
1.093724 1.230629
1.108748 1.264382
1.124039 1.299202
1.139610 1.335146
1.155478 1.372280
1.171660 1.410674
1.188176 1.450405
1.205047 1.491561
1.222298 1.534236
1.239955 1.578540
1.258047 1.624592
1.276610 1.672528
1.295682 1.722504
1.315307 1.774698
1.335536 1.829313
1.356429 1.886589
1.378056 1.946806
1.400500 2.010298
1.423861 2.077465
1.448261 2.148801
1.473854 2.224915
1.500834 2.306587
1.529452 2.394829
1.560052 2.491010
1.593111 2.597048
1.629339 2.715789
1.669872 2.851784
1.716748 3.013200
1.774417 3.217877
1.858178 3.527127
