-1.870671 3.481654
-1.787065 3.176252
-1.729501 2.974130
-1.682712 2.814734
-1.642253 2.680444
-1.606092 2.563195
-1.573094 2.458490
-1.542551 2.363521
-1.513985 2.276392
-1.487055 2.195752
-1.461509 2.120600
-1.437153 2.050168
-1.413835 1.983852
-1.391433 1.921166
-1.369846 1.861714
-1.348992 1.805166
-1.328800 1.751247
-1.309211 1.699718
-1.290174 1.650380
-1.271646 1.603056
-1.253586 1.557593
-1.235962 1.513856
-1.218743 1.471727
-1.201903 1.431098
-1.185418 1.391877
-1.169265 1.353976
-1.153426 1.317320
-1.137884 1.281838
-1.122621 1.247467
-1.107625 1.214149
-1.092880 1.181830
-1.078375 1.150463
-1.064098 1.120001
-1.050040 1.090404
-1.036189 1.061633
-1.022538 1.033652
-1.009078 1.006429
-0.995802 0.979932
-0.982701 0.954133
-0.969769 0.929004
-0.957000 0.904520
-0.944387 0.880658
-0.931926 0.857395
-0.919610 0.834710
-0.907435 0.812583
-0.895396 0.790996
-0.883489 0.769931
-0.871709 0.749371
-0.860052 0.729300
-0.848515 0.709704
-0.837094 0.690568
-0.825786 0.671878
-0.814587 0.653621
-0.803493 0.635786
-0.792504 0.618360
-0.781614 0.601357
-0.770822 0.584716
-0.760126 0.568453
-0.749521 0.552556
-0.739008 0.537018
-0.728582 0.521829
-0.718242 0.506980
-0.707985 0.492463
-0.697811 0.478271
-0.687716 0.464394
-0.677699 0.450828
-0.667758 0.437563
-0.657892 0.424594
-0.648099 0.411913
-0.638376 0.399515
-0.628724 0.387393
-0.619140 0.375542
-0.609622 0.363956
-0.600170 0.352629
-0.590782 0.341557
-0.581457 0.330733
-0.572193 0.320154
-0.562990 0.309814
-0.553846 0.299708
-0.544760 0.289833
-0.535731 0.280184
-0.526758 0.270756
-0.517839 0.261546
-0.508975 0.252550
-0.500164 0.243763
-0.491404 0.235183
-0.482696 0.226805
-0.474038 0.218626
-0.465429 0.210642
-0.456868 0.202851
-0.448356 0.195249
-0.439890 0.187833
-0.431470 0.180600
-0.423096 0.173547
-0.414767 0.166671
-0.406481 0.159969
-0.398239 0.153438
-0.390039 0.147076
-0.381881 0.140881
-0.373765 0.134849
-0.365689 0.128979
-0.357653 0.123267
-0.349657 0.117712
-0.341699 0.112311
-0.333780 0.107062
-0.325899 0.101963
-0.318055 0.097011
-0.310248 0.092205
-0.302477 0.087543
-0.294742 0.083022
-0.287042 0.078641
-0.279377 0.074397
-0.271746 0.070289
-0.264149 0.066316
-0.256585 0.062475
-0.249054 0.058764
-0.241556 0.055182
-0.234090 0.051728
-0.226656 0.048399
-0.219252 0.045194
-0.211880 0.042111
-0.204539 0.039149
-0.197227 0.036307
-0.189945 0.033583
-0.182693 0.030975
-0.175470 0.028483
-0.168275 0.026104
-0.161109 0.023838
-0.153971 0.021682
-0.146861 0.019637
-0.139778 0.017700
-0.132722 0.015870
-0.125693 0.014147
-0.118690 0.012528
-0.111714 0.011013
-0.104763 0.009600
-0.097838 0.008289
-0.090939 0.007079
-0.084064 0.005967
-0.077214 0.004953
-0.070389 0.004037
-0.063588 0.003217
-0.056811 0.002491
-0.050058 0.001860
-0.043328 0.001322
-0.036621 0.000875
-0.029938 0.000520
-0.023277 0.000255
-0.016639 0.000080
-0.010023 -0.000008
-0.006723 0.000000
-0.003423 -0.000007
0.003193 0.000081
0.009831 0.000257
0.016492 0.000522
0.023175 0.000878
0.029882 0.001325
0.036612 0.001864
0.043365 0.002496
0.050142 0.003222
0.056943 0.004043
0.063769 0.004960
0.070618 0.005974
0.077493 0.007086
0.084393 0.008298
0.091318 0.009610
0.098268 0.011023
0.105245 0.012539
0.112247 0.014158
0.119276 0.015882
0.126332 0.017713
0.133415 0.019650
0.140525 0.021696
0.147663 0.023852
0.154830 0.026120
0.162024 0.028499
0.169247 0.030992
0.176500 0.033601
0.183781 0.036326
0.191093 0.039169
0.198434 0.042131
0.205807 0.045189
0.213210 0.048394
0.220644 0.051724
0.228110 0.055178
0.235608 0.058761
0.243139 0.062472
0.250703 0.066313
0.258300 0.070287
0.265931 0.074395
0.273596 0.078638
0.281296 0.083020
0.289031 0.087541
0.296802 0.092204
0.304609 0.097010
0.312453 0.101962
0.320335 0.107061
0.328254 0.112310
0.336211 0.117711
0.344207 0.123267
0.352243 0.128979
0.360319 0.134849
0.368435 0.140881
0.376593 0.147077
0.384793 0.153438
0.393035 0.159969
0.401321 0.166671
0.409650 0.173547
0.418025 0.180601
0.426444 0.187834
0.434910 0.195250
0.443423 0.202852
0.451983 0.210643
0.460592 0.218626
0.469250 0.226805
0.477958 0.235183
0.486718 0.243763
0.495529 0.252549
0.504394 0.261545
0.513312 0.270755
0.522285 0.280182
0.531314 0.289831
0.540400 0.299706
0.549544 0.309811
0.558748 0.320151
0.568011 0.330730
0.577336 0.341553
0.586724 0.352625
0.596176 0.363952
0.605694 0.375537
0.615278 0.387388
0.624931 0.399509
0.634653 0.411906
0.644446 0.424586
0.654312 0.437555
0.664253 0.450819
0.674270 0.464385
0.684365 0.478260
0.694539 0.492452
0.704796 0.506968
0.715136 0.521816
0.725562 0.537004
0.736076 0.552541
0.746680 0.568437
0.757376 0.584700
0.768168 0.601339
0.779058 0.618367
0.790048 0.635792
0.801141 0.653627
0.812340 0.671883
0.823649 0.690572
0.835070 0.709707
0.846607 0.729303
0.858263 0.749373
0.870043 0.769932
0.881950 0.790996
0.893989 0.812582
0.906164 0.834708
0.918480 0.857392
0.930941 0.880654
0.943554 0.904516
0.956323 0.928998
0.969255 0.954126
0.982356 0.979925
0.995633 1.006421
1.009093 1.033643
1.022743 1.061623
1.036594 1.090393
1.050652 1.119988
1.064929 1.150449
1.079434 1.181815
1.094179 1.214133
1.109176 1.247450
1.124438 1.281819
1.139981 1.317300
1.155819 1.353955
1.171972 1.391854
1.188457 1.431074
1.205297 1.471701
1.222516 1.513828
1.240140 1.557563
1.258200 1.603025
1.276728 1.650347
1.295765 1.699684
1.315354 1.751210
1.335546 1.805128
1.356400 1.861673
1.377987 1.921122
1.400390 1.983805
1.423707 2.050119
1.448063 2.120548
1.473609 2.195697
1.500539 2.276334
1.529105 2.363459
1.559648 2.458425
1.592646 2.563125
1.628808 2.680369
1.669266 2.814653
1.716055 2.974044
1.773619 3.176157
1.857225 3.481546
