-1.847325 3.479204
-1.763857 3.174159
-1.706389 2.972270
-1.659678 2.813054
-1.619286 2.678915
-1.583185 2.561796
-1.550242 2.457206
-1.519749 2.362340
-1.491231 2.275305
-1.464346 2.194751
-1.438842 2.119678
-1.414527 2.049320
-1.391248 1.983072
-1.368883 1.920451
-1.347332 1.861059
-1.326512 1.804568
-1.306353 1.750702
-1.286797 1.699225
-1.267792 1.649934
-1.249294 1.602656
-1.231265 1.557236
-1.213670 1.513541
-1.196480 1.471451
-1.179667 1.430860
-1.163209 1.391674
-1.147084 1.353808
-1.131271 1.317185
-1.115755 1.281734
-1.100518 1.247393
-1.085545 1.214146
-1.070825 1.181853
-1.056344 1.150510
-1.042091 1.120073
-1.028056 1.090498
-1.014229 1.061749
-1.000601 1.033790
-0.987163 1.006587
-0.973908 0.980109
-0.960829 0.954328
-0.947919 0.929216
-0.935171 0.904749
-0.922579 0.880902
-0.910138 0.857654
-0.897843 0.834982
-0.885688 0.812869
-0.873670 0.791294
-0.861782 0.770240
-0.850022 0.749690
-0.838384 0.729629
-0.826867 0.710042
-0.815465 0.690913
-0.804175 0.672230
-0.792994 0.653980
-0.781920 0.636151
-0.770948 0.618730
-0.760076 0.601706
-0.749303 0.585069
-0.738624 0.568809
-0.728037 0.552915
-0.717541 0.537379
-0.707132 0.522191
-0.696809 0.507343
-0.686570 0.492850
-0.676412 0.478654
-0.666334 0.464775
-0.656334 0.451207
-0.646410 0.437942
-0.636560 0.424973
-0.626783 0.412294
-0.617077 0.399873
-0.607440 0.387750
-0.597872 0.375896
-0.588370 0.364307
-0.578934 0.352976
-0.569561 0.341900
-0.560252 0.331073
-0.551004 0.320489
-0.541816 0.310144
-0.532687 0.300034
-0.523616 0.290154
-0.514602 0.280500
-0.505643 0.271067
-0.496740 0.261852
-0.487890 0.252850
-0.479093 0.244058
-0.470349 0.235471
-0.461655 0.227088
-0.453011 0.218968
-0.444416 0.210978
-0.435870 0.203179
-0.427372 0.195570
-0.418920 0.188146
-0.410514 0.180905
-0.402154 0.173844
-0.393838 0.166960
-0.385566 0.160250
-0.377338 0.153711
-0.369152 0.147341
-0.361007 0.141138
-0.352904 0.135098
-0.344842 0.129220
-0.336819 0.123500
-0.328836 0.117937
-0.320892 0.112528
-0.312986 0.107271
-0.305118 0.102164
-0.297287 0.097205
-0.289493 0.092391
-0.281735 0.087722
-0.274013 0.083193
-0.266326 0.078805
-0.258673 0.074554
-0.251055 0.070440
-0.243470 0.066459
-0.235919 0.062611
-0.228401 0.058894
-0.220915 0.055305
-0.213462 0.051844
-0.206040 0.048509
-0.198649 0.045298
-0.191289 0.042209
-0.183959 0.039242
-0.176660 0.036394
-0.169390 0.033664
-0.162150 0.031051
-0.154939 0.028553
-0.147756 0.026192
-0.140602 0.023921
-0.133476 0.021760
-0.126377 0.019709
-0.119306 0.017767
-0.112262 0.015933
-0.105245 0.014204
-0.098254 0.012581
-0.091289 0.011061
-0.084350 0.009644
-0.077436 0.008329
-0.070548 0.007114
-0.063685 0.005999
-0.056847 0.004981
-0.050033 0.004061
-0.043243 0.003238
-0.036477 0.002509
-0.029735 0.001875
-0.023016 0.001334
-0.016321 0.000885
-0.009648 0.000527
-0.002999 0.000260
0.003629 0.000082
0.010234 -0.000007
0.013528 0.000000
0.016822 -0.000008
0.023427 0.000078
0.030054 0.000253
0.036704 0.000517
0.043376 0.000872
0.050072 0.001318
0.056791 0.001857
0.063533 0.002488
0.070298 0.003214
0.077088 0.004035
0.083902 0.004952
0.090741 0.005966
0.097604 0.007079
0.104492 0.008291
0.111405 0.009603
0.118344 0.011017
0.125309 0.012534
0.132300 0.014155
0.139318 0.015845
0.146362 0.017675
0.153433 0.019613
0.160532 0.021659
0.167658 0.023815
0.174812 0.026082
0.181995 0.028462
0.189206 0.030956
0.196446 0.033565
0.203716 0.036290
0.211015 0.039134
0.218344 0.042097
0.225704 0.045181
0.233095 0.048388
0.240517 0.051719
0.247971 0.055175
0.255457 0.058759
0.262975 0.062471
0.270526 0.066315
0.278110 0.070290
0.285729 0.074400
0.293381 0.078646
0.301068 0.083029
0.308791 0.087552
0.316549 0.092217
0.324343 0.097025
0.332174 0.101979
0.340042 0.107081
0.347948 0.112332
0.355892 0.117735
0.363875 0.123293
0.371897 0.129007
0.379960 0.134880
0.388063 0.140914
0.396207 0.147112
0.404393 0.153475
0.412622 0.160008
0.420894 0.166712
0.429209 0.173590
0.437570 0.180645
0.445975 0.187880
0.454427 0.195298
0.462926 0.202902
0.471472 0.210694
0.480066 0.218679
0.488710 0.226859
0.497404 0.235238
0.506149 0.243819
0.514946 0.252606
0.523796 0.261603
0.532699 0.270750
0.541657 0.280175
0.550671 0.289822
0.559742 0.299695
0.568871 0.309797
0.578059 0.320134
0.587307 0.330709
0.596617 0.341529
0.605989 0.352597
0.615426 0.363919
0.624927 0.375500
0.634496 0.387345
0.644132 0.399460
0.653838 0.411851
0.663615 0.424524
0.673465 0.437420
0.683389 0.450675
0.693390 0.464231
0.703468 0.478095
0.713625 0.492276
0.723865 0.506780
0.734188 0.521615
0.744596 0.536790
0.755093 0.552313
0.765679 0.568193
0.776358 0.584440
0.787132 0.601063
0.798003 0.618073
0.808975 0.635480
0.820050 0.653296
0.831230 0.671532
0.842520 0.690200
0.853922 0.709313
0.865440 0.728886
0.877077 0.748931
0.888838 0.769465
0.900725 0.790503
0.912744 0.812062
0.924899 0.834159
0.937194 0.856814
0.949635 0.880045
0.962226 0.903874
0.974974 0.928324
0.987885 0.953417
1.000964 0.979180
1.014219 1.005639
1.027656 1.032823
1.041284 1.060763
1.055112 1.089492
1.069147 1.119046
1.083400 1.149462
1.097881 1.180784
1.112601 1.213054
1.127573 1.246322
1.142810 1.280641
1.158327 1.316069
1.174139 1.352670
1.190265 1.390512
1.206723 1.429676
1.223535 1.470241
1.240725 1.512305
1.258320 1.555973
1.276350 1.601364
1.294848 1.648613
1.313853 1.697873
1.333409 1.749319
1.353567 1.803152
1.374387 1.859608
1.395938 1.918964
1.418303 1.981547
1.441583 2.047755
1.465898 2.118071
1.491401 2.193098
1.518286 2.273603
1.546805 2.360587
1.577297 2.455396
1.610241 2.559923
1.646342 2.676972
1.686733 2.811031
1.733445 2.970153
1.790913 3.171923
1.874380 3.476787
