-1.711244 2.870418
-1.429493 1.992162
-1.235507 1.480558
-1.077828 1.120421
-0.941485 0.849421
-0.819623 0.639508
-0.708421 0.475042
-0.605492 0.345788
-0.509225 0.244242
-0.418473 0.165316
-0.332384 0.105137
-0.250306 0.060764
-0.171726 0.029720
-0.096231 0.010297
-0.023484 0.001111
0.011948 0.000000
0.047381 0.001115
0.120128 0.010350
0.195623 0.029960
0.274203 0.061299
0.356281 0.106344
0.442369 0.167381
0.533121 0.247224
0.629388 0.350117
0.732318 0.481231
0.843519 0.647840
0.965382 0.860123
1.101725 1.133979
1.259404 1.497748
1.453390 2.014358
1.735141 2.900921
