-1.865158 3.475759
-1.781646 3.171023
-1.724148 2.969337
-1.677412 2.810281
-1.637000 2.676276
-1.600879 2.559275
-1.567919 2.454791
-1.537411 2.360020
-1.508877 2.273071
-1.481978 2.192598
-1.456461 2.117601
-1.432133 2.047313
-1.408842 1.981131
-1.386465 1.918572
-1.364902 1.859240
-1.344072 1.802806
-1.323903 1.748993
-1.304336 1.697567
-1.285321 1.648326
-1.266814 1.601095
-1.248775 1.555720
-1.231171 1.512068
-1.213972 1.470020
-1.197151 1.429470
-1.180684 1.390323
-1.164550 1.352495
-1.148729 1.315908
-1.133204 1.280492
-1.117959 1.246185
-1.102979 1.212929
-1.088251 1.180670
-1.073763 1.149359
-1.059502 1.118953
-1.045460 1.089410
-1.031626 1.060691
-1.017990 1.032760
-1.004545 1.005585
-0.991284 0.979135
-0.978198 0.953380
-0.965280 0.928295
-0.952526 0.903853
-0.939928 0.880031
-0.927480 0.856807
-0.915179 0.834159
-0.903018 0.812068
-0.890993 0.790515
-0.879099 0.769483
-0.867332 0.748955
-0.855689 0.728914
-0.844165 0.709347
-0.832757 0.690238
-0.821461 0.671575
-0.810275 0.653343
-0.799195 0.635532
-0.788217 0.618128
-0.777340 0.601122
-0.766560 0.584502
-0.755876 0.568258
-0.745284 0.552381
-0.734782 0.536860
-0.724368 0.521688
-0.714040 0.506855
-0.703795 0.492353
-0.693632 0.478175
-0.683549 0.464312
-0.673543 0.450758
-0.663614 0.437505
-0.653759 0.424547
-0.643976 0.411876
-0.634265 0.399488
-0.624624 0.387375
-0.615050 0.375533
-0.605544 0.363954
-0.596102 0.352634
-0.586725 0.341568
-0.577411 0.330751
-0.568158 0.320177
-0.558965 0.309842
-0.549831 0.299741
-0.540755 0.289870
-0.531737 0.280224
-0.522774 0.270800
-0.513866 0.261593
-0.505011 0.252599
-0.496210 0.243814
-0.487460 0.235236
-0.478762 0.226859
-0.470114 0.218682
-0.461515 0.210699
-0.452964 0.202909
-0.444461 0.195307
-0.436005 0.187892
-0.427595 0.180658
-0.419230 0.173605
-0.410910 0.166728
-0.402634 0.160026
-0.394401 0.153494
-0.386210 0.147132
-0.378062 0.140935
-0.369955 0.134902
-0.361888 0.129031
-0.353861 0.123318
-0.345874 0.117761
-0.337926 0.112358
-0.330016 0.107108
-0.322144 0.102007
-0.314309 0.097053
-0.306510 0.092246
-0.298748 0.087581
-0.291022 0.083059
-0.283331 0.078675
-0.275674 0.074430
-0.268052 0.070320
-0.260463 0.066345
-0.252908 0.062502
-0.245386 0.058789
-0.237897 0.055205
-0.230439 0.051749
-0.223013 0.048443
-0.215618 0.045236
-0.208255 0.042151
-0.200921 0.039187
-0.193618 0.036343
-0.186345 0.033616
-0.179101 0.031006
-0.171886 0.028512
-0.164699 0.026131
-0.157541 0.023863
-0.150411 0.021705
-0.143309 0.019658
-0.136234 0.017719
-0.129186 0.015888
-0.122165 0.014163
-0.115171 0.012543
-0.108202 0.011026
-0.101260 0.009612
-0.094343 0.008300
-0.087451 0.007088
-0.080584 0.005975
-0.073742 0.004960
-0.066924 0.004043
-0.060131 0.003222
-0.053362 0.002495
-0.046616 0.001863
-0.039894 0.001324
-0.033195 0.000877
-0.026519 0.000522
-0.019866 0.000256
-0.013235 0.000080
-0.006627 -0.000007
-0.003331 0.000000
-0.000035 -0.000007
0.006574 0.000080
0.013204 0.000256
0.019858 0.000522
0.026534 0.000877
0.033233 0.001324
0.039955 0.001863
0.046700 0.002496
0.053470 0.003222
0.060263 0.004043
0.067081 0.004961
0.073923 0.005975
0.080789 0.007088
0.087681 0.008300
0.094598 0.009613
0.101541 0.011026
0.108509 0.012543
0.115504 0.014163
0.122525 0.015888
0.129573 0.017720
0.136648 0.019658
0.143750 0.021706
0.150880 0.023863
0.158038 0.026131
0.165224 0.028511
0.172439 0.031006
0.179683 0.033616
0.186957 0.036342
0.194260 0.039186
0.201593 0.042150
0.208957 0.045235
0.216352 0.048442
0.223778 0.051773
0.231235 0.055230
0.238725 0.058814
0.246247 0.062527
0.253802 0.066370
0.261390 0.070346
0.269013 0.074456
0.276669 0.078701
0.284360 0.083085
0.292087 0.087608
0.299849 0.092272
0.307647 0.097080
0.315482 0.102034
0.323354 0.107135
0.331264 0.112386
0.339213 0.117789
0.347200 0.123346
0.355226 0.129059
0.363293 0.134931
0.371400 0.140964
0.379549 0.147161
0.387739 0.153523
0.395972 0.160055
0.404248 0.166758
0.412569 0.173635
0.420933 0.180688
0.429343 0.187922
0.437799 0.195338
0.446302 0.202940
0.454853 0.210730
0.463452 0.218713
0.472100 0.226891
0.480799 0.235267
0.489548 0.243846
0.498350 0.252631
0.507204 0.261625
0.516112 0.270832
0.525075 0.280257
0.534094 0.289903
0.543170 0.299774
0.552303 0.309875
0.561496 0.320211
0.570749 0.330785
0.580064 0.341603
0.589441 0.352669
0.598882 0.363989
0.608389 0.375568
0.617962 0.387411
0.627604 0.399524
0.637315 0.411912
0.647097 0.424583
0.656952 0.437541
0.666882 0.450795
0.676887 0.464349
0.686970 0.478212
0.697133 0.492391
0.707378 0.506893
0.717706 0.521727
0.728120 0.536899
0.738622 0.552420
0.749214 0.568298
0.759899 0.584542
0.770679 0.601163
0.781556 0.618169
0.792533 0.635573
0.803613 0.653385
0.814800 0.671617
0.826096 0.690281
0.837504 0.709391
0.849028 0.728958
0.860671 0.748999
0.872437 0.769528
0.884331 0.790561
0.896356 0.812114
0.908517 0.834205
0.920819 0.856854
0.933266 0.880078
0.945864 0.903901
0.958619 0.928343
0.971536 0.953429
0.984622 0.979184
0.997884 1.005609
1.011329 1.032784
1.024964 1.060715
1.038798 1.089434
1.052841 1.118978
1.067101 1.149384
1.081590 1.180694
1.096318 1.212954
1.111298 1.246210
1.126543 1.280517
1.142068 1.315933
1.157888 1.352520
1.174022 1.390349
1.190489 1.429496
1.207310 1.470046
1.224509 1.512094
1.242113 1.555746
1.260152 1.601120
1.278660 1.648352
1.297675 1.697593
1.317241 1.749019
1.337410 1.802832
1.358241 1.859266
1.379803 1.918598
1.402180 1.981157
1.425472 2.047338
1.449800 2.117626
1.475316 2.192624
1.502216 2.273096
1.530749 2.360044
1.561258 2.454815
1.594218 2.559299
1.630338 2.676300
1.670751 2.810304
1.717487 2.969358
1.774985 3.171043
1.858496 3.475778
