-0.222815 2.631971
-0.186372 2.120609
-0.161280 1.756834
-0.140885 1.458389
-0.123250 1.201532
-0.107487 0.976507
-0.093104 0.778041
-0.079790 0.603721
-0.067338 0.451800
-0.055600 0.322021
-0.044465 0.214221
-0.033848 0.128402
-0.023684 0.064760
-0.013919 0.022916
-0.004510 0.002479
0.000073 0.000000
0.004656 0.002679
0.014066 0.024291
0.023831 0.069667
0.033995 0.141235
0.044611 0.240866
0.055747 0.370279
0.067485 0.531137
0.079937 0.725339
0.093250 0.955454
0.107634 1.225075
0.123396 1.540623
0.141032 1.912459
0.161427 2.360217
0.186518 2.928308
0.222962 3.771350
