-1.044609 2.954435
-0.836229 2.137104
-0.692760 1.638230
-0.576142 1.272465
-0.475305 0.987712
-0.385177 0.758193
-0.302933 0.569697
-0.226808 0.415864
-0.155610 0.292343
-0.088491 0.195570
-0.024821 0.122168
0.035883 0.069101
0.094000 0.032777
0.149835 0.011006
0.203638 0.001199
0.229843 0.000000
0.256048 0.001156
0.309851 0.009913
0.365686 0.027785
0.423803 0.054563
0.484507 0.091136
0.548177 0.139600
0.615296 0.201023
0.686494 0.277971
0.762619 0.372354
0.844863 0.488704
0.934991 0.632905
1.035828 0.815864
1.152446 1.058045
1.295915 1.400846
1.504295 1.986956
