-1.849200 3.470676
-1.765759 3.166492
-1.708310 2.965170
-1.661613 2.806398
-1.621235 2.672632
-1.585146 2.555838
-1.552214 2.451537
-1.521731 2.356932
-1.493222 2.270135
-1.466345 2.189801
-1.440850 2.114933
-1.416543 2.044766
-1.393271 1.978698
-1.370914 1.916245
-1.349370 1.857013
-1.328557 1.800674
-1.308405 1.746952
-1.288855 1.695611
-1.269856 1.646452
-1.251364 1.599299
-1.233341 1.553999
-1.215751 1.510418
-1.198567 1.468439
-1.181760 1.427954
-1.165307 1.388871
-1.149187 1.351103
-1.133380 1.314574
-1.117868 1.279215
-1.102636 1.244962
-1.087669 1.211758
-1.072953 1.179549
-1.058477 1.148288
-1.044229 1.117929
-1.030198 1.088431
-1.016376 1.059755
-1.002752 1.031867
-0.989319 1.004733
-0.976068 0.978322
-0.962993 0.952606
-0.950087 0.927558
-0.937343 0.903151
-0.924756 0.879363
-0.912319 0.856172
-0.900028 0.833556
-0.887877 0.811496
-0.875862 0.789972
-0.863979 0.768968
-0.852222 0.748467
-0.840589 0.728452
-0.829075 0.708910
-0.817676 0.689825
-0.806390 0.671184
-0.795213 0.652974
-0.784142 0.635183
-0.773174 0.617800
-0.762306 0.600813
-0.751536 0.584211
-0.740861 0.567985
-0.730277 0.552124
-0.719784 0.536619
-0.709379 0.521462
-0.699060 0.506643
-0.688824 0.492155
-0.678669 0.477990
-0.668595 0.464140
-0.658598 0.450597
-0.648677 0.437356
-0.638830 0.424408
-0.629056 0.411748
-0.619353 0.399369
-0.609720 0.387266
-0.600155 0.375432
-0.590656 0.363861
-0.581223 0.352550
-0.571854 0.341491
-0.562547 0.330680
-0.553302 0.320113
-0.544117 0.309784
-0.534991 0.299689
-0.525923 0.289823
-0.516912 0.280183
-0.507956 0.270763
-0.499056 0.261561
-0.490209 0.252571
-0.481415 0.243791
-0.472673 0.235216
-0.463982 0.226843
-0.455341 0.218668
-0.446749 0.210689
-0.438206 0.202901
-0.429710 0.195302
-0.421261 0.187889
-0.412858 0.180658
-0.404501 0.173629
-0.396188 0.166754
-0.387919 0.160053
-0.379693 0.153523
-0.371509 0.147162
-0.363368 0.140966
-0.355267 0.134934
-0.347207 0.129063
-0.339188 0.123351
-0.331207 0.117795
-0.323266 0.112393
-0.315363 0.107143
-0.307497 0.102042
-0.299669 0.097089
-0.291877 0.092281
-0.284121 0.087617
-0.276402 0.083094
-0.268717 0.078711
-0.261067 0.074466
-0.253451 0.070356
-0.245869 0.066380
-0.238320 0.062537
-0.230805 0.058824
-0.223321 0.055240
-0.215870 0.051783
-0.208451 0.048452
-0.201062 0.045245
-0.193705 0.042160
-0.186378 0.039196
-0.179081 0.036351
-0.171813 0.033625
-0.164576 0.031015
-0.157367 0.028520
-0.150186 0.026139
-0.143035 0.023871
-0.135911 0.021713
-0.128814 0.019666
-0.121746 0.017727
-0.114704 0.015895
-0.107689 0.014170
-0.100700 0.012549
-0.093737 0.011033
-0.086801 0.009618
-0.079889 0.008306
-0.073003 0.007093
-0.066143 0.005980
-0.059306 0.004965
-0.052495 0.004047
-0.045707 0.003226
-0.038943 0.002499
-0.032204 0.001866
-0.025487 0.001327
-0.018794 0.000880
-0.012124 0.000523
-0.005476 0.000258
0.001149 0.000081
0.007752 -0.000007
0.011045 0.000000
0.014338 -0.000008
0.020941 0.000079
0.027566 0.000255
0.034214 0.000520
0.040884 0.000875
0.047577 0.001321
0.054294 0.001859
0.061034 0.002491
0.067797 0.003216
0.074585 0.004037
0.081396 0.004954
0.088233 0.005968
0.095094 0.007080
0.101980 0.008291
0.108891 0.009602
0.115827 0.011015
0.122790 0.012531
0.129779 0.014150
0.136794 0.015874
0.143836 0.017704
0.150905 0.019642
0.158001 0.021688
0.165125 0.023844
0.172277 0.026111
0.179457 0.028490
0.186666 0.030984
0.193904 0.033592
0.201171 0.036317
0.208468 0.039160
0.215795 0.042122
0.223152 0.045205
0.230541 0.048410
0.237960 0.051740
0.245412 0.055195
0.252895 0.058777
0.260411 0.062488
0.267959 0.066329
0.275541 0.070303
0.283157 0.074410
0.290807 0.078653
0.298492 0.083034
0.306212 0.087555
0.313967 0.092216
0.321759 0.097021
0.329587 0.101972
0.337453 0.107070
0.345356 0.112317
0.353297 0.117716
0.361278 0.123244
0.369298 0.128953
0.377357 0.134821
0.385458 0.140849
0.393599 0.147041
0.401783 0.153399
0.410009 0.159925
0.418278 0.166622
0.426591 0.173493
0.434949 0.180541
0.443351 0.187768
0.451800 0.195178
0.460296 0.202772
0.468839 0.210556
0.477431 0.218531
0.486072 0.226701
0.494763 0.235069
0.503505 0.243639
0.512299 0.252415
0.521146 0.261400
0.530047 0.270597
0.539002 0.280012
0.548013 0.289647
0.557081 0.299507
0.566207 0.309597
0.575392 0.319920
0.584637 0.330482
0.593944 0.341287
0.603313 0.352339
0.612746 0.363645
0.622245 0.375209
0.631810 0.387037
0.641443 0.399134
0.651146 0.411506
0.660920 0.424159
0.670767 0.437100
0.680688 0.450335
0.690685 0.463870
0.700759 0.477713
0.710914 0.491871
0.721150 0.506351
0.731469 0.521162
0.741875 0.536312
0.752368 0.551808
0.762951 0.567661
0.773626 0.583879
0.784397 0.600473
0.795264 0.617451
0.806232 0.634826
0.817303 0.652608
0.828480 0.670809
0.839767 0.689441
0.851165 0.708517
0.862679 0.728050
0.874312 0.748055
0.886069 0.768547
0.897952 0.789542
0.909967 0.811056
0.922118 0.833106
0.934409 0.855712
0.946846 0.878894
0.959433 0.902672
0.972177 0.927068
0.985083 0.952106
0.998158 0.977812
1.011409 1.004212
1.024842 1.031336
1.038466 1.059213
1.052289 1.087878
1.066319 1.117364
1.080567 1.147712
1.095044 1.178962
1.109759 1.211158
1.124726 1.244350
1.139958 1.278590
1.155470 1.313936
1.171277 1.350452
1.187397 1.388206
1.203850 1.427275
1.220657 1.467745
1.237842 1.509709
1.255431 1.553274
1.273454 1.598558
1.291946 1.645695
1.310945 1.694837
1.330495 1.746160
1.350647 1.799863
1.371460 1.856183
1.393004 1.915395
1.415362 1.977826
1.438633 2.043872
1.462940 2.114016
1.488436 2.188859
1.515312 2.269166
1.543821 2.355935
1.574304 2.450509
1.607236 2.554776
1.643326 2.671533
1.683704 2.805256
1.730400 2.963977
1.787849 3.165237
1.871290 3.469326
