-1.852744 3.508856
-1.768896 3.200851
-1.711167 2.996876
-1.664243 2.836024
-1.623668 2.700515
-1.587403 2.582205
-1.554310 2.476557
-1.523679 2.380735
-1.495031 2.292826
-1.468023 2.211468
-1.442404 2.135648
-1.417978 2.064593
-1.394593 1.997692
-1.372126 1.934455
-1.350477 1.874483
-1.329563 1.817441
-1.309313 1.763052
-1.289667 1.711078
-1.270576 1.661313
-1.251994 1.613581
-1.233882 1.567728
-1.216208 1.523618
-1.198939 1.481129
-1.182051 1.440156
-1.165518 1.400603
-1.149319 1.362383
-1.133435 1.325419
-1.117847 1.289640
-1.102541 1.254902
-1.087501 1.221309
-1.072714 1.188725
-1.058167 1.157101
-1.043849 1.126392
-1.029750 1.096555
-1.015860 1.067747
-1.002170 1.039537
-0.988671 1.012091
-0.975356 0.985379
-0.962217 0.959371
-0.949248 0.934040
-0.936442 0.909361
-0.923794 0.885310
-0.911296 0.861865
-0.898945 0.839004
-0.886735 0.816707
-0.874662 0.794956
-0.862720 0.773733
-0.850906 0.753020
-0.839216 0.732802
-0.827646 0.713064
-0.816192 0.693791
-0.804851 0.674969
-0.793620 0.656586
-0.782494 0.638628
-0.771473 0.621084
-0.760552 0.603942
-0.749729 0.587193
-0.739002 0.570824
-0.728367 0.554827
-0.717823 0.539192
-0.707367 0.523910
-0.696997 0.508971
-0.686711 0.494369
-0.676507 0.480093
-0.666384 0.466138
-0.656338 0.452495
-0.646369 0.439157
-0.636474 0.426117
-0.626652 0.413369
-0.616902 0.400907
-0.607222 0.388723
-0.597610 0.376812
-0.588065 0.365169
-0.578586 0.353787
-0.569171 0.342662
-0.559819 0.331788
-0.550529 0.321160
-0.541299 0.310774
-0.532128 0.300624
-0.523016 0.290707
-0.513961 0.281017
-0.504962 0.271550
-0.496018 0.262303
-0.487128 0.253271
-0.478292 0.244451
-0.469507 0.235837
-0.460773 0.227428
-0.452090 0.219220
-0.443457 0.211208
-0.434872 0.203389
-0.426335 0.195761
-0.417844 0.188320
-0.409401 0.181063
-0.401002 0.173987
-0.392649 0.167089
-0.384339 0.160366
-0.376073 0.153816
-0.367850 0.147557
-0.359669 0.141339
-0.351529 0.135286
-0.343430 0.129394
-0.335371 0.123663
-0.327351 0.118088
-0.319371 0.112669
-0.311429 0.107403
-0.303526 0.102286
-0.295659 0.097319
-0.287829 0.092497
-0.280036 0.087820
-0.272279 0.083284
-0.264556 0.078889
-0.256869 0.074633
-0.249216 0.070512
-0.241597 0.066527
-0.234012 0.062674
-0.226459 0.059002
-0.218940 0.055407
-0.211452 0.051939
-0.203996 0.048598
-0.196572 0.045381
-0.189179 0.042287
-0.181816 0.039314
-0.174483 0.036462
-0.167181 0.033727
-0.159907 0.031110
-0.152663 0.028608
-0.145448 0.026220
-0.138261 0.023945
-0.131103 0.021782
-0.123972 0.019728
-0.116869 0.017784
-0.109792 0.015947
-0.102743 0.014216
-0.095720 0.012648
-0.088724 0.011122
-0.081753 0.009698
-0.074808 0.008377
-0.067889 0.007156
-0.060995 0.006036
-0.054125 0.005014
-0.047280 0.004089
-0.040459 0.003262
-0.033663 0.002529
-0.026890 0.001892
-0.020141 0.001348
-0.013415 0.000896
-0.006712 0.000536
-0.000032 0.000267
0.006625 0.000087
0.013260 -0.000005
0.016569 0.000000
0.019879 -0.000010
0.026514 0.000070
0.033171 0.000241
0.039851 0.000510
0.046554 0.000869
0.053280 0.001319
0.060029 0.001859
0.066802 0.002493
0.073598 0.003221
0.080419 0.004045
0.087264 0.004965
0.094133 0.005982
0.101028 0.007098
0.107947 0.008314
0.114892 0.009631
0.121863 0.011050
0.128859 0.012499
0.135882 0.014119
0.142931 0.015844
0.150007 0.017676
0.157111 0.019615
0.164241 0.021663
0.171400 0.023821
0.178587 0.026091
0.185802 0.028474
0.193046 0.030970
0.200319 0.033583
0.207622 0.036312
0.214954 0.039159
0.222317 0.042127
0.229711 0.045216
0.237135 0.048428
0.244591 0.051764
0.252078 0.055227
0.259598 0.058817
0.267151 0.062537
0.274736 0.066388
0.282355 0.070372
0.290008 0.074491
0.297695 0.078746
0.305417 0.083140
0.313175 0.087605
0.320968 0.092278
0.328798 0.097096
0.336664 0.102060
0.344568 0.107173
0.352510 0.112436
0.360490 0.117852
0.368509 0.123423
0.376568 0.129151
0.384667 0.135039
0.392807 0.141090
0.400988 0.147225
0.409212 0.153604
0.417478 0.160153
0.425787 0.166874
0.434141 0.173771
0.442539 0.180846
0.450983 0.188102
0.459473 0.195542
0.468010 0.203169
0.476595 0.210987
0.485229 0.218999
0.493912 0.227207
0.502646 0.235617
0.511430 0.244230
0.520267 0.253051
0.529157 0.262083
0.538101 0.271331
0.547100 0.280799
0.556155 0.290490
0.565267 0.300409
0.574438 0.310560
0.583667 0.320949
0.592958 0.331578
0.602310 0.342454
0.611725 0.353582
0.621204 0.364966
0.630749 0.376612
0.640361 0.388526
0.650041 0.400713
0.659791 0.413179
0.669613 0.425931
0.679507 0.438974
0.689476 0.452316
0.699522 0.465963
0.709646 0.479923
0.719850 0.494203
0.730136 0.508810
0.740506 0.523754
0.750962 0.539041
0.761506 0.554681
0.772140 0.570684
0.782868 0.587058
0.793691 0.603813
0.804612 0.620960
0.815633 0.638510
0.826758 0.656474
0.837990 0.674863
0.849331 0.693691
0.860785 0.712971
0.872355 0.732715
0.884045 0.752940
0.895859 0.773658
0.907800 0.794888
0.919874 0.816645
0.932084 0.838948
0.944435 0.861815
0.956932 0.885266
0.969581 0.909323
0.982387 0.934007
0.995356 0.959343
1.008495 0.985355
1.021810 1.012072
1.035308 1.039523
1.048999 1.067737
1.062889 1.096750
1.076988 1.126597
1.091305 1.157317
1.105852 1.188951
1.120640 1.221545
1.135680 1.255149
1.150986 1.289816
1.166573 1.325604
1.182457 1.362578
1.198656 1.400808
1.215189 1.440372
1.232078 1.481356
1.249346 1.523856
1.267021 1.567978
1.285133 1.613843
1.303715 1.661588
1.322806 1.711217
1.342451 1.763200
1.362701 1.817598
1.383616 1.874649
1.405265 1.934632
1.427732 1.997879
1.451117 2.064791
1.475543 2.135859
1.501162 2.211691
1.528169 2.293063
1.556818 2.380986
1.587449 2.476824
1.620542 2.582489
1.656807 2.700818
1.697382 2.836350
1.744306 2.997227
1.802035 3.201235
1.885882 3.509505
