-1.872029 3.525452
-1.788196 3.216248
-1.730478 3.011611
-1.683562 2.850230
-1.642995 2.714270
-1.606736 2.595562
-1.573649 2.489554
-1.543023 2.393403
-1.514380 2.305190
-1.487378 2.223547
-1.461763 2.147460
-1.437341 2.076151
-1.413960 2.009010
-1.391498 1.945544
-1.369853 1.885352
-1.348942 1.828101
-1.328695 1.773510
-1.309054 1.721340
-1.289966 1.671387
-1.271387 1.623473
-1.253279 1.577444
-1.235607 1.533162
-1.218342 1.490508
-1.201456 1.449374
-1.184926 1.409664
-1.168730 1.371291
-1.152849 1.334177
-1.137264 1.298253
-1.121961 1.263453
-1.106923 1.229719
-1.092139 1.196997
-1.077595 1.165238
-1.063280 1.134396
-1.049183 1.104430
-1.035296 1.075299
-1.021608 1.046969
-1.008111 1.019406
-0.994799 0.992578
-0.981663 0.966456
-0.968696 0.941012
-0.955892 0.916222
-0.943246 0.892061
-0.930751 0.868506
-0.918402 0.845537
-0.906194 0.823132
-0.894123 0.801274
-0.882183 0.779944
-0.870371 0.759126
-0.858683 0.738802
-0.847115 0.718959
-0.835663 0.699581
-0.824324 0.680655
-0.813095 0.662167
-0.801972 0.644106
-0.790953 0.626459
-0.780034 0.609215
-0.769213 0.592363
-0.758487 0.575893
-0.747854 0.559795
-0.737312 0.544059
-0.726858 0.528676
-0.716490 0.513638
-0.706206 0.498936
-0.696004 0.484561
-0.685882 0.470508
-0.675838 0.456767
-0.665870 0.443354
-0.655978 0.430217
-0.646158 0.417373
-0.636409 0.404814
-0.626731 0.392536
-0.617121 0.380531
-0.607578 0.368794
-0.598100 0.357320
-0.588687 0.346103
-0.579336 0.335139
-0.570048 0.324421
-0.560820 0.313946
-0.551651 0.303708
-0.542540 0.293703
-0.533487 0.283928
-0.524490 0.274376
-0.515547 0.265045
-0.506659 0.255930
-0.497824 0.247028
-0.489041 0.238334
-0.480309 0.229846
-0.471627 0.221559
-0.462995 0.213470
-0.454412 0.205575
-0.445876 0.197872
-0.437388 0.190358
-0.428945 0.183029
-0.420548 0.175882
-0.412196 0.168914
-0.403888 0.162123
-0.395624 0.155505
-0.387402 0.149058
-0.379222 0.142780
-0.371084 0.136668
-0.362986 0.130719
-0.354929 0.124931
-0.346911 0.119301
-0.338932 0.113828
-0.330992 0.108509
-0.323089 0.103341
-0.315224 0.098323
-0.307396 0.093453
-0.299604 0.088728
-0.291848 0.084146
-0.284127 0.079706
-0.276441 0.075406
-0.268790 0.071243
-0.261172 0.067216
-0.253588 0.063323
-0.246037 0.059563
-0.238519 0.055933
-0.231032 0.052432
-0.223578 0.049058
-0.216155 0.045810
-0.208763 0.042686
-0.201401 0.039684
-0.194070 0.036804
-0.186769 0.034043
-0.179497 0.031400
-0.172254 0.028874
-0.165040 0.026463
-0.157855 0.024166
-0.150697 0.021982
-0.143568 0.019909
-0.136466 0.017946
-0.129391 0.016091
-0.122343 0.014344
-0.115321 0.012703
-0.108326 0.011168
-0.101357 0.009736
-0.094413 0.008407
-0.087495 0.007179
-0.080602 0.006053
-0.073734 0.005025
-0.066890 0.004096
-0.060070 0.003264
-0.053275 0.002529
-0.046504 0.001888
-0.039756 0.001342
-0.033031 0.000890
-0.026329 0.000529
-0.019650 0.000260
-0.012994 0.000082
-0.006360 -0.000007
-0.003052 0.000000
0.000257 -0.000007
0.006890 0.000081
0.013547 0.000259
0.020225 0.000527
0.026927 0.000887
0.033652 0.001339
0.040400 0.001885
0.047171 0.002525
0.053967 0.003260
0.060786 0.004091
0.067630 0.005020
0.074498 0.006047
0.081391 0.007173
0.088309 0.008400
0.095253 0.009728
0.102222 0.011160
0.109218 0.012695
0.116239 0.014335
0.123287 0.016082
0.130362 0.017936
0.137464 0.019898
0.144594 0.021971
0.151751 0.024155
0.158936 0.026451
0.166150 0.028862
0.173393 0.031387
0.180665 0.034029
0.187966 0.036790
0.195297 0.039670
0.202659 0.042671
0.210051 0.045794
0.217474 0.049042
0.224928 0.052415
0.232415 0.055915
0.239933 0.059544
0.247484 0.063304
0.255068 0.067196
0.262686 0.071222
0.270337 0.075384
0.278023 0.079684
0.285744 0.084123
0.293500 0.088703
0.301292 0.093427
0.309120 0.098296
0.316985 0.103313
0.324888 0.108479
0.332828 0.113797
0.340807 0.119269
0.348825 0.124897
0.356882 0.130684
0.364980 0.136631
0.373118 0.142742
0.381298 0.149018
0.389520 0.155463
0.397785 0.162079
0.406093 0.168868
0.414445 0.175834
0.422841 0.182979
0.431284 0.190306
0.439772 0.197818
0.448308 0.205519
0.456891 0.213411
0.465524 0.221497
0.474205 0.229782
0.482937 0.238268
0.491720 0.246959
0.500555 0.255858
0.509444 0.264970
0.518386 0.274299
0.527383 0.283847
0.536437 0.293620
0.545547 0.303622
0.554716 0.313856
0.563944 0.324328
0.573233 0.335042
0.582583 0.346003
0.591996 0.357217
0.601474 0.368687
0.611017 0.380420
0.620627 0.392421
0.630306 0.404696
0.640054 0.417250
0.649874 0.430090
0.659767 0.443223
0.669734 0.456654
0.679778 0.470391
0.689900 0.484441
0.700102 0.498811
0.710386 0.513509
0.720754 0.528543
0.731208 0.543921
0.741750 0.559652
0.752383 0.575746
0.763109 0.592211
0.773930 0.609058
0.784849 0.626297
0.795868 0.643939
0.806991 0.661994
0.818221 0.680476
0.829560 0.699396
0.841012 0.718768
0.852580 0.738605
0.864268 0.758922
0.876079 0.779734
0.888019 0.801057
0.900090 0.822908
0.912298 0.845259
0.924647 0.868219
0.937142 0.891765
0.949788 0.915917
0.962592 0.940698
0.975559 0.966131
0.988695 0.992243
1.002008 1.019060
1.015504 1.046613
1.029192 1.074932
1.043079 1.104050
1.057176 1.134004
1.071491 1.164833
1.086035 1.196579
1.100820 1.229287
1.115857 1.263006
1.131161 1.297791
1.146745 1.333700
1.162627 1.370797
1.178823 1.409152
1.195353 1.448845
1.212238 1.489960
1.229503 1.532595
1.247175 1.576855
1.265283 1.622863
1.283862 1.670753
1.302950 1.720682
1.322592 1.772826
1.342838 1.827390
1.363749 1.884612
1.385394 1.944773
1.407857 2.008206
1.431237 2.075313
1.455659 2.146583
1.481274 2.222629
1.508276 2.304227
1.536919 2.392391
1.567545 2.488488
1.600632 2.594434
1.636891 2.713072
1.677458 2.848951
1.724374 3.010232
1.782093 3.214740
1.865925 3.523699
