-0.118453 4.599053
-0.109266 4.276486
-0.102941 4.054873
-0.097800 3.875215
-0.093354 3.720340
-0.089381 3.582380
-0.085755 3.456947
-0.082399 3.341299
-0.079260 3.233585
-0.076301 3.132485
-0.073494 3.037021
-0.070818 2.946442
-0.068256 2.860158
-0.065794 2.777696
-0.063422 2.698669
-0.061131 2.622756
-0.058912 2.549685
-0.056760 2.479201
-0.054668 2.411159
-0.052632 2.345553
-0.050647 2.281845
-0.048711 2.220104
-0.046819 2.160215
-0.044969 2.102072
-0.043157 2.045586
-0.041382 1.990673
-0.039642 1.937258
-0.037934 1.885273
-0.036257 1.834656
-0.034609 1.785351
-0.032989 1.737306
-0.031395 1.690472
-0.029827 1.644808
-0.028282 1.600271
-0.026760 1.556823
-0.025260 1.514431
-0.023781 1.473061
-0.022322 1.432681
-0.020883 1.393264
-0.019462 1.354783
-0.018059 1.317210
-0.016673 1.280524
-0.015304 1.244699
-0.013950 1.209715
-0.012613 1.175550
-0.011290 1.142186
-0.009981 1.109602
-0.008687 1.077781
-0.007406 1.046706
-0.006138 1.016359
-0.004884 0.986724
-0.003641 0.957787
-0.002410 0.929531
-0.001191 0.901942
0.000016 0.875007
0.001213 0.848711
0.002398 0.823041
0.003574 0.797985
0.004739 0.773529
0.005894 0.749662
0.007040 0.726372
0.008176 0.703646
0.009303 0.681474
0.010421 0.659844
0.011530 0.638702
0.012631 0.618126
0.013723 0.598060
0.014807 0.578495
0.015883 0.559616
0.016952 0.541014
0.018012 0.522882
0.019065 0.505212
0.020111 0.487993
0.021150 0.471217
0.022181 0.454875
0.023206 0.438957
0.024224 0.423456
0.025235 0.408363
0.026240 0.393669
0.027238 0.379367
0.028230 0.365447
0.029216 0.351904
0.030196 0.338728
0.031170 0.325912
0.032138 0.313449
0.033101 0.301331
0.034058 0.289552
0.035009 0.278104
0.035955 0.266980
0.036896 0.256174
0.037831 0.245679
0.038761 0.235488
0.039686 0.225596
0.040606 0.215995
0.041522 0.206680
0.042432 0.197646
0.043338 0.188885
0.044239 0.180392
0.045135 0.172162
0.046027 0.164189
0.046914 0.156468
0.047797 0.148993
0.048676 0.141760
0.049550 0.134763
0.050420 0.127997
0.051286 0.121457
0.052148 0.115139
0.053006 0.109038
0.053860 0.103150
0.054710 0.097469
0.055556 0.091992
0.056398 0.086715
0.057237 0.081633
0.058072 0.076742
0.058903 0.072038
0.059730 0.067518
0.060554 0.063177
0.061374 0.059011
0.062191 0.055018
0.063005 0.051178
0.063815 0.047519
0.064621 0.044022
0.065425 0.040880
0.066225 0.037680
0.067022 0.034633
0.067815 0.031735
0.068606 0.028984
0.069393 0.026377
0.070178 0.023910
0.070959 0.021580
0.071737 0.019386
0.072513 0.017324
0.073285 0.015391
0.074054 0.013586
0.074821 0.011904
0.075585 0.010345
0.076346 0.008904
0.077104 0.007680
0.077859 0.006456
0.078612 0.005346
0.079362 0.004346
0.080109 0.003456
0.080854 0.002673
0.081596 0.001994
0.082335 0.001419
0.083072 0.000944
0.083807 0.000615
0.084538 0.000312
0.085268 0.000112
0.085995 0.000012
0.086357 0.000000
0.086720 0.000012
0.087447 0.000110
0.088176 0.000306
0.088908 0.000601
0.089643 0.000913
0.090379 0.001365
0.091119 0.001907
0.091861 0.002539
0.092606 0.003263
0.093353 0.004077
0.094103 0.004981
0.094856 0.005976
0.095611 0.006949
0.096369 0.008106
0.097130 0.009352
0.097894 0.010687
0.098660 0.012111
0.099430 0.013624
0.100202 0.015226
0.100977 0.016918
0.101756 0.018699
0.102537 0.020570
0.103321 0.022529
0.104109 0.024578
0.104899 0.026718
0.105693 0.028947
0.106490 0.031266
0.107290 0.033675
0.108093 0.036174
0.108900 0.038763
0.109710 0.041443
0.110523 0.044214
0.111340 0.047075
0.112161 0.050027
0.112985 0.053071
0.113812 0.056003
0.114643 0.059217
0.115478 0.062570
0.116316 0.065970
0.117159 0.069462
0.118005 0.073046
0.118855 0.076723
0.119709 0.080492
0.120566 0.084355
0.121428 0.088311
0.122294 0.092360
0.123164 0.096504
0.124039 0.100742
0.124917 0.105075
0.125800 0.109503
0.126688 0.114026
0.127580 0.118645
0.128476 0.123361
0.129377 0.128174
0.130283 0.133084
0.131193 0.138092
0.132108 0.143198
0.133028 0.148403
0.133954 0.153707
0.134884 0.159112
0.135819 0.164618
0.136760 0.170225
0.137706 0.175935
0.138657 0.181749
0.139614 0.187669
0.140576 0.193696
0.141545 0.199832
0.142519 0.206078
0.143499 0.212438
0.144485 0.218784
0.145477 0.225341
0.146475 0.232007
0.147480 0.238784
0.148491 0.245673
0.149509 0.252674
0.150534 0.259790
0.151565 0.267021
0.152604 0.274370
0.153649 0.281836
0.154703 0.289423
0.155763 0.297130
0.156831 0.304960
0.157908 0.312913
0.158992 0.320993
0.160084 0.329200
0.161185 0.337536
0.162294 0.346005
0.163412 0.354606
0.164539 0.363343
0.165675 0.372216
0.166820 0.381229
0.167976 0.390384
0.169141 0.399684
0.170316 0.409133
0.171502 0.418734
0.172699 0.428493
0.173906 0.438413
0.175125 0.448274
0.176356 0.458492
0.177598 0.468914
0.178853 0.479469
0.180121 0.490196
0.181402 0.501101
0.182696 0.512186
0.184004 0.523456
0.185327 0.534918
0.186665 0.546592
0.188018 0.558414
0.190773 0.582786
0.192176 0.595283
0.193597 0.608002
0.195037 0.620955
0.196496 0.634151
0.197975 0.647596
0.199475 0.661319
0.200997 0.675273
0.202541 0.689521
0.204110 0.704067
0.205704 0.718911
0.207324 0.734072
0.208972 0.749563
0.210649 0.765401
0.212357 0.781603
0.214097 0.798188
0.215872 0.815181
0.217683 0.832597
0.219534 0.850467
0.221426 0.868819
0.223362 0.887685
0.225347 0.907102
0.227382 0.926905
0.229474 0.947517
0.231627 0.968844
0.233845 0.990888
0.236137 1.013747
0.238509 1.037501
0.240970 1.062250
0.243532 1.088107
0.246209 1.115218
0.249016 1.143767
0.251975 1.173986
0.255114 1.206170
0.258470 1.240719
0.262095 1.278195
0.266069 1.319411
0.270514 1.365800
0.275656 1.419662
0.281981 1.486267
0.291167 1.583590
