-1.847156 3.528223
-1.763542 3.218737
-1.705973 3.013915
-1.659179 2.852392
-1.618717 2.716312
-1.582552 2.597501
-1.549551 2.491403
-1.519005 2.395170
-1.490436 2.306882
-1.463504 2.225171
-1.437955 2.149067
-1.413597 2.077698
-1.390277 2.010500
-1.367873 1.946981
-1.346284 1.886739
-1.325427 1.829440
-1.305234 1.774804
-1.285643 1.722592
-1.266605 1.672598
-1.248074 1.624646
-1.230013 1.578579
-1.212387 1.534262
-1.195167 1.491574
-1.178325 1.450407
-1.161838 1.410665
-1.145684 1.372262
-1.129844 1.335120
-1.114300 1.299167
-1.099036 1.264340
-1.084038 1.230580
-1.069291 1.197833
-1.054785 1.166050
-1.040507 1.135184
-1.026447 1.105195
-1.012596 1.076043
-0.998944 1.047691
-0.985482 1.020107
-0.972204 0.993259
-0.959102 0.967117
-0.946169 0.941655
-0.933398 0.916846
-0.920785 0.892667
-0.908322 0.869095
-0.896005 0.846109
-0.883829 0.823688
-0.871789 0.801814
-0.859881 0.780469
-0.848100 0.759635
-0.836442 0.739297
-0.824904 0.719440
-0.813482 0.700048
-0.802172 0.681108
-0.790972 0.662608
-0.779878 0.644534
-0.768887 0.626875
-0.757996 0.609618
-0.747204 0.592755
-0.736506 0.576273
-0.725901 0.560163
-0.715386 0.544416
-0.704959 0.529023
-0.694618 0.513974
-0.684361 0.499262
-0.674185 0.484878
-0.664089 0.470815
-0.654072 0.457065
-0.644130 0.443621
-0.634263 0.430476
-0.624468 0.417623
-0.614745 0.405057
-0.605092 0.392771
-0.595507 0.380759
-0.585988 0.369015
-0.576535 0.357534
-0.567147 0.346310
-0.557820 0.335339
-0.548556 0.324615
-0.539352 0.314133
-0.530207 0.303889
-0.521120 0.293879
-0.512090 0.284097
-0.503116 0.274564
-0.494197 0.265226
-0.485332 0.256105
-0.476520 0.247197
-0.467759 0.238497
-0.459050 0.230003
-0.450391 0.221710
-0.441781 0.213615
-0.433220 0.205716
-0.424707 0.198008
-0.416240 0.190488
-0.407820 0.183154
-0.399445 0.176002
-0.391114 0.169029
-0.382828 0.162233
-0.374585 0.155611
-0.366384 0.149160
-0.358226 0.142877
-0.350109 0.136761
-0.342032 0.130807
-0.333995 0.125015
-0.325998 0.119382
-0.318040 0.113904
-0.310121 0.108581
-0.302239 0.103410
-0.294394 0.098388
-0.286586 0.093514
-0.278814 0.088786
-0.271078 0.084201
-0.263378 0.079758
-0.255712 0.075454
-0.248080 0.071288
-0.240482 0.067258
-0.232918 0.063363
-0.225386 0.059599
-0.217888 0.055967
-0.210421 0.052463
-0.202986 0.049087
-0.195582 0.045837
-0.188209 0.042711
-0.180867 0.039707
-0.173555 0.036825
-0.166272 0.034062
-0.159019 0.031418
-0.151795 0.028890
-0.144600 0.026478
-0.137433 0.024180
-0.130295 0.021994
-0.123184 0.019920
-0.116100 0.017955
-0.109043 0.016100
-0.102014 0.014352
-0.095010 0.012710
-0.088033 0.011174
-0.081082 0.009741
-0.074156 0.008412
-0.067256 0.007184
-0.060381 0.006056
-0.053530 0.005028
-0.046705 0.004098
-0.039903 0.003266
-0.033125 0.002530
-0.026371 0.001890
-0.019641 0.001343
-0.012933 0.000890
-0.006249 0.000530
0.000412 0.000261
0.007051 0.000082
0.013668 -0.000007
0.016968 0.000000
0.020268 -0.000007
0.026884 0.000081
0.033523 0.000259
0.040185 0.000528
0.046869 0.000888
0.053576 0.001340
0.060306 0.001886
0.067060 0.002526
0.073838 0.003261
0.080640 0.004093
0.087466 0.005022
0.094316 0.006049
0.101191 0.007176
0.108092 0.008404
0.115017 0.009733
0.121969 0.011165
0.128946 0.012701
0.135949 0.014342
0.142979 0.016089
0.150035 0.017944
0.157119 0.019908
0.164230 0.021981
0.171369 0.024166
0.178535 0.026464
0.185731 0.028875
0.192954 0.031402
0.200207 0.034046
0.207490 0.036808
0.214802 0.039689
0.222144 0.042691
0.229517 0.045816
0.236921 0.049065
0.244356 0.052440
0.251823 0.055942
0.259322 0.059573
0.266853 0.063335
0.274418 0.067229
0.282015 0.071257
0.289647 0.075421
0.297313 0.079722
0.305014 0.084163
0.312750 0.088746
0.320521 0.093472
0.328329 0.098344
0.336174 0.103363
0.344056 0.108532
0.351976 0.113852
0.359934 0.119327
0.367931 0.124957
0.375967 0.130747
0.384044 0.136697
0.392161 0.142810
0.400320 0.149090
0.408520 0.155537
0.416763 0.162156
0.425050 0.168948
0.433380 0.175917
0.441755 0.183066
0.450175 0.190396
0.458642 0.197912
0.467156 0.205616
0.475717 0.213511
0.484326 0.221601
0.492985 0.229890
0.501695 0.238379
0.510455 0.247074
0.519267 0.255978
0.528132 0.265094
0.537051 0.274426
0.546025 0.283979
0.555055 0.293756
0.564142 0.303762
0.573287 0.314000
0.582491 0.324477
0.591756 0.335143
0.601082 0.346107
0.610471 0.357324
0.619924 0.368799
0.629442 0.380535
0.639027 0.392540
0.648681 0.404819
0.658404 0.417377
0.668198 0.430222
0.678065 0.443358
0.688007 0.456794
0.698025 0.470535
0.708120 0.484589
0.718296 0.498964
0.728553 0.513666
0.738894 0.528705
0.749321 0.544088
0.759836 0.559824
0.770441 0.575923
0.781139 0.592393
0.791932 0.609245
0.802822 0.626489
0.813813 0.644135
0.824907 0.662196
0.836108 0.680683
0.847417 0.699609
0.858839 0.718986
0.870377 0.738829
0.882035 0.759151
0.893816 0.779969
0.905725 0.801298
0.917765 0.823155
0.929941 0.845558
0.942257 0.868526
0.954720 0.892079
0.967334 0.916238
0.980104 0.941026
0.993037 0.966467
1.006139 0.992586
1.019418 1.019412
1.032879 1.046972
1.046531 1.075299
1.060382 1.104426
1.074442 1.134388
1.088720 1.165183
1.103227 1.196937
1.117973 1.229653
1.132971 1.263381
1.148235 1.298174
1.163779 1.334091
1.179619 1.371197
1.195773 1.409562
1.212260 1.449263
1.229102 1.490388
1.246323 1.533032
1.263948 1.577303
1.282009 1.623320
1.300540 1.671221
1.319578 1.721160
1.339169 1.773315
1.359363 1.827890
1.380219 1.885124
1.401808 1.945297
1.424213 2.008742
1.447533 2.075861
1.471891 2.147145
1.497439 2.223204
1.524371 2.304816
1.552940 2.392996
1.583486 2.489108
1.616487 2.595070
1.652652 2.713726
1.693114 2.849625
1.739908 3.010928
1.797477 3.215461
1.881092 3.524497
