-0.210372 1.634055
-0.204785 1.532627
-0.200939 1.463403
-0.197813 1.407074
-0.195110 1.358761
-0.192693 1.315773
-0.190489 1.276899
-0.188448 1.240874
-0.186539 1.207336
-0.184740 1.175852
-0.181405 1.117792
-0.179847 1.091054
-0.178351 1.065152
-0.176908 1.040456
-0.175515 1.016892
-0.174166 0.993957
-0.172857 0.971816
-0.171585 0.950400
-0.170347 0.929645
-0.169140 0.909508
-0.167963 0.889946
-0.166812 0.870923
-0.165687 0.852404
-0.164585 0.834291
-0.163506 0.816699
-0.162448 0.799531
-0.161409 0.782951
-0.160390 0.766549
-0.159388 0.750510
-0.158402 0.734825
-0.157433 0.719471
-0.156479 0.704438
-0.155540 0.689711
-0.154615 0.675279
-0.153702 0.661132
-0.152803 0.647258
-0.151916 0.633650
-0.151041 0.620297
-0.150177 0.607189
-0.149323 0.594319
-0.148481 0.581680
-0.147648 0.569263
-0.146825 0.557063
-0.146012 0.545076
-0.145207 0.533294
-0.144412 0.521713
-0.143625 0.510326
-0.142846 0.499130
-0.142075 0.488120
-0.141312 0.477217
-0.140556 0.466564
-0.139808 0.456084
-0.139067 0.445774
-0.138332 0.435630
-0.137605 0.425848
-0.136884 0.416022
-0.136169 0.406353
-0.135460 0.396837
-0.134758 0.387472
-0.134061 0.378256
-0.133370 0.369185
-0.132685 0.360257
-0.132005 0.351470
-0.131331 0.342821
-0.130662 0.334309
-0.129997 0.325932
-0.129338 0.317686
-0.128684 0.309572
-0.128034 0.301587
-0.127389 0.293730
-0.126749 0.285837
-0.126113 0.278231
-0.125481 0.270747
-0.124854 0.263383
-0.124231 0.256140
-0.123612 0.249014
-0.122997 0.242006
-0.122386 0.235113
-0.121779 0.228335
-0.121176 0.221670
-0.120576 0.215118
-0.119980 0.208677
-0.119388 0.202346
-0.118799 0.196124
-0.118214 0.190011
-0.117632 0.184005
-0.117054 0.178106
-0.116478 0.172312
-0.115906 0.166624
-0.115338 0.161039
-0.114772 0.155558
-0.114209 0.150180
-0.113650 0.144903
-0.113093 0.139728
-0.112540 0.134654
-0.111989 0.129679
-0.111441 0.124804
-0.110896 0.120029
-0.110354 0.115351
-0.109814 0.110772
-0.109277 0.106289
-0.108743 0.101904
-0.108211 0.097615
-0.107682 0.093423
-0.107156 0.089326
-0.106631 0.085324
-0.106110 0.081417
-0.105591 0.077604
-0.105074 0.073886
-0.104559 0.070261
-0.104047 0.066730
-0.103537 0.063292
-0.103030 0.059947
-0.102524 0.056694
-0.102021 0.053534
-0.101520 0.050466
-0.101021 0.047490
-0.100524 0.044606
-0.100030 0.041813
-0.099537 0.039112
-0.099047 0.036501
-0.098558 0.033982
-0.098072 0.031553
-0.097587 0.029403
-0.097104 0.027143
-0.096624 0.024973
-0.096145 0.022895
-0.095668 0.020906
-0.095193 0.018880
-0.094720 0.017083
-0.094248 0.015377
-0.093779 0.013760
-0.093311 0.012420
-0.092845 0.010960
-0.092380 0.009591
-0.091917 0.008386
-0.091456 0.007187
-0.090997 0.006081
-0.090539 0.005068
-0.090083 0.004148
-0.089629 0.003249
-0.089176 0.002714
-0.088725 0.002037
-0.088275 0.001457
-0.087827 0.000975
-0.087381 0.000589
-0.086935 0.000355
-0.086492 0.000127
-0.086050 0.000020
-0.085829 0.000000
-0.085609 0.000021
-0.085167 0.000129
-0.084723 0.000360
-0.084278 0.000605
-0.083832 0.001006
-0.083384 0.001512
-0.082934 0.002126
-0.082483 0.002850
-0.082030 0.003469
-0.081575 0.004469
-0.081119 0.005502
-0.080662 0.006652
-0.080202 0.007922
-0.079741 0.009239
-0.079279 0.010740
-0.078814 0.012146
-0.078348 0.013869
-0.077880 0.015720
-0.077411 0.017703
-0.076939 0.019821
-0.076466 0.022078
-0.075991 0.024475
-0.075514 0.027016
-0.075035 0.029705
-0.074554 0.032545
-0.074072 0.035540
-0.073587 0.038692
-0.073101 0.042007
-0.072612 0.045640
-0.072122 0.049302
-0.071629 0.053138
-0.071134 0.057060
-0.070638 0.061248
-0.070139 0.065623
-0.069638 0.070200
-0.069135 0.075010
-0.068629 0.079971
-0.068122 0.085141
-0.067612 0.090518
-0.067100 0.096064
-0.066585 0.101886
-0.066068 0.107835
-0.065549 0.114140
-0.065027 0.120693
-0.064503 0.127511
-0.063977 0.134701
-0.063447 0.141868
-0.062916 0.149452
-0.062382 0.157308
-0.061845 0.165440
-0.061305 0.173858
-0.060763 0.182568
-0.060218 0.191578
-0.059670 0.200896
-0.059119 0.210530
-0.058565 0.220488
-0.058009 0.230845
-0.057449 0.241482
-0.056887 0.252470
-0.056321 0.263820
-0.055752 0.275541
-0.055180 0.287645
-0.054605 0.300142
-0.054027 0.313043
-0.053445 0.326360
-0.052859 0.340103
-0.052271 0.354283
-0.051678 0.368913
-0.051083 0.384012
-0.050483 0.399374
-0.049880 0.415411
-0.048662 0.449134
-0.048047 0.466732
-0.047428 0.484870
-0.046805 0.503574
-0.046177 0.522853
-0.045546 0.542724
-0.044910 0.563018
-0.044270 0.584172
-0.043625 0.605874
-0.042975 0.628333
-0.042321 0.651438
-0.041661 0.675247
-0.040997 0.699784
-0.040328 0.725068
-0.039653 0.751121
-0.038974 0.777975
-0.038288 0.805636
-0.037597 0.834135
-0.036901 0.863497
-0.036198 0.893746
-0.035490 0.924902
-0.034775 0.957005
-0.034054 0.990074
-0.033326 1.024136
-0.032592 1.059221
-0.031851 1.095356
-0.031103 1.132573
-0.030347 1.170900
-0.029584 1.210370
-0.028813 1.251012
-0.028034 1.292862
-0.027247 1.335947
-0.026452 1.380304
-0.025647 1.425969
-0.024834 1.472981
-0.024011 1.521329
-0.023178 1.571041
-0.022335 1.622203
-0.021482 1.674861
-0.020618 1.729062
-0.019743 1.784855
-0.018856 1.842062
-0.017956 1.901112
-0.017044 1.961915
-0.016119 2.024427
-0.015179 2.088742
-0.014226 2.154913
-0.013256 2.222995
-0.012271 2.293046
-0.011269 2.365129
-0.010249 2.439312
-0.009211 2.515665
-0.008153 2.594264
-0.007073 2.675200
-0.005972 2.758561
-0.004847 2.844454
-0.003696 2.932994
-0.002519 3.024312
-0.001312 3.118551
-0.000074 3.215878
0.001198 3.316481
0.002507 3.420578
0.003856 3.528426
0.005249 3.640311
0.006692 3.756587
0.008189 3.877663
0.009747 4.003851
0.011374 4.136363
0.013081 4.275214
0.014880 4.422015
0.016789 4.577786
0.018830 4.744332
0.021035 4.924135
0.023451 5.120869
0.026154 5.340430
0.029280 5.593407
0.033126 5.902963
0.038713 6.348513
