-1.854658 3.463593
-1.771289 3.160111
-1.713890 2.959250
-1.667234 2.800842
-1.626891 2.667381
-1.590833 2.550852
-1.557929 2.446787
-1.527473 2.352396
-1.498989 2.265794
-1.472136 2.185641
-1.446663 2.110940
-1.422376 2.040930
-1.399125 1.975009
-1.376787 1.912695
-1.355261 1.853594
-1.334466 1.797380
-1.314332 1.743776
-1.294799 1.692549
-1.275817 1.643497
-1.257341 1.596447
-1.239333 1.551246
-1.221759 1.507760
-1.204589 1.465872
-1.187797 1.425475
-1.171359 1.386476
-1.155252 1.348789
-1.139459 1.312339
-1.123961 1.277056
-1.108742 1.242876
-1.093788 1.209742
-1.079085 1.177602
-1.064621 1.146407
-1.050385 1.116112
-1.036367 1.086676
-1.022556 1.058061
-1.008944 1.030231
-0.995523 1.003153
-0.982284 0.976798
-0.969220 0.951135
-0.956325 0.926138
-0.943592 0.901782
-0.931016 0.878043
-0.918590 0.854898
-0.906309 0.832328
-0.894169 0.810312
-0.882165 0.788831
-0.870291 0.767868
-0.858545 0.747407
-0.846922 0.727431
-0.835418 0.707926
-0.824029 0.688878
-0.812753 0.670272
-0.801586 0.652096
-0.790524 0.634338
-0.779566 0.616987
-0.768707 0.600030
-0.757946 0.583458
-0.747280 0.567260
-0.736706 0.551427
-0.726222 0.535949
-0.715826 0.520818
-0.705515 0.506024
-0.695288 0.491560
-0.685143 0.477418
-0.675077 0.463614
-0.665088 0.450093
-0.655176 0.436872
-0.645338 0.423944
-0.635572 0.411304
-0.625878 0.398943
-0.616253 0.386858
-0.606696 0.375041
-0.597206 0.363487
-0.587781 0.352192
-0.578420 0.341148
-0.569121 0.330353
-0.559884 0.319799
-0.550707 0.309484
-0.541589 0.299403
-0.532529 0.289550
-0.523525 0.279922
-0.514578 0.270514
-0.505685 0.261323
-0.496846 0.252344
-0.488060 0.243574
-0.479325 0.235010
-0.470642 0.226646
-0.462008 0.218481
-0.453424 0.210511
-0.444888 0.202732
-0.436399 0.195141
-0.427958 0.187736
-0.419562 0.180513
-0.411212 0.173469
-0.402906 0.166601
-0.394644 0.159907
-0.386425 0.153384
-0.378249 0.147029
-0.370114 0.140840
-0.362021 0.134814
-0.353968 0.128949
-0.345955 0.123242
-0.337982 0.117691
-0.330047 0.112295
-0.322151 0.107049
-0.314292 0.101953
-0.306471 0.097005
-0.298686 0.092202
-0.290937 0.087542
-0.283224 0.083023
-0.275546 0.078644
-0.267902 0.074402
-0.260293 0.070296
-0.252718 0.066323
-0.245176 0.062483
-0.237666 0.058773
-0.230190 0.055192
-0.222745 0.051738
-0.215332 0.048410
-0.207950 0.045205
-0.200599 0.042123
-0.193278 0.039161
-0.185987 0.036319
-0.178726 0.033595
-0.171495 0.030987
-0.164292 0.028494
-0.157118 0.026115
-0.149972 0.023849
-0.142855 0.021693
-0.135765 0.019647
-0.128702 0.017710
-0.121666 0.015880
-0.114657 0.014156
-0.107674 0.012537
-0.100718 0.011021
-0.093787 0.009608
-0.086882 0.008296
-0.080002 0.007085
-0.073147 0.005973
-0.066317 0.004959
-0.059511 0.004042
-0.052729 0.003221
-0.045972 0.002495
-0.039238 0.001863
-0.032527 0.001324
-0.025839 0.000878
-0.019175 0.000522
-0.012533 0.000257
-0.005914 0.000080
0.000683 -0.000007
0.003974 0.000000
0.007264 -0.000008
0.013861 0.000080
0.020480 0.000256
0.027122 0.000520
0.033787 0.000876
0.040474 0.001322
0.047185 0.001860
0.053919 0.002492
0.060677 0.003217
0.067458 0.004038
0.074264 0.004954
0.081094 0.005968
0.087949 0.007079
0.094829 0.008290
0.101734 0.009601
0.108665 0.011014
0.115622 0.012529
0.122604 0.014147
0.129613 0.015871
0.136649 0.017700
0.143712 0.019637
0.150802 0.021682
0.157920 0.023837
0.165065 0.026103
0.172239 0.028481
0.179442 0.030973
0.186673 0.033580
0.193934 0.036304
0.201225 0.039145
0.208546 0.042106
0.215897 0.045187
0.223279 0.048391
0.230692 0.051719
0.238137 0.055171
0.245614 0.058752
0.253123 0.062460
0.260665 0.066299
0.268240 0.070270
0.275850 0.074375
0.283493 0.078616
0.291171 0.082994
0.298884 0.087511
0.306633 0.092170
0.314418 0.096972
0.322239 0.101919
0.330098 0.107013
0.337994 0.112257
0.345929 0.117652
0.353903 0.123201
0.361915 0.128906
0.369968 0.134769
0.378062 0.140794
0.386196 0.146981
0.394372 0.153334
0.402591 0.159855
0.410853 0.166547
0.419159 0.173412
0.427509 0.180454
0.435905 0.187675
0.444347 0.195078
0.452835 0.202666
0.461371 0.210442
0.469955 0.218410
0.478589 0.226573
0.487272 0.234933
0.496007 0.243495
0.504793 0.252262
0.513632 0.261238
0.522525 0.270426
0.531473 0.279830
0.540476 0.289455
0.549536 0.299305
0.558654 0.309383
0.567831 0.319695
0.577068 0.330210
0.586367 0.341002
0.595728 0.352041
0.605153 0.363332
0.614643 0.374882
0.624200 0.386694
0.633825 0.398775
0.643520 0.411131
0.653285 0.423767
0.663123 0.436690
0.673036 0.449906
0.683024 0.463422
0.693090 0.477245
0.703235 0.491382
0.713463 0.505841
0.723773 0.520629
0.734169 0.535755
0.744653 0.551228
0.755227 0.567055
0.765893 0.583247
0.776654 0.599814
0.787513 0.616765
0.798471 0.634110
0.809533 0.651862
0.820700 0.670032
0.831976 0.688632
0.843365 0.707674
0.854869 0.727173
0.866492 0.747142
0.878238 0.767597
0.890112 0.788553
0.902116 0.810027
0.914257 0.832037
0.926537 0.854600
0.938963 0.877738
0.951539 0.901470
0.964272 0.925819
0.977167 0.950809
0.990231 0.976464
1.003470 1.002813
1.016891 1.029883
1.030503 1.057705
1.044314 1.086312
1.058333 1.115740
1.072568 1.146027
1.087032 1.177214
1.101735 1.209345
1.116689 1.242470
1.131908 1.276641
1.147406 1.311915
1.163200 1.348355
1.179306 1.386032
1.195744 1.425021
1.212536 1.465407
1.229706 1.507285
1.247280 1.550759
1.265288 1.595948
1.283764 1.642986
1.302746 1.692025
1.322279 1.743239
1.342413 1.796830
1.363208 1.853030
1.384734 1.912115
1.407072 1.974414
1.430323 2.040318
1.454610 2.110312
1.480083 2.184993
1.506936 2.265127
1.535420 2.351707
1.565876 2.446075
1.598780 2.550114
1.634839 2.666615
1.675182 2.800045
1.721838 2.958415
1.779237 3.159228
1.862605 3.462638
