-0.136103 2.902333
-0.113840 2.299325
-0.098512 1.882972
-0.086053 1.548503
-0.075279 1.265393
-0.065650 1.021019
-0.056863 0.807976
-0.048730 0.622782
-0.041124 0.463281
-0.033953 0.328258
-0.027150 0.217277
-0.020665 0.129542
-0.014456 0.064897
-0.008490 0.022851
-0.002742 0.002434
0.000058 0.000000
0.002857 0.002677
0.008606 0.024175
0.014571 0.068952
0.020780 0.139048
0.027266 0.236192
0.041239 0.517482
0.048846 0.704967
0.056979 0.926487
0.065766 1.185913
0.075395 1.489017
0.086168 1.845647
0.098627 2.274951
0.113955 2.819386
0.136218 3.626899
