-1.696781 3.503643
-1.621828 3.195963
-1.570224 2.992273
-1.528277 2.831736
-1.492007 2.696499
-1.459589 2.578432
-1.430007 2.473006
-1.402625 2.377388
-1.377016 2.289669
-1.352874 2.208688
-1.329972 2.133029
-1.308138 2.062126
-1.287233 1.995369
-1.267150 1.932270
-1.247798 1.872429
-1.229102 1.815514
-1.211000 1.761246
-1.193439 1.709388
-1.176373 1.659735
-1.159762 1.612111
-1.143572 1.566361
-1.127772 1.522351
-1.112336 1.479960
-1.097239 1.439080
-1.082460 1.399617
-1.067979 1.361485
-1.053780 1.324492
-1.039847 1.288798
-1.026164 1.254223
-1.012720 1.220708
-0.999501 1.188200
-0.986497 1.156650
-0.973699 1.126011
-0.961095 1.096243
-0.948679 1.067306
-0.936441 1.039165
-0.924374 1.011787
-0.912472 0.985139
-0.900727 0.959193
-0.889134 0.933922
-0.877686 0.909498
-0.866379 0.885497
-0.855208 0.862098
-0.844167 0.839281
-0.833252 0.817026
-0.822460 0.795314
-0.811785 0.774128
-0.801224 0.753450
-0.790774 0.733264
-0.780432 0.713555
-0.770193 0.694309
-0.760055 0.675512
-0.750015 0.657152
-0.740070 0.639215
-0.730218 0.621689
-0.720456 0.604565
-0.710781 0.587830
-0.701191 0.571475
-0.691685 0.555489
-0.682259 0.539863
-0.672913 0.524589
-0.663643 0.509657
-0.654448 0.495059
-0.645327 0.480787
-0.636277 0.466833
-0.627297 0.453191
-0.618385 0.439853
-0.609540 0.426811
-0.600761 0.414060
-0.592045 0.401594
-0.583392 0.389405
-0.574799 0.377489
-0.566267 0.365839
-0.557793 0.354450
-0.549377 0.343316
-0.541017 0.332433
-0.532713 0.321796
-0.524462 0.311400
-0.516264 0.301239
-0.508119 0.291310
-0.500025 0.281608
-0.491980 0.272130
-0.483985 0.262870
-0.476038 0.253825
-0.468139 0.244991
-0.460286 0.236365
-0.452479 0.227942
-0.444717 0.219719
-0.437000 0.211693
-0.429325 0.203944
-0.421694 0.196299
-0.414104 0.188841
-0.406556 0.181567
-0.399049 0.174474
-0.391582 0.167559
-0.384154 0.160819
-0.376765 0.154252
-0.369414 0.147855
-0.362100 0.141625
-0.354824 0.135559
-0.347584 0.129656
-0.340380 0.123913
-0.333212 0.118327
-0.326078 0.112896
-0.318979 0.107618
-0.311913 0.102491
-0.304881 0.097513
-0.297882 0.092680
-0.290916 0.087993
-0.283981 0.083447
-0.277078 0.079042
-0.270206 0.074776
-0.263365 0.070692
-0.256555 0.066695
-0.249774 0.062831
-0.243023 0.059099
-0.236301 0.055496
-0.229608 0.052021
-0.222943 0.048672
-0.216306 0.045448
-0.209697 0.042348
-0.203115 0.039369
-0.196561 0.036510
-0.190033 0.033770
-0.183531 0.031147
-0.177055 0.028640
-0.170606 0.026248
-0.164181 0.023968
-0.157782 0.021800
-0.151408 0.019743
-0.145058 0.017795
-0.138733 0.015955
-0.132431 0.014221
-0.126153 0.012593
-0.119899 0.011069
-0.113668 0.009648
-0.107460 0.008330
-0.101274 0.007112
-0.095111 0.005993
-0.088971 0.005038
-0.082852 0.004107
-0.076755 0.003274
-0.070679 0.002538
-0.064625 0.001896
-0.058592 0.001349
-0.052579 0.000894
-0.046588 0.000531
-0.040616 0.000257
-0.034665 0.000074
-0.028734 -0.000009
-0.025776 0.000000
-0.022818 -0.000006
-0.016887 0.000083
-0.010936 0.000262
-0.004964 0.000530
0.001027 0.000890
0.007040 0.001341
0.013073 0.001887
0.019127 0.002526
0.025203 0.003261
0.031300 0.004092
0.037419 0.005020
0.043559 0.005969
0.049722 0.007085
0.055908 0.008300
0.062116 0.009616
0.068347 0.011034
0.074601 0.012554
0.080879 0.014179
0.087180 0.015909
0.093506 0.017745
0.099856 0.019689
0.106230 0.021742
0.112629 0.023905
0.119054 0.026179
0.125503 0.028566
0.131979 0.031067
0.138480 0.033684
0.145008 0.036418
0.151563 0.039270
0.158145 0.042242
0.164754 0.045335
0.171391 0.048550
0.178055 0.051891
0.184749 0.055357
0.191471 0.058950
0.198222 0.062673
0.205003 0.066527
0.211813 0.070513
0.218654 0.074634
0.225526 0.078890
0.232429 0.083285
0.239364 0.087820
0.246330 0.092496
0.253329 0.097317
0.260361 0.102206
0.267427 0.107317
0.274526 0.112578
0.281659 0.117991
0.288828 0.123559
0.296032 0.129283
0.303272 0.135166
0.310548 0.141210
0.317861 0.147419
0.325212 0.153793
0.332602 0.160337
0.340030 0.167052
0.347497 0.173942
0.355004 0.181008
0.362552 0.188255
0.370142 0.195685
0.377773 0.203238
0.385448 0.211041
0.393165 0.219035
0.400927 0.227225
0.408734 0.235614
0.416587 0.244205
0.424486 0.253002
0.432433 0.262009
0.440428 0.271230
0.448472 0.280668
0.456567 0.290327
0.464712 0.300213
0.472910 0.310328
0.481161 0.320678
0.489465 0.331267
0.497825 0.342100
0.506241 0.353181
0.514715 0.364517
0.523247 0.376112
0.531839 0.387971
0.540493 0.400101
0.549209 0.412507
0.557988 0.425194
0.566833 0.438171
0.575745 0.451442
0.584725 0.465015
0.593775 0.478897
0.602896 0.493095
0.612091 0.507617
0.621361 0.522471
0.630707 0.537664
0.640133 0.553206
0.649639 0.569106
0.659229 0.585372
0.668903 0.602015
0.678666 0.619044
0.688518 0.636472
0.698463 0.654308
0.708503 0.672564
0.718641 0.691254
0.728880 0.710389
0.739222 0.729983
0.749672 0.749847
0.760233 0.770398
0.770908 0.791454
0.781700 0.813030
0.792615 0.835145
0.803656 0.857818
0.814827 0.881068
0.826134 0.904916
0.837582 0.929384
0.849175 0.954496
0.860920 0.980277
0.872822 1.006755
0.884889 1.033958
0.897127 1.061916
0.909543 1.090664
0.922147 1.120236
0.934945 1.150671
0.947949 1.182010
0.961167 1.214298
0.974612 1.247584
0.988295 1.281920
1.002228 1.317365
1.016427 1.354126
1.030908 1.391988
1.045687 1.431167
1.060784 1.471750
1.076220 1.513831
1.092020 1.557515
1.108210 1.602921
1.124821 1.650185
1.141887 1.699457
1.159448 1.750914
1.177550 1.804757
1.196246 1.861220
1.215598 1.920581
1.235681 1.982962
1.256585 2.049163
1.278420 2.119468
1.301322 2.194480
1.325464 2.274965
1.351073 2.361921
1.378454 2.456695
1.408037 2.561175
1.440455 2.678164
1.476725 2.812229
1.518672 2.971245
1.570276 3.172858
1.645229 3.477440
