-1.853878 3.529693
-1.770358 3.220056
-1.712854 3.015137
-1.666113 2.853537
-1.625697 2.717394
-1.589573 2.598528
-1.556609 2.492381
-1.526098 2.396104
-1.497561 2.307776
-1.470659 2.226028
-1.445140 2.149844
-1.420809 2.078445
-1.397515 2.011218
-1.375136 1.947673
-1.353572 1.887446
-1.332739 1.830122
-1.312568 1.775463
-1.292999 1.723228
-1.273982 1.673213
-1.255473 1.625240
-1.237432 1.579154
-1.219826 1.534819
-1.202625 1.492113
-1.185803 1.450929
-1.169334 1.411170
-1.153198 1.372752
-1.137376 1.335594
-1.121850 1.299627
-1.106603 1.264786
-1.091622 1.231012
-1.076892 1.198252
-1.062402 1.166456
-1.048141 1.135578
-1.034096 1.105577
-1.020261 1.076413
-1.006624 1.048050
-0.993178 1.020455
-0.979915 0.993596
-0.966827 0.967445
-0.953909 0.941973
-0.941153 0.917155
-0.928553 0.892966
-0.916105 0.869385
-0.903802 0.846390
-0.891640 0.823961
-0.879613 0.802079
-0.867718 0.780725
-0.855951 0.759884
-0.844306 0.739538
-0.832781 0.719673
-0.821372 0.700274
-0.810075 0.681328
-0.798887 0.662820
-0.787806 0.644740
-0.776827 0.627074
-0.765949 0.609812
-0.755168 0.592942
-0.744483 0.576454
-0.733890 0.560339
-0.723387 0.544586
-0.712972 0.529187
-0.702642 0.514133
-0.692396 0.499416
-0.682232 0.485027
-0.672148 0.470958
-0.662142 0.457203
-0.652211 0.443755
-0.642355 0.430605
-0.632572 0.417748
-0.622860 0.405178
-0.613217 0.392887
-0.603643 0.380871
-0.594135 0.369123
-0.584693 0.357638
-0.575315 0.346411
-0.565999 0.335436
-0.556745 0.324708
-0.547552 0.314223
-0.538417 0.303976
-0.529340 0.293962
-0.520321 0.284177
-0.511357 0.274617
-0.502448 0.265277
-0.493593 0.256154
-0.484790 0.247243
-0.476040 0.238542
-0.467340 0.230045
-0.458691 0.221751
-0.450091 0.213655
-0.441540 0.205753
-0.433036 0.198043
-0.424579 0.190544
-0.416168 0.183207
-0.407803 0.176053
-0.399482 0.169078
-0.391205 0.162279
-0.382971 0.155655
-0.374779 0.149202
-0.366630 0.142917
-0.358522 0.136798
-0.350455 0.130843
-0.342427 0.125049
-0.334439 0.119414
-0.326490 0.113935
-0.318579 0.108610
-0.310706 0.103437
-0.302871 0.098413
-0.295071 0.093538
-0.287308 0.088808
-0.279581 0.084221
-0.271889 0.079776
-0.264232 0.075471
-0.256609 0.071304
-0.249020 0.067273
-0.241464 0.063376
-0.233941 0.059611
-0.226451 0.055978
-0.218992 0.052473
-0.211565 0.049096
-0.204170 0.045844
-0.196806 0.042717
-0.189471 0.039713
-0.182168 0.036830
-0.174893 0.034066
-0.167649 0.031421
-0.160433 0.028893
-0.153246 0.026480
-0.146087 0.024181
-0.138956 0.021995
-0.131853 0.019920
-0.124778 0.017956
-0.117729 0.016100
-0.110707 0.014352
-0.103712 0.012710
-0.096743 0.011173
-0.089800 0.009741
-0.082882 0.008411
-0.075989 0.007183
-0.069122 0.006055
-0.062279 0.005027
-0.055461 0.004097
-0.048667 0.003265
-0.041897 0.002529
-0.035151 0.001889
-0.028428 0.001342
-0.021728 0.000890
-0.015051 0.000529
-0.008397 0.000260
-0.001766 0.000082
0.004843 -0.000007
0.008139 0.000000
0.011436 -0.000007
0.018045 0.000081
0.024676 0.000260
0.031330 0.000528
0.038007 0.000889
0.044706 0.001342
0.051429 0.001888
0.058175 0.002528
0.064946 0.003264
0.071740 0.004096
0.078558 0.005026
0.085400 0.006054
0.092268 0.007181
0.099160 0.008409
0.106078 0.009739
0.113022 0.011171
0.119991 0.012708
0.126986 0.014350
0.134008 0.016098
0.141056 0.017954
0.148132 0.019918
0.155235 0.021993
0.162366 0.024178
0.169524 0.026477
0.176711 0.028889
0.183927 0.031417
0.191172 0.034062
0.198446 0.036825
0.205750 0.039707
0.213084 0.042711
0.220449 0.045837
0.227844 0.049087
0.235271 0.052463
0.242729 0.055967
0.250220 0.059599
0.257742 0.063362
0.265298 0.067257
0.272888 0.071287
0.280511 0.075452
0.288168 0.079755
0.295860 0.084198
0.303587 0.088782
0.311350 0.093510
0.319149 0.098383
0.326985 0.103404
0.334858 0.108575
0.342769 0.113897
0.350718 0.119374
0.358706 0.125006
0.366733 0.130797
0.374801 0.136750
0.382909 0.142865
0.391058 0.149147
0.399249 0.155596
0.407483 0.162217
0.415760 0.169012
0.424081 0.175983
0.432447 0.183134
0.440858 0.190467
0.449315 0.197985
0.457818 0.205692
0.466370 0.213590
0.474970 0.221682
0.483619 0.229973
0.492318 0.238466
0.501069 0.247163
0.509871 0.256022
0.518726 0.265140
0.527635 0.274474
0.536599 0.284028
0.545619 0.293807
0.554696 0.303815
0.563830 0.314056
0.573024 0.324535
0.582278 0.335256
0.591593 0.346224
0.600972 0.357444
0.610414 0.368921
0.619922 0.380661
0.629496 0.392669
0.639138 0.404951
0.648851 0.417513
0.658634 0.430361
0.668490 0.443501
0.678420 0.456941
0.688427 0.470686
0.698511 0.484744
0.708675 0.499122
0.718921 0.513829
0.729250 0.528871
0.739665 0.544258
0.750168 0.559999
0.760761 0.576101
0.771447 0.592576
0.782228 0.609432
0.793106 0.626681
0.804084 0.644332
0.815166 0.662397
0.826354 0.680889
0.837650 0.699820
0.849060 0.719202
0.860585 0.739049
0.872229 0.759377
0.883997 0.780200
0.895892 0.801534
0.907918 0.823396
0.920081 0.845805
0.932383 0.868778
0.944832 0.892337
0.957431 0.916502
0.970187 0.941296
0.983106 0.966743
0.996193 0.992869
1.009456 1.019700
1.022902 1.047267
1.036539 1.075601
1.050375 1.104734
1.064419 1.134704
1.078681 1.165509
1.093171 1.197270
1.107900 1.229993
1.122882 1.263729
1.138128 1.298530
1.153655 1.334455
1.169477 1.371569
1.185613 1.409942
1.202081 1.449652
1.218904 1.490786
1.236105 1.533439
1.253711 1.577719
1.271751 1.623746
1.290261 1.671657
1.309278 1.721606
1.328846 1.773772
1.349018 1.828358
1.369850 1.885604
1.391415 1.945789
1.413794 2.009246
1.437088 2.076378
1.461418 2.147676
1.486938 2.223749
1.513839 2.305377
1.542376 2.393572
1.572888 2.489702
1.605851 2.595683
1.641975 2.714360
1.682392 2.850282
1.729133 3.011612
1.786636 3.216180
1.870157 3.525264
