-1.849753 3.482277
-1.766134 3.176857
-1.708563 2.974722
-1.661766 2.815314
-1.621302 2.681015
-1.585136 2.563757
-1.552133 2.459044
-1.521586 2.364067
-1.493015 2.276930
-1.466082 2.196283
-1.440532 2.121125
-1.416173 2.050686
-1.392852 1.984363
-1.370446 1.921672
-1.348857 1.862214
-1.327999 1.805707
-1.307804 1.751780
-1.288213 1.700245
-1.269173 1.650899
-1.250642 1.603568
-1.232580 1.558099
-1.214953 1.514356
-1.197732 1.472220
-1.180890 1.431586
-1.164402 1.392358
-1.148247 1.354452
-1.132406 1.317789
-1.116861 1.282302
-1.101597 1.247925
-1.086598 1.214601
-1.071851 1.182277
-1.057344 1.150904
-1.043065 1.120437
-1.029005 1.090835
-1.015152 1.062059
-1.001500 1.034073
-0.988038 1.006845
-0.974759 0.980343
-0.961656 0.954538
-0.948722 0.929404
-0.935951 0.904916
-0.923337 0.881049
-0.910874 0.857781
-0.898557 0.835091
-0.886380 0.812960
-0.874339 0.791368
-0.862430 0.770298
-0.850649 0.749733
-0.838991 0.729766
-0.827452 0.710163
-0.816029 0.691020
-0.804719 0.672323
-0.793518 0.654060
-0.782424 0.636217
-0.771432 0.618785
-0.760541 0.601750
-0.749748 0.585103
-0.739050 0.568833
-0.728444 0.552930
-0.717929 0.537386
-0.707501 0.522190
-0.697160 0.507335
-0.686902 0.492812
-0.676726 0.478613
-0.666629 0.464731
-0.656611 0.451158
-0.646669 0.437887
-0.636801 0.424911
-0.627007 0.412225
-0.617283 0.399821
-0.607629 0.387693
-0.598044 0.375836
-0.588525 0.364244
-0.579071 0.352911
-0.569682 0.341832
-0.560356 0.331003
-0.551091 0.320417
-0.541886 0.310071
-0.532741 0.299960
-0.523653 0.290079
-0.514623 0.280424
-0.505649 0.270991
-0.496729 0.261775
-0.487864 0.252773
-0.479051 0.243981
-0.470290 0.235395
-0.461581 0.227011
-0.452921 0.218827
-0.444311 0.210838
-0.435749 0.203042
-0.427236 0.195435
-0.418769 0.188013
-0.410348 0.180775
-0.401972 0.173716
-0.393642 0.166835
-0.385355 0.160128
-0.377111 0.153593
-0.368910 0.147226
-0.360751 0.141026
-0.352634 0.134989
-0.344557 0.129114
-0.336520 0.123398
-0.328523 0.117838
-0.320564 0.112432
-0.312644 0.107179
-0.304762 0.102075
-0.296917 0.097119
-0.289108 0.092309
-0.281336 0.087642
-0.273600 0.083117
-0.265899 0.078732
-0.258233 0.074485
-0.250601 0.070373
-0.243002 0.066396
-0.235438 0.062551
-0.227906 0.058836
-0.220407 0.055251
-0.212939 0.051793
-0.205504 0.048460
-0.198100 0.045252
-0.190727 0.042187
-0.183384 0.039222
-0.176071 0.036376
-0.168789 0.033648
-0.161535 0.031037
-0.154311 0.028541
-0.147116 0.026159
-0.139948 0.023890
-0.132809 0.021731
-0.125698 0.019683
-0.118614 0.017743
-0.111557 0.015910
-0.104527 0.014184
-0.097524 0.012563
-0.090546 0.011045
-0.083595 0.009630
-0.076669 0.008316
-0.069768 0.007103
-0.062892 0.005989
-0.056042 0.004973
-0.049215 0.004054
-0.042413 0.003232
-0.035635 0.002504
-0.028881 0.001871
-0.022150 0.001331
-0.015443 0.000883
-0.008758 0.000526
-0.002096 0.000259
0.004543 0.000082
0.011160 -0.000007
0.014460 0.000000
0.017760 -0.000008
0.024377 0.000078
0.031016 0.000253
0.037678 0.000518
0.044362 0.000872
0.051070 0.001318
0.057801 0.001856
0.064555 0.002486
0.071333 0.003211
0.078135 0.004032
0.084961 0.004948
0.091812 0.005961
0.098688 0.007073
0.105588 0.008283
0.112514 0.009595
0.119466 0.011007
0.126443 0.012522
0.133447 0.014141
0.140477 0.015865
0.147534 0.017695
0.154618 0.019633
0.161729 0.021679
0.168868 0.023834
0.176035 0.026101
0.183231 0.028481
0.190455 0.030946
0.197708 0.033554
0.204991 0.036279
0.212304 0.039121
0.219646 0.042083
0.227019 0.045166
0.234424 0.048372
0.241859 0.051701
0.249326 0.055156
0.256825 0.058739
0.264357 0.062450
0.271922 0.066292
0.279520 0.070266
0.287152 0.074375
0.294818 0.078619
0.302520 0.083002
0.310256 0.087523
0.318028 0.092187
0.325836 0.096994
0.333681 0.101947
0.341564 0.107047
0.349484 0.112297
0.357442 0.117700
0.365440 0.123256
0.373476 0.128969
0.381553 0.134841
0.389671 0.140874
0.397830 0.147071
0.406031 0.153435
0.414274 0.159967
0.422561 0.166670
0.430892 0.173548
0.439267 0.180603
0.447688 0.187838
0.456155 0.195256
0.464669 0.202860
0.473231 0.210653
0.481841 0.218638
0.490500 0.226819
0.499210 0.235198
0.507970 0.243781
0.516783 0.252569
0.525649 0.261568
0.534568 0.270780
0.543543 0.280209
0.552573 0.289861
0.561660 0.299738
0.570806 0.309845
0.580010 0.320188
0.589275 0.330769
0.598602 0.341595
0.607991 0.352669
0.617444 0.363998
0.626963 0.375587
0.636549 0.387440
0.646203 0.399563
0.655926 0.411963
0.665721 0.424646
0.675589 0.437617
0.685531 0.450884
0.695549 0.464453
0.705645 0.478331
0.715821 0.492526
0.726079 0.507045
0.736421 0.521895
0.746848 0.537087
0.757363 0.552627
0.767969 0.568525
0.778667 0.584791
0.789461 0.601433
0.800352 0.618464
0.811343 0.635892
0.822438 0.653662
0.833639 0.671919
0.844949 0.690609
0.856372 0.709746
0.867910 0.729343
0.879568 0.749413
0.891350 0.769973
0.903259 0.791039
0.915299 0.812626
0.927476 0.834752
0.939794 0.857377
0.952257 0.880639
0.964871 0.904499
0.977642 0.928981
0.990576 0.954109
1.003679 0.979906
1.016957 1.006401
1.030419 1.033622
1.044072 1.061601
1.057924 1.090369
1.071985 1.119964
1.086263 1.150423
1.100770 1.181788
1.115517 1.214104
1.130516 1.247419
1.145781 1.281788
1.161326 1.317267
1.177167 1.353920
1.193321 1.391817
1.209809 1.431035
1.226652 1.471660
1.243873 1.513785
1.261500 1.557518
1.279562 1.602977
1.298093 1.650297
1.317132 1.699631
1.336724 1.751155
1.356919 1.805070
1.377776 1.861612
1.399366 1.921058
1.421772 1.983738
1.445093 2.050048
1.469452 2.120473
1.495001 2.195618
1.521935 2.276249
1.550505 2.363370
1.581053 2.458330
1.614055 2.563024
1.650222 2.680262
1.690686 2.814538
1.737482 2.973918
1.795054 3.176018
1.878672 3.481387
