-0.052134 7.636016
-0.043511 7.069494
-0.037574 6.674953
-0.032748 6.351946
-0.028575 6.071387
-0.024846 5.819644
-0.021442 5.589456
-0.018292 5.376182
-0.015346 5.176727
-0.012569 4.988861
-0.009934 4.810964
-0.007422 4.641795
-0.005017 4.480392
-0.002706 4.325984
-0.000480 4.177944
0.001671 4.035757
0.003753 3.898933
0.005774 3.767231
0.007737 3.640279
0.009648 3.517812
0.011511 3.399597
0.013328 3.285429
0.015104 3.175126
0.016841 3.068525
0.018541 2.965478
0.020207 2.865851
0.021841 2.769517
0.023444 2.676557
0.025018 2.586462
0.026565 2.499335
0.028085 2.415076
0.029581 2.333592
0.031054 2.254793
0.032504 2.178593
0.033932 2.104907
0.035340 2.033653
0.036728 1.964753
0.038098 1.898130
0.039449 1.833709
0.040783 1.771416
0.042100 1.711181
0.043401 1.652936
0.044686 1.596614
0.045956 1.542149
0.047212 1.489480
0.048453 1.438546
0.049681 1.389288
0.050896 1.341650
0.052099 1.295575
0.053288 1.251012
0.054466 1.207909
0.055633 1.166135
0.056788 1.125806
0.057932 1.086791
0.059065 1.049046
0.060188 1.012526
0.061302 0.977190
0.062405 0.942997
0.063498 0.909909
0.064583 0.878085
0.065658 0.847089
0.066725 0.817089
0.067782 0.788052
0.068832 0.759945
0.069873 0.732736
0.070906 0.706395
0.071931 0.680894
0.072949 0.656203
0.073959 0.632298
0.074962 0.608988
0.075957 0.586579
0.076946 0.564881
0.077927 0.543871
0.078902 0.523526
0.079870 0.503826
0.080832 0.484750
0.081788 0.466277
0.082737 0.448390
0.083680 0.431070
0.084617 0.414299
0.085548 0.398060
0.086474 0.382338
0.087393 0.367115
0.088308 0.352379
0.089216 0.338112
0.090120 0.324303
0.091018 0.310936
0.091911 0.298000
0.092799 0.285481
0.093682 0.273367
0.094560 0.261648
0.095433 0.250310
0.096301 0.239344
0.097165 0.228739
0.098024 0.218680
0.098879 0.208760
0.099729 0.199172
0.100574 0.189907
0.101416 0.180955
0.102253 0.172308
0.103086 0.163958
0.103915 0.155896
0.104739 0.148116
0.105560 0.140609
0.106377 0.133232
0.107190 0.126256
0.107999 0.119533
0.108804 0.113056
0.109605 0.106819
0.110403 0.100815
0.111197 0.095038
0.111988 0.089483
0.112775 0.084145
0.113558 0.079017
0.114338 0.074095
0.115115 0.069373
0.115888 0.065043
0.116659 0.060692
0.117425 0.056527
0.118189 0.052545
0.118949 0.048742
0.119706 0.045112
0.120460 0.041652
0.121211 0.038357
0.121959 0.035224
0.122704 0.032249
0.123446 0.029428
0.124186 0.026758
0.124922 0.024235
0.125655 0.021800
0.126386 0.019567
0.127113 0.017654
0.127838 0.015672
0.128560 0.013823
0.129280 0.012101
0.129997 0.010507
0.130711 0.009036
0.131423 0.007685
0.132132 0.006452
0.132838 0.005334
0.133542 0.004329
0.134244 0.003435
0.134943 0.002648
0.135639 0.001968
0.136333 0.001471
0.137025 0.000971
0.137714 0.000574
0.138401 0.000321
0.139086 0.000139
0.139768 0.000004
0.140108 0.000000
0.140449 0.000001
0.141131 0.000127
0.141816 0.000305
0.142503 0.000558
0.143192 0.000941
0.143884 0.001419
0.144578 0.001880
0.145274 0.002512
0.145973 0.003235
0.146675 0.004047
0.147379 0.004950
0.148085 0.005943
0.148794 0.007026
0.149506 0.008200
0.150220 0.009465
0.150937 0.010820
0.151656 0.012266
0.152379 0.013632
0.153104 0.015237
0.153831 0.016932
0.154562 0.018716
0.155295 0.020590
0.156031 0.022554
0.156771 0.024607
0.157513 0.026751
0.158258 0.028985
0.159006 0.031309
0.159757 0.033723
0.160511 0.036229
0.161268 0.038825
0.162028 0.041513
0.162792 0.044291
0.163558 0.047162
0.164328 0.050124
0.165102 0.053179
0.165879 0.056326
0.166659 0.059566
0.167442 0.062899
0.168229 0.066326
0.169020 0.069846
0.169814 0.073461
0.170612 0.077170
0.171413 0.080974
0.172218 0.084874
0.173027 0.088869
0.173840 0.092961
0.174657 0.097150
0.175478 0.101436
0.176302 0.105820
0.177131 0.110302
0.177964 0.114675
0.178801 0.119345
0.179643 0.124114
0.180488 0.128984
0.181338 0.133955
0.182193 0.139104
0.183052 0.144282
0.183916 0.149564
0.184784 0.154950
0.185657 0.160441
0.186535 0.166038
0.187418 0.171741
0.188306 0.177552
0.189199 0.183471
0.190097 0.189499
0.191001 0.195638
0.191909 0.201889
0.192824 0.208251
0.193743 0.214728
0.194669 0.221320
0.195600 0.228027
0.196537 0.234852
0.197480 0.241795
0.198429 0.248859
0.199385 0.256044
0.200347 0.263352
0.201315 0.270784
0.202290 0.278141
0.203271 0.285818
0.204260 0.293623
0.205255 0.301560
0.206258 0.309630
0.207268 0.317834
0.208286 0.326174
0.209311 0.334654
0.210344 0.343274
0.211385 0.352037
0.212435 0.360988
0.213492 0.370049
0.214559 0.379260
0.215634 0.388624
0.216719 0.398146
0.217812 0.407827
0.218915 0.417671
0.220028 0.427681
0.221152 0.437860
0.222285 0.448213
0.223429 0.458743
0.224584 0.469453
0.225751 0.480349
0.226928 0.491434
0.228118 0.502713
0.229321 0.514192
0.230536 0.525874
0.231764 0.537766
0.233005 0.549873
0.234261 0.562201
0.235531 0.574614
0.236816 0.587394
0.238117 0.600415
0.239434 0.613685
0.240768 0.627213
0.242119 0.641007
0.243488 0.655075
0.244877 0.669429
0.246285 0.684078
0.247713 0.699035
0.249163 0.714309
0.250635 0.729827
0.252131 0.745779
0.253652 0.762195
0.255199 0.778908
0.256773 0.796013
0.258376 0.813535
0.260010 0.831497
0.261676 0.849926
0.263376 0.868845
0.265113 0.888287
0.266889 0.908285
0.268706 0.928670
0.270569 0.949881
0.272480 0.971772
0.274443 0.994396
0.276464 1.017816
0.278546 1.042101
0.280697 1.067333
0.282923 1.093609
0.285234 1.121194
0.287639 1.149940
0.290151 1.180154
0.292786 1.212045
0.295563 1.245675
0.298509 1.281790
0.301659 1.320670
0.305063 1.362973
0.308792 1.409678
0.312965 1.462349
0.317791 1.523790
0.323728 1.600127
0.332351 1.712542
