-1.858662 3.479512
-1.775044 3.174371
-1.717474 2.972420
-1.670678 2.813156
-1.630215 2.678977
-1.594049 2.561824
-1.561047 2.457205
-1.530500 2.362313
-1.501930 2.275253
-1.474997 2.194678
-1.449448 2.119586
-1.425089 2.049209
-1.401768 1.982945
-1.379363 1.920308
-1.357774 1.860902
-1.336917 1.804398
-1.316722 1.750519
-1.297131 1.699030
-1.278092 1.649728
-1.259561 1.602439
-1.241499 1.557010
-1.223873 1.513305
-1.206652 1.471207
-1.189809 1.430608
-1.173322 1.391415
-1.157167 1.353542
-1.141327 1.316911
-1.125782 1.281454
-1.110518 1.247107
-1.095519 1.213812
-1.080773 1.181516
-1.066266 1.150170
-1.051987 1.119729
-1.037927 1.090152
-1.024075 1.061400
-1.010422 1.033438
-0.996961 1.006232
-0.983682 0.979753
-0.970580 0.953970
-0.957646 0.928857
-0.944875 0.904388
-0.932261 0.880541
-0.919798 0.857292
-0.907481 0.834620
-0.895305 0.812506
-0.883264 0.790931
-0.871355 0.769878
-0.859574 0.749329
-0.847916 0.729269
-0.836378 0.709683
-0.824955 0.690556
-0.813645 0.671875
-0.802445 0.653627
-0.791350 0.635799
-0.780359 0.618380
-0.769468 0.601359
-0.758675 0.584725
-0.747977 0.568468
-0.737371 0.552578
-0.726856 0.537045
-0.716429 0.521861
-0.706087 0.507017
-0.695830 0.492505
-0.685654 0.478316
-0.675558 0.464444
-0.665540 0.450881
-0.655598 0.437619
-0.645730 0.424653
-0.635936 0.411975
-0.626212 0.399579
-0.616559 0.387459
-0.606973 0.375610
-0.597454 0.364025
-0.588001 0.352699
-0.578612 0.341628
-0.569286 0.330805
-0.560021 0.320226
-0.550816 0.309886
-0.541671 0.299781
-0.532584 0.289906
-0.523554 0.280256
-0.514580 0.270828
-0.505660 0.261618
-0.496795 0.252621
-0.487982 0.243834
-0.479222 0.235252
-0.470512 0.226874
-0.461853 0.218694
-0.453243 0.210709
-0.444682 0.202917
-0.436168 0.195313
-0.427701 0.187896
-0.419280 0.180661
-0.410905 0.173636
-0.402574 0.166757
-0.394288 0.160053
-0.386044 0.153521
-0.377844 0.147157
-0.369685 0.140959
-0.361567 0.134925
-0.353490 0.129052
-0.345454 0.123339
-0.337456 0.117781
-0.329498 0.112378
-0.321578 0.107127
-0.313696 0.102025
-0.305851 0.097071
-0.298043 0.092263
-0.290271 0.087598
-0.282535 0.083075
-0.274834 0.078692
-0.267168 0.074446
-0.259536 0.070336
-0.251938 0.066361
-0.244373 0.062517
-0.236841 0.058805
-0.229342 0.055221
-0.221875 0.051764
-0.214440 0.048433
-0.207036 0.045227
-0.199663 0.042142
-0.192320 0.039179
-0.185008 0.036335
-0.177725 0.033609
-0.170472 0.031000
-0.163248 0.028506
-0.156052 0.026125
-0.148885 0.023857
-0.141746 0.021701
-0.134635 0.019654
-0.127551 0.017716
-0.120495 0.015885
-0.113465 0.014160
-0.106461 0.012540
-0.099484 0.011024
-0.092532 0.009610
-0.085607 0.008298
-0.078706 0.007086
-0.071831 0.005974
-0.064980 0.004960
-0.058154 0.004042
-0.051352 0.003221
-0.044574 0.002495
-0.037820 0.001863
-0.031089 0.001324
-0.024382 0.000877
-0.017697 0.000522
-0.011036 0.000256
-0.004396 0.000080
0.002220 -0.000007
0.005520 0.000000
0.008820 -0.000007
0.015437 0.000080
0.022076 0.000256
0.028738 0.000521
0.035422 0.000877
0.042130 0.001323
0.048861 0.001862
0.055615 0.002494
0.062393 0.003220
0.069195 0.004041
0.076021 0.004958
0.082871 0.005972
0.089747 0.007085
0.096647 0.008296
0.103573 0.009608
0.110525 0.011022
0.117502 0.012538
0.124505 0.014157
0.131535 0.015882
0.138592 0.017713
0.145676 0.019651
0.152787 0.021698
0.159926 0.023854
0.167093 0.026122
0.174289 0.028502
0.181513 0.030996
0.188766 0.033605
0.196049 0.036330
0.203361 0.039174
0.210703 0.042137
0.218077 0.045221
0.225481 0.048428
0.232916 0.051759
0.240383 0.055215
0.247882 0.058798
0.255414 0.062511
0.262978 0.066354
0.270576 0.070329
0.278208 0.074439
0.285875 0.078684
0.293575 0.083067
0.301312 0.087590
0.309084 0.092254
0.316892 0.097062
0.324737 0.102015
0.332619 0.107116
0.340539 0.112367
0.348497 0.117770
0.356494 0.123327
0.364531 0.129040
0.372608 0.134912
0.380726 0.140946
0.388884 0.147143
0.397085 0.153506
0.405329 0.160038
0.413615 0.166741
0.421946 0.173619
0.430321 0.180674
0.438742 0.187908
0.447209 0.195325
0.455722 0.202928
0.464284 0.210720
0.472894 0.218704
0.481553 0.226884
0.490262 0.235263
0.499023 0.243843
0.507836 0.252630
0.516701 0.261627
0.525620 0.270837
0.534595 0.280264
0.543625 0.289913
0.552712 0.299788
0.561857 0.309893
0.571062 0.320232
0.580326 0.330789
0.589653 0.341611
0.599042 0.352682
0.608495 0.364007
0.618014 0.375591
0.627599 0.387440
0.637253 0.399558
0.646976 0.411954
0.656771 0.424631
0.666639 0.437596
0.676580 0.450857
0.686599 0.464420
0.696695 0.478291
0.706871 0.492479
0.717128 0.506990
0.727470 0.521833
0.737897 0.537016
0.748412 0.552548
0.759017 0.568437
0.769716 0.584694
0.780509 0.601327
0.791400 0.618347
0.802391 0.635764
0.813485 0.653591
0.824686 0.671838
0.835996 0.690518
0.847418 0.709643
0.858957 0.729229
0.870615 0.749287
0.882396 0.769835
0.894305 0.790887
0.906345 0.812461
0.918522 0.834574
0.930839 0.857244
0.943302 0.880492
0.955916 0.904338
0.968687 0.928805
0.981620 0.953917
0.994723 0.979698
1.008002 1.006176
1.021463 1.033380
1.035116 1.061341
1.048968 1.090091
1.063028 1.119667
1.077307 1.150106
1.091813 1.181450
1.106560 1.213745
1.121559 1.247038
1.136823 1.281383
1.152368 1.316838
1.168208 1.353467
1.184363 1.391338
1.200850 1.430529
1.217693 1.471125
1.234913 1.513221
1.252540 1.556923
1.270602 1.602350
1.289133 1.649637
1.308172 1.698935
1.327763 1.750421
1.347957 1.804297
1.368814 1.860798
1.390404 1.920201
1.412809 1.982834
1.436130 2.049095
1.460489 2.119467
1.486038 2.194578
1.512971 2.275149
1.541541 2.362204
1.572088 2.457091
1.605090 2.561704
1.641256 2.678851
1.681719 2.813023
1.728515 2.972278
1.786085 3.174219
1.869702 3.479345
