-0.320718 3.216886
-0.306330 2.998316
-0.296423 2.848914
-0.288371 2.728290
-0.281408 2.624621
-0.275184 2.532506
-0.269505 2.448932
-0.264249 2.372015
-0.259333 2.300484
-0.254698 2.233432
-0.250302 2.170186
-0.246110 2.110237
-0.242097 2.053160
-0.238242 1.998655
-0.234527 1.946433
-0.230937 1.896281
-0.227462 1.848010
-0.224091 1.801463
-0.220815 1.756503
-0.217626 1.712974
-0.214518 1.670942
-0.211485 1.630092
-0.208522 1.590406
-0.205624 1.551893
-0.202786 1.514356
-0.200007 1.477890
-0.197281 1.442375
-0.194606 1.407763
-0.191979 1.374210
-0.189398 1.341255
-0.186861 1.309086
-0.184364 1.277670
-0.181907 1.247012
-0.179488 1.217034
-0.177104 1.187718
-0.174755 1.159047
-0.172439 1.131000
-0.170154 1.103556
-0.167899 1.076694
-0.165673 1.050333
-0.163476 1.024593
-0.161305 0.999384
-0.159161 0.974876
-0.157041 0.950670
-0.154946 0.926956
-0.152874 0.903720
-0.150825 0.880949
-0.148797 0.858633
-0.146791 0.836759
-0.144806 0.815319
-0.142840 0.794299
-0.140894 0.773693
-0.138967 0.753493
-0.137058 0.733688
-0.135166 0.714272
-0.133292 0.695235
-0.131435 0.676572
-0.129594 0.658274
-0.127769 0.640335
-0.125960 0.622749
-0.124165 0.605509
-0.122386 0.588609
-0.120621 0.572043
-0.118870 0.555806
-0.117132 0.539892
-0.115408 0.524296
-0.113698 0.509013
-0.112000 0.494038
-0.110314 0.479366
-0.108641 0.464993
-0.106980 0.450914
-0.105330 0.437129
-0.103692 0.423626
-0.102066 0.410403
-0.100450 0.397458
-0.098845 0.384789
-0.097251 0.372391
-0.095667 0.360254
-0.094093 0.348383
-0.092530 0.336771
-0.090976 0.325415
-0.089432 0.314310
-0.087897 0.303452
-0.086371 0.292840
-0.084855 0.282469
-0.083347 0.272336
-0.081848 0.262440
-0.080358 0.252773
-0.078877 0.243336
-0.077404 0.234126
-0.075939 0.225236
-0.074482 0.216375
-0.073033 0.207827
-0.071591 0.199491
-0.070158 0.191371
-0.068732 0.183460
-0.067313 0.175759
-0.065902 0.168259
-0.064498 0.160961
-0.063101 0.153860
-0.061712 0.146930
-0.060329 0.140222
-0.058953 0.133706
-0.057583 0.127377
-0.054864 0.115340
-0.053514 0.109544
-0.052170 0.103945
-0.050833 0.098514
-0.049502 0.093358
-0.048177 0.088218
-0.046857 0.083320
-0.045544 0.078553
-0.044237 0.073958
-0.042935 0.069537
-0.041639 0.065279
-0.040348 0.061177
-0.039064 0.057228
-0.037784 0.053430
-0.036510 0.049783
-0.035241 0.046284
-0.033978 0.043099
-0.032720 0.039875
-0.031466 0.036792
-0.030218 0.033851
-0.028975 0.031049
-0.027737 0.028383
-0.026504 0.025853
-0.025275 0.023454
-0.024052 0.021186
-0.022833 0.019046
-0.021618 0.017032
-0.020409 0.015141
-0.019203 0.013372
-0.018003 0.011723
-0.016807 0.010191
-0.015615 0.008773
-0.014427 0.007619
-0.013244 0.006403
-0.012065 0.005300
-0.010891 0.004307
-0.009720 0.003421
-0.008554 0.002642
-0.007392 0.001968
-0.006234 0.001463
-0.005079 0.000969
-0.003929 0.000578
-0.002783 0.000342
-0.001640 0.000119
-0.000502 0.000011
0.000066 0.000000
0.000634 0.000017
0.001773 0.000134
0.002915 0.000364
0.004061 0.000603
0.005212 0.000990
0.006366 0.001472
0.007524 0.001960
0.008686 0.002604
0.009853 0.003340
0.011023 0.004167
0.012198 0.005086
0.013377 0.006097
0.014560 0.007200
0.015747 0.008394
0.016939 0.009503
0.018135 0.010855
0.019336 0.012297
0.020541 0.013829
0.021751 0.015450
0.022965 0.017162
0.024184 0.018963
0.025407 0.020854
0.026636 0.022834
0.027869 0.024903
0.029107 0.027062
0.030351 0.029310
0.031599 0.031648
0.032852 0.034074
0.034110 0.036589
0.035374 0.039192
0.036642 0.041885
0.037916 0.044665
0.039196 0.047534
0.040481 0.050491
0.041771 0.053536
0.043067 0.056669
0.044369 0.059720
0.045676 0.063019
0.046990 0.066404
0.048309 0.069877
0.049634 0.073436
0.050965 0.077081
0.052303 0.080813
0.053646 0.084631
0.054996 0.088535
0.056353 0.092524
0.057715 0.096598
0.059085 0.100758
0.060461 0.105003
0.061844 0.109333
0.063234 0.113746
0.064631 0.118244
0.066035 0.122825
0.067446 0.127490
0.068864 0.132237
0.070290 0.137067
0.071724 0.141978
0.073165 0.146970
0.074614 0.152040
0.076071 0.157188
0.077536 0.162416
0.079009 0.167733
0.080491 0.173155
0.081981 0.178678
0.083480 0.184159
0.084987 0.189807
0.086503 0.195536
0.088029 0.201345
0.089564 0.207235
0.091108 0.213205
0.092662 0.219255
0.094226 0.225385
0.095799 0.231594
0.097383 0.237883
0.098978 0.244252
0.100582 0.250700
0.102198 0.257227
0.103825 0.263834
0.105463 0.270519
0.107112 0.277284
0.108773 0.284127
0.110447 0.291049
0.112132 0.298050
0.113830 0.305130
0.115541 0.312289
0.117265 0.319526
0.119002 0.326842
0.120753 0.334237
0.122518 0.341711
0.124298 0.349264
0.126092 0.356897
0.127901 0.364609
0.129726 0.372400
0.131567 0.380271
0.133424 0.388223
0.135299 0.396254
0.137190 0.404367
0.139099 0.412560
0.141026 0.420835
0.142973 0.428989
0.144938 0.437414
0.146924 0.445920
0.148930 0.454554
0.150957 0.463229
0.153006 0.471988
0.155078 0.480831
0.159293 0.498841
0.161438 0.507942
0.163608 0.517130
0.165806 0.526406
0.168031 0.535772
0.170286 0.545228
0.172571 0.554776
0.174887 0.564417
0.177237 0.574153
0.179620 0.583775
0.182040 0.593696
0.184497 0.603716
0.186993 0.613838
0.189531 0.624065
0.192112 0.634398
0.194738 0.644841
0.197413 0.655397
0.200139 0.666069
0.202919 0.676861
0.205756 0.687840
0.208654 0.698889
0.211617 0.710072
0.214651 0.721396
0.217759 0.732868
0.220947 0.744495
0.224224 0.756286
0.227595 0.768251
0.231070 0.780403
0.234659 0.792756
0.238374 0.805325
0.242229 0.818130
0.246242 0.831195
0.250434 0.844550
0.254830 0.858230
0.259465 0.872283
0.264381 0.886769
0.269638 0.901771
0.275317 0.917406
0.281540 0.933849
0.288503 0.951380
0.296555 0.970506
0.306462 0.992342
0.320851 1.020533
