-1.876673 3.488331
-1.793247 3.182248
-1.735808 2.979678
-1.689120 2.819929
-1.648749 2.685343
-1.612666 2.567836
-1.579739 2.462903
-1.549262 2.367726
-1.520758 2.280407
-1.493886 2.199592
-1.468395 2.124278
-1.444092 2.053694
-1.420825 1.987235
-1.398471 1.924415
-1.376931 1.864836
-1.356122 1.808168
-1.335973 1.754133
-1.316427 1.702496
-1.297431 1.653053
-1.278943 1.605629
-1.260922 1.560070
-1.243336 1.516242
-1.226155 1.474024
-1.209351 1.433312
-1.192901 1.394009
-1.176784 1.356030
-1.160979 1.319298
-1.145470 1.283743
-1.130241 1.249302
-1.115276 1.215915
-1.100564 1.183531
-1.086090 1.152100
-1.071844 1.121577
-1.057816 1.091920
-1.043996 1.063091
-1.030374 1.035055
-1.016943 1.007777
-1.003695 0.981228
-0.990623 0.955378
-0.977719 0.930199
-0.964977 0.905667
-0.952392 0.881759
-0.939958 0.858451
-0.927669 0.835722
-0.915520 0.813553
-0.903507 0.791925
-0.891626 0.770821
-0.879871 0.750222
-0.868240 0.730115
-0.856728 0.710483
-0.845331 0.691312
-0.834047 0.672588
-0.822872 0.654300
-0.811803 0.636433
-0.800837 0.618977
-0.789971 0.601920
-0.779203 0.585252
-0.768529 0.568961
-0.757948 0.553039
-0.747457 0.537476
-0.737053 0.522263
-0.726736 0.507391
-0.716502 0.492853
-0.706349 0.478639
-0.696276 0.464742
-0.686281 0.451156
-0.676362 0.437872
-0.666517 0.424885
-0.656744 0.412237
-0.647043 0.399821
-0.637412 0.387682
-0.627848 0.375815
-0.618351 0.364213
-0.608920 0.352871
-0.599552 0.341784
-0.590247 0.330946
-0.581003 0.320353
-0.571820 0.310000
-0.562696 0.299882
-0.553629 0.290093
-0.544620 0.280429
-0.535666 0.270987
-0.526767 0.261764
-0.517922 0.252754
-0.509130 0.243955
-0.500389 0.235363
-0.491699 0.226974
-0.483060 0.218784
-0.474470 0.210790
-0.465928 0.202989
-0.457434 0.195377
-0.448986 0.187952
-0.440585 0.180710
-0.432229 0.173648
-0.423917 0.166764
-0.415649 0.160054
-0.407425 0.153516
-0.399243 0.147147
-0.391103 0.140945
-0.383004 0.134907
-0.374945 0.129030
-0.366927 0.123313
-0.358948 0.117752
-0.351008 0.112346
-0.343106 0.107092
-0.335242 0.101988
-0.327415 0.097032
-0.319625 0.092222
-0.311871 0.087556
-0.304152 0.083031
-0.296469 0.078646
-0.288820 0.074399
-0.281206 0.070289
-0.273625 0.066312
-0.266078 0.062468
-0.258563 0.058755
-0.251081 0.055171
-0.243631 0.051714
-0.236213 0.048383
-0.228826 0.045177
-0.221470 0.042092
-0.214144 0.039129
-0.206848 0.036286
-0.199582 0.033560
-0.192346 0.030952
-0.185138 0.028458
-0.177959 0.026079
-0.170809 0.023812
-0.163686 0.021656
-0.156591 0.019610
-0.149523 0.017673
-0.142483 0.015843
-0.135469 0.014119
-0.128481 0.012500
-0.121520 0.010985
-0.114584 0.009604
-0.107675 0.008291
-0.100790 0.007079
-0.093930 0.005967
-0.087095 0.004953
-0.080285 0.004036
-0.073498 0.003215
-0.066736 0.002489
-0.059997 0.001857
-0.053282 0.001319
-0.046590 0.000873
-0.039921 0.000518
-0.033274 0.000254
-0.026650 0.000079
-0.020049 -0.000008
-0.016756 0.000000
-0.013464 -0.000007
-0.006862 0.000082
-0.000238 0.000259
0.006408 0.000526
0.013078 0.000883
0.019770 0.001332
0.026485 0.001872
0.033224 0.002506
0.039986 0.003234
0.046772 0.004057
0.053583 0.004976
0.060418 0.005992
0.067278 0.007107
0.074162 0.008321
0.081072 0.009635
0.088008 0.011050
0.094969 0.012569
0.101957 0.014191
0.108971 0.015917
0.116011 0.017750
0.123079 0.019691
0.130174 0.021740
0.137296 0.023877
0.144447 0.026147
0.151626 0.028529
0.158834 0.031026
0.166070 0.033637
0.173336 0.036365
0.180632 0.039211
0.187958 0.042177
0.195314 0.045263
0.202701 0.048472
0.210119 0.051806
0.217569 0.055265
0.225051 0.058851
0.232566 0.062566
0.240113 0.066412
0.247693 0.070391
0.255308 0.074503
0.262957 0.078752
0.270640 0.083160
0.278358 0.087686
0.286113 0.092333
0.293903 0.097144
0.301730 0.102101
0.309594 0.107230
0.317496 0.112485
0.325436 0.117893
0.333415 0.123455
0.341433 0.129174
0.349492 0.135052
0.357591 0.141091
0.365731 0.147294
0.373913 0.153664
0.382137 0.160203
0.390405 0.166914
0.398717 0.173800
0.407073 0.180862
0.415474 0.188105
0.423921 0.195531
0.432416 0.203144
0.440958 0.210946
0.449548 0.218940
0.458187 0.227130
0.466877 0.235520
0.475617 0.244113
0.484410 0.252912
0.493255 0.261795
0.502154 0.271017
0.511108 0.280457
0.520117 0.290118
0.529184 0.300005
0.538308 0.310123
0.547491 0.320475
0.556735 0.331067
0.566040 0.341904
0.575408 0.352990
0.584839 0.364330
0.594336 0.375931
0.603900 0.387796
0.613531 0.399933
0.623232 0.412347
0.633004 0.425044
0.642849 0.438030
0.652769 0.451312
0.662764 0.464897
0.672837 0.478792
0.682989 0.493004
0.693224 0.507541
0.703541 0.522411
0.713945 0.537623
0.724436 0.553184
0.735017 0.569103
0.745691 0.585392
0.756459 0.602058
0.767325 0.619113
0.778291 0.636566
0.789360 0.654431
0.800535 0.672717
0.811819 0.691438
0.823216 0.710607
0.834728 0.730236
0.846359 0.750341
0.858113 0.770937
0.869995 0.792039
0.882008 0.813665
0.894156 0.835831
0.906445 0.858557
0.918880 0.881863
0.931465 0.905770
0.944207 0.930299
0.957111 0.955476
0.970183 0.981324
0.983431 1.007872
0.996862 1.035147
1.010484 1.063182
1.024304 1.092008
1.038332 1.121663
1.052578 1.152184
1.067051 1.183613
1.081764 1.215995
1.096729 1.249379
1.111958 1.283818
1.127467 1.319371
1.143271 1.356100
1.159389 1.394076
1.175839 1.433377
1.192643 1.474086
1.209824 1.516301
1.227410 1.560126
1.245430 1.605682
1.263919 1.653103
1.282915 1.702542
1.302461 1.754176
1.322609 1.808207
1.343419 1.864871
1.364959 1.924446
1.387313 1.987262
1.410580 2.053717
1.434883 2.124297
1.460374 2.199606
1.487245 2.280416
1.515750 2.367730
1.546227 2.462900
1.579154 2.567828
1.615237 2.685328
1.655608 2.819906
1.702296 2.979646
1.759735 3.182206
1.843161 3.488273
