-1.849448 3.538287
-1.768358 3.227685
-1.712527 3.022145
-1.667145 2.860066
-1.627904 2.723526
-1.592831 2.604318
-1.560826 2.497871
-1.531202 2.401326
-1.503496 2.312755
-1.477377 2.230784
-1.452600 2.154395
-1.428977 2.082805
-1.406361 2.015402
-1.384632 1.951691
-1.363695 1.891268
-1.343468 1.833800
-1.323884 1.779003
-1.304885 1.726638
-1.286421 1.676500
-1.268450 1.628410
-1.250934 1.582213
-1.233840 1.537771
-1.217140 1.494963
-1.200806 1.453682
-1.184817 1.413831
-1.169150 1.375323
-1.153788 1.338079
-1.138714 1.302030
-1.123911 1.267110
-1.109365 1.233260
-1.095064 1.200427
-1.080995 1.168561
-1.067148 1.137615
-1.053513 1.107548
-1.040079 1.078321
-1.026839 1.049898
-1.013785 1.022244
-1.000907 0.995328
-0.988201 0.969121
-0.975658 0.943596
-0.963273 0.918726
-0.951040 0.894488
-0.938954 0.870859
-0.927009 0.847817
-0.915200 0.825343
-0.903523 0.803417
-0.891975 0.782021
-0.880549 0.761138
-0.869243 0.740753
-0.858054 0.720849
-0.846976 0.701509
-0.836008 0.682524
-0.825146 0.663979
-0.814387 0.645862
-0.803727 0.628161
-0.793166 0.610864
-0.782699 0.593961
-0.772324 0.577440
-0.762039 0.561294
-0.751841 0.545510
-0.741729 0.530082
-0.731700 0.514999
-0.721752 0.500253
-0.711884 0.485837
-0.702093 0.471742
-0.692378 0.457961
-0.682736 0.444487
-0.673167 0.431313
-0.663668 0.418432
-0.654239 0.405839
-0.644877 0.393526
-0.635581 0.381488
-0.626350 0.369719
-0.617182 0.358213
-0.608077 0.346966
-0.599032 0.335971
-0.590047 0.325225
-0.581121 0.314721
-0.572252 0.304456
-0.563439 0.294425
-0.554682 0.284623
-0.545979 0.275046
-0.537329 0.265690
-0.528732 0.256552
-0.520185 0.247626
-0.511689 0.238910
-0.503243 0.230400
-0.494845 0.222091
-0.486496 0.213981
-0.478193 0.206067
-0.469936 0.198345
-0.461725 0.190811
-0.453559 0.183463
-0.445437 0.176298
-0.437358 0.169313
-0.429322 0.162505
-0.421328 0.155870
-0.413375 0.149408
-0.405462 0.143114
-0.397590 0.136987
-0.389757 0.131023
-0.381963 0.125221
-0.374208 0.119577
-0.366490 0.114091
-0.358809 0.108758
-0.351165 0.103578
-0.343557 0.098548
-0.335985 0.093665
-0.328448 0.088929
-0.320945 0.084376
-0.313477 0.079924
-0.306043 0.075611
-0.298641 0.071436
-0.291273 0.067398
-0.283937 0.063494
-0.276633 0.059723
-0.269360 0.056082
-0.262119 0.052571
-0.254908 0.049188
-0.247728 0.045931
-0.240578 0.042798
-0.233457 0.039787
-0.226365 0.036899
-0.219303 0.034130
-0.212269 0.031480
-0.205263 0.028946
-0.198285 0.026528
-0.191334 0.024225
-0.184411 0.022034
-0.177515 0.019955
-0.170645 0.017986
-0.163802 0.016126
-0.156984 0.014374
-0.150192 0.012729
-0.143426 0.011189
-0.136684 0.009753
-0.129968 0.008420
-0.123276 0.007210
-0.116608 0.006076
-0.109964 0.005042
-0.103344 0.004107
-0.096748 0.003269
-0.090175 0.002529
-0.083625 0.001885
-0.077098 0.001338
-0.070593 0.000885
-0.064110 0.000526
-0.057650 0.000258
-0.051212 0.000081
-0.044795 -0.000007
-0.041594 0.000000
-0.038394 -0.000007
-0.031977 0.000082
-0.025539 0.000260
-0.019078 0.000529
-0.012596 0.000890
-0.006091 0.001343
0.000436 0.001890
0.006986 0.002532
0.013560 0.003270
0.020156 0.004104
0.026776 0.005035
0.033419 0.006066
0.040087 0.007196
0.046779 0.008428
0.053496 0.009761
0.060237 0.011197
0.067004 0.012738
0.073795 0.014385
0.080613 0.016138
0.087457 0.017951
0.094326 0.019918
0.101223 0.021994
0.108146 0.024182
0.115096 0.026483
0.122074 0.028898
0.129080 0.031428
0.136114 0.034075
0.143177 0.036841
0.150268 0.039726
0.157389 0.042732
0.164539 0.045861
0.171720 0.049115
0.178930 0.052494
0.186172 0.056001
0.193444 0.059637
0.200748 0.063403
0.208084 0.067302
0.215453 0.071295
0.222854 0.075462
0.230289 0.079767
0.237757 0.084212
0.245259 0.088799
0.252796 0.093529
0.260369 0.098404
0.267977 0.103427
0.275621 0.108600
0.283301 0.113925
0.291019 0.119404
0.298775 0.125039
0.306569 0.130832
0.314401 0.136787
0.322274 0.142905
0.330186 0.149189
0.338139 0.155641
0.346133 0.162265
0.354170 0.169062
0.362248 0.176036
0.370371 0.183189
0.378537 0.190525
0.386748 0.198046
0.395004 0.205755
0.403307 0.213655
0.411657 0.221751
0.420055 0.230044
0.428501 0.238539
0.436997 0.247240
0.445543 0.256149
0.454141 0.265270
0.462790 0.274608
0.471494 0.284166
0.480251 0.293949
0.489063 0.303960
0.497932 0.314205
0.506859 0.324687
0.515844 0.335411
0.524888 0.346383
0.533993 0.357606
0.543161 0.369087
0.552392 0.380831
0.561688 0.392842
0.571050 0.405128
0.580480 0.417693
0.589978 0.430544
0.599548 0.443688
0.609189 0.457130
0.618904 0.470878
0.628696 0.484939
0.638564 0.499320
0.648512 0.514030
0.658541 0.529075
0.668653 0.544465
0.678850 0.560208
0.689135 0.576313
0.699510 0.592790
0.709977 0.609648
0.720539 0.626899
0.731198 0.644552
0.741957 0.662619
0.752819 0.681112
0.763788 0.700044
0.774865 0.719427
0.786055 0.739276
0.797361 0.759604
0.808786 0.780427
0.820335 0.801762
0.832011 0.823624
0.843820 0.846032
0.855765 0.869005
0.867851 0.892562
0.880084 0.916726
0.892469 0.941518
0.905012 0.966859
0.917719 0.992979
0.930596 1.019805
0.943651 1.047365
0.956891 1.075691
0.970324 1.104817
0.983960 1.134778
0.997807 1.165614
1.011875 1.197366
1.026176 1.230079
1.040722 1.263804
1.055525 1.298593
1.070600 1.334506
1.085962 1.371606
1.101628 1.409964
1.117618 1.449658
1.133951 1.490775
1.150652 1.533409
1.167745 1.577668
1.185261 1.623674
1.203232 1.671561
1.221696 1.721484
1.240695 1.773621
1.260280 1.828177
1.280507 1.885389
1.301444 1.945537
1.323172 2.008955
1.345788 2.076043
1.369411 2.147292
1.394188 2.223312
1.420307 2.304879
1.448014 2.393007
1.477638 2.489060
1.509643 2.594953
1.544716 2.713527
1.583957 2.849325
1.629338 3.010501
1.685169 3.214860
1.766260 3.523608
