-1.852233 3.488828
-1.768557 3.182752
-1.710945 2.980185
-1.664117 2.820474
-1.623624 2.685887
-1.587433 2.568378
-1.554407 2.463443
-1.523839 2.368265
-1.495249 2.280944
-1.468296 2.200127
-1.442729 2.124811
-1.418353 2.054225
-1.395016 1.987764
-1.372595 1.924942
-1.350990 1.865360
-1.330118 1.808690
-1.309909 1.754653
-1.290304 1.703014
-1.271251 1.653569
-1.252707 1.606142
-1.234633 1.560581
-1.216994 1.516750
-1.199761 1.474530
-1.182907 1.433815
-1.166407 1.394509
-1.150241 1.356527
-1.134389 1.319792
-1.118834 1.284261
-1.103559 1.249813
-1.088549 1.216422
-1.073792 1.184035
-1.059275 1.152602
-1.044986 1.122079
-1.030916 1.092399
-1.017054 1.063568
-1.003392 1.035529
-0.989921 1.008249
-0.976633 0.981697
-0.963521 0.955844
-0.950578 0.930663
-0.937799 0.906129
-0.925175 0.882218
-0.912704 0.858907
-0.900378 0.836176
-0.888193 0.814004
-0.876144 0.792374
-0.864226 0.771266
-0.852437 0.750665
-0.840770 0.730555
-0.829224 0.710919
-0.817793 0.691745
-0.806475 0.673019
-0.795267 0.654726
-0.784164 0.636856
-0.773165 0.619396
-0.762267 0.602336
-0.751466 0.585663
-0.740760 0.569441
-0.730147 0.553514
-0.719624 0.537946
-0.709190 0.522727
-0.698841 0.507850
-0.688576 0.493305
-0.678393 0.479086
-0.668290 0.465183
-0.658265 0.451591
-0.648316 0.438301
-0.638441 0.425307
-0.628640 0.412603
-0.618909 0.400182
-0.609249 0.388038
-0.599657 0.376165
-0.590131 0.364558
-0.580671 0.353210
-0.571275 0.342118
-0.561942 0.331275
-0.552671 0.320676
-0.543460 0.310318
-0.534308 0.300195
-0.525215 0.290302
-0.516178 0.280636
-0.507197 0.271192
-0.498272 0.261966
-0.489400 0.252954
-0.480581 0.244153
-0.471814 0.235558
-0.463099 0.227166
-0.454433 0.218973
-0.445817 0.210976
-0.437250 0.203172
-0.428730 0.195558
-0.420257 0.188129
-0.411831 0.180884
-0.403449 0.173820
-0.395113 0.166932
-0.386820 0.160219
-0.378571 0.153678
-0.370364 0.147307
-0.362200 0.141101
-0.354077 0.135060
-0.345994 0.129180
-0.337951 0.123460
-0.329949 0.117896
-0.321985 0.112487
-0.314059 0.107229
-0.306171 0.102122
-0.298321 0.097163
-0.290507 0.092350
-0.282730 0.087680
-0.274988 0.083152
-0.267281 0.078764
-0.259610 0.074514
-0.251973 0.070401
-0.244369 0.066421
-0.236799 0.062574
-0.229262 0.058880
-0.221758 0.055292
-0.214285 0.051832
-0.206845 0.048498
-0.199435 0.045288
-0.192057 0.042200
-0.184709 0.039233
-0.177392 0.036386
-0.170104 0.033658
-0.162846 0.031045
-0.155616 0.028549
-0.148416 0.026166
-0.141244 0.023895
-0.134100 0.021736
-0.126983 0.019687
-0.119895 0.017746
-0.112833 0.015913
-0.105798 0.014186
-0.098789 0.012564
-0.091807 0.011046
-0.084851 0.009631
-0.077920 0.008317
-0.071015 0.007103
-0.064134 0.005989
-0.057279 0.004973
-0.050448 0.004054
-0.043641 0.003232
-0.036858 0.002504
-0.030099 0.001871
-0.023364 0.001330
-0.016652 0.000882
-0.009963 0.000526
-0.003296 0.000259
0.003348 0.000082
0.009969 -0.000007
0.013272 0.000000
0.016574 -0.000008
0.023195 0.000079
0.029839 0.000254
0.036506 0.000518
0.043195 0.000873
0.049907 0.001319
0.056642 0.001857
0.063401 0.002488
0.070184 0.003213
0.076991 0.004033
0.083822 0.004950
0.090677 0.005963
0.097558 0.007075
0.104463 0.008286
0.111394 0.009598
0.118350 0.011011
0.125333 0.012527
0.132341 0.014146
0.139376 0.015870
0.146438 0.017701
0.153527 0.019639
0.160643 0.021685
0.167787 0.023842
0.174959 0.026109
0.182159 0.028489
0.189389 0.030983
0.196647 0.033559
0.203935 0.036284
0.211252 0.039127
0.218600 0.042090
0.225979 0.045173
0.233388 0.048379
0.240828 0.051709
0.248301 0.055165
0.255805 0.058748
0.263342 0.062460
0.270912 0.066303
0.278516 0.070278
0.286153 0.074387
0.293825 0.078633
0.301531 0.083016
0.309273 0.087539
0.317050 0.092203
0.324864 0.097012
0.332714 0.101966
0.340602 0.107067
0.348528 0.112319
0.356492 0.117723
0.364495 0.123281
0.372537 0.128996
0.380620 0.134870
0.388743 0.140905
0.396908 0.147104
0.405114 0.153469
0.413363 0.160004
0.421656 0.166710
0.429992 0.173591
0.438374 0.180648
0.446800 0.187886
0.455273 0.195307
0.463793 0.202915
0.472360 0.210711
0.480976 0.218700
0.489642 0.226885
0.498358 0.235269
0.507124 0.243856
0.515943 0.252649
0.524815 0.261652
0.533741 0.270869
0.542721 0.280305
0.551758 0.289962
0.560852 0.299845
0.570003 0.309959
0.579214 0.320308
0.588486 0.330897
0.597818 0.341730
0.607214 0.352812
0.616674 0.364150
0.626200 0.375747
0.635792 0.387609
0.645452 0.399742
0.655183 0.412152
0.664984 0.424845
0.674859 0.437828
0.684808 0.451106
0.694833 0.464687
0.704936 0.478578
0.715119 0.492786
0.725384 0.507318
0.735733 0.522184
0.746168 0.537390
0.756690 0.552946
0.767303 0.568861
0.778009 0.585144
0.788810 0.601804
0.799708 0.618853
0.810707 0.636301
0.821810 0.654159
0.833018 0.672439
0.844336 0.691153
0.855767 0.710314
0.867314 0.729936
0.878980 0.750033
0.890770 0.770621
0.902687 0.791715
0.914736 0.813332
0.926921 0.835415
0.939247 0.858129
0.951719 0.881423
0.964342 0.905317
0.977122 0.929834
0.990064 0.954997
1.003176 0.980831
1.016464 1.007364
1.029935 1.034624
1.043598 1.062643
1.057459 1.091391
1.071530 1.121027
1.085818 1.151530
1.100335 1.182939
1.115092 1.215301
1.130102 1.248664
1.145377 1.283082
1.160933 1.318612
1.176784 1.355319
1.192950 1.393271
1.209450 1.432547
1.226304 1.473231
1.243537 1.515418
1.261176 1.559216
1.279250 1.604742
1.297795 1.652133
1.316847 1.701540
1.336452 1.753141
1.356661 1.807137
1.377533 1.863765
1.399138 1.923301
1.421559 1.986076
1.444896 2.052488
1.469272 2.123021
1.494840 2.198281
1.521792 2.279037
1.550382 2.366293
1.580950 2.461401
1.613976 2.566258
1.650168 2.683679
1.690660 2.818166
1.737488 2.977799
1.795100 3.180221
1.878776 3.486079
