-1.849362 3.495690
-1.768360 3.188827
-1.712591 2.985759
-1.667259 2.825629
-1.628062 2.690731
-1.593027 2.572957
-1.561057 2.467789
-1.531466 2.372404
-1.503790 2.284897
-1.477699 2.203911
-1.452949 2.128439
-1.429353 2.057710
-1.406761 1.991116
-1.385057 1.928170
-1.364143 1.868474
-1.343938 1.811695
-1.324375 1.757556
-1.305397 1.705820
-1.286953 1.656284
-1.269002 1.608771
-1.251505 1.563128
-1.234430 1.519220
-1.217748 1.476926
-1.201433 1.436140
-1.185461 1.396767
-1.169812 1.358721
-1.154467 1.321985
-1.139409 1.286367
-1.124622 1.251865
-1.110092 1.218420
-1.095807 1.185979
-1.081754 1.154494
-1.067922 1.123919
-1.054302 1.094212
-1.040883 1.065334
-1.027657 1.037250
-1.014617 1.009927
-1.001754 0.983334
-0.989061 0.957440
-0.976532 0.932220
-0.964161 0.907648
-0.951941 0.883700
-0.939868 0.860353
-0.927936 0.837587
-0.916141 0.815382
-0.904477 0.793718
-0.892941 0.772578
-0.881528 0.751945
-0.870234 0.731803
-0.859057 0.712138
-0.847992 0.692934
-0.837036 0.674178
-0.826185 0.655857
-0.815438 0.637959
-0.804791 0.620472
-0.794240 0.603384
-0.783785 0.586685
-0.773421 0.570365
-0.763148 0.554413
-0.752961 0.538874
-0.742860 0.523630
-0.732843 0.508728
-0.722906 0.494160
-0.713048 0.479916
-0.703268 0.465991
-0.693563 0.452376
-0.683932 0.439064
-0.674373 0.426048
-0.664885 0.413322
-0.655466 0.400880
-0.646114 0.388715
-0.636829 0.376822
-0.627608 0.365194
-0.618450 0.353827
-0.609355 0.342715
-0.600320 0.331853
-0.591345 0.321236
-0.582429 0.310859
-0.573570 0.300717
-0.564767 0.290807
-0.556019 0.281123
-0.547325 0.271662
-0.538685 0.262419
-0.530097 0.253391
-0.521560 0.244573
-0.513074 0.235962
-0.504637 0.227555
-0.496248 0.219347
-0.487908 0.211335
-0.479614 0.203516
-0.471367 0.195887
-0.463165 0.188445
-0.455007 0.181186
-0.446894 0.174108
-0.438824 0.167207
-0.430797 0.160481
-0.422811 0.153928
-0.414867 0.147544
-0.406963 0.141326
-0.399100 0.135273
-0.391275 0.129382
-0.383490 0.123650
-0.375743 0.118076
-0.368034 0.112656
-0.360361 0.107388
-0.352726 0.102271
-0.345126 0.097302
-0.337562 0.092479
-0.330034 0.087827
-0.322539 0.083290
-0.315079 0.078892
-0.307653 0.074633
-0.300260 0.070511
-0.292899 0.066523
-0.285571 0.062668
-0.278275 0.058944
-0.271011 0.055350
-0.263777 0.051883
-0.256575 0.048543
-0.249402 0.045327
-0.242260 0.042234
-0.235147 0.039262
-0.228063 0.036410
-0.221008 0.033677
-0.213982 0.031061
-0.206984 0.028560
-0.200014 0.026174
-0.193071 0.023900
-0.186155 0.021738
-0.179266 0.019687
-0.172404 0.017744
-0.165568 0.015909
-0.158758 0.014180
-0.151974 0.012556
-0.145215 0.011037
-0.138481 0.009621
-0.131772 0.008306
-0.125087 0.007092
-0.118427 0.005977
-0.111790 0.004961
-0.105178 0.004042
-0.098588 0.003220
-0.092023 0.002493
-0.085480 0.001860
-0.078959 0.001321
-0.072462 0.000874
-0.065987 0.000519
-0.059533 0.000254
-0.053102 0.000079
-0.046692 -0.000008
-0.043495 0.000000
-0.040298 -0.000007
-0.033889 0.000082
-0.027457 0.000260
-0.021004 0.000528
-0.014529 0.000886
-0.008031 0.001335
-0.001511 0.001877
0.005032 0.002512
0.011598 0.003242
0.018187 0.004067
0.024800 0.004988
0.031436 0.006007
0.038096 0.007125
0.044781 0.008341
0.051490 0.009659
0.058224 0.011078
0.064983 0.012600
0.071768 0.014227
0.078578 0.015958
0.085414 0.017796
0.092276 0.019741
0.099165 0.021757
0.106080 0.023920
0.113023 0.026194
0.119994 0.028581
0.126992 0.031082
0.134018 0.033699
0.141073 0.036432
0.148156 0.039284
0.155269 0.042255
0.162412 0.045347
0.169584 0.048563
0.176787 0.051902
0.184020 0.055368
0.191285 0.058961
0.198581 0.062683
0.205909 0.066536
0.213269 0.070522
0.220662 0.074642
0.228089 0.078898
0.235549 0.083292
0.243043 0.087826
0.250572 0.092502
0.258136 0.097322
0.265735 0.102288
0.273371 0.107401
0.281043 0.112665
0.288753 0.118081
0.296500 0.123651
0.304285 0.129378
0.312109 0.135264
0.319973 0.141312
0.327876 0.147524
0.335821 0.153902
0.343806 0.160449
0.351834 0.167168
0.359904 0.174062
0.368017 0.181132
0.376174 0.188383
0.384376 0.195817
0.392623 0.203437
0.400917 0.211247
0.409258 0.219249
0.417646 0.227446
0.426083 0.235843
0.434570 0.244443
0.443107 0.253249
0.451695 0.262265
0.460335 0.271494
0.469029 0.280942
0.477776 0.290611
0.486579 0.300507
0.495438 0.310632
0.504355 0.320993
0.513330 0.331593
0.522364 0.342437
0.531460 0.353531
0.540617 0.364879
0.549838 0.376486
0.559124 0.388358
0.568476 0.400501
0.577895 0.412921
0.587383 0.425623
0.596942 0.438614
0.606573 0.451900
0.616277 0.465489
0.626058 0.479386
0.635915 0.493601
0.645852 0.508139
0.655870 0.523010
0.665971 0.538221
0.676157 0.553782
0.686431 0.569700
0.696794 0.585985
0.707250 0.602545
0.717800 0.619592
0.728447 0.637038
0.739195 0.654893
0.750045 0.673169
0.761001 0.691879
0.772066 0.711035
0.783244 0.730650
0.794537 0.750740
0.805950 0.771319
0.817486 0.792403
0.829150 0.814008
0.840946 0.836153
0.852878 0.858856
0.864951 0.882138
0.877170 0.906018
0.889542 0.930519
0.902070 0.955665
0.914763 0.981482
0.927626 1.007996
0.940667 1.035236
0.953892 1.063233
0.967311 1.092021
0.980932 1.121634
0.994763 1.152111
1.008816 1.183494
1.023102 1.215828
1.037631 1.249161
1.052418 1.283546
1.067476 1.319041
1.082821 1.355711
1.098471 1.393624
1.114442 1.432857
1.130758 1.473446
1.147440 1.515583
1.164515 1.559327
1.182012 1.604797
1.199963 1.652126
1.218406 1.701469
1.237385 1.752999
1.256948 1.806920
1.277152 1.863466
1.298066 1.922914
1.319771 1.985594
1.342362 2.051902
1.365959 2.122322
1.390709 2.197458
1.416799 2.278077
1.444475 2.365180
1.474067 2.460117
1.506037 2.564780
1.541071 2.681976
1.580269 2.816197
1.625600 2.975502
1.681370 3.177490
1.762371 3.482657
