-1.877666 3.529099
-1.794261 3.219548
-1.736836 3.014683
-1.690160 2.853230
-1.649799 2.717116
-1.613725 2.598274
-1.580807 2.492148
-1.550337 2.395890
-1.521840 2.307578
-1.494975 2.225844
-1.469491 2.149673
-1.445194 2.078286
-1.421933 2.011070
-1.399584 1.947535
-1.378050 1.887277
-1.357246 1.829964
-1.337102 1.775313
-1.317561 1.723087
-1.298570 1.673080
-1.280086 1.625115
-1.262070 1.579036
-1.244489 1.534707
-1.227312 1.492007
-1.210512 1.450828
-1.194066 1.411076
-1.177953 1.372662
-1.162153 1.335509
-1.146647 1.299546
-1.131422 1.264710
-1.116461 1.230940
-1.101752 1.198184
-1.087282 1.166391
-1.073040 1.135517
-1.059015 1.105519
-1.045198 1.076358
-1.031580 1.047999
-1.018153 1.020406
-1.004908 0.993550
-0.991839 0.967401
-0.978938 0.941931
-0.966200 0.917115
-0.953618 0.892929
-0.941186 0.869350
-0.928900 0.846357
-0.916755 0.823930
-0.904745 0.802049
-0.892867 0.780698
-0.881115 0.759858
-0.869487 0.739513
-0.857978 0.719650
-0.846584 0.700252
-0.835303 0.681307
-0.824131 0.662801
-0.813064 0.644721
-0.802101 0.627057
-0.791238 0.609795
-0.780472 0.592926
-0.769801 0.576439
-0.759223 0.560325
-0.748734 0.544573
-0.738333 0.529175
-0.728018 0.514165
-0.717787 0.499447
-0.707637 0.485058
-0.697566 0.470989
-0.687574 0.457234
-0.677657 0.443784
-0.667814 0.430634
-0.658045 0.417777
-0.648346 0.405206
-0.638717 0.392915
-0.629156 0.380898
-0.619661 0.369150
-0.610232 0.357664
-0.600867 0.346436
-0.591564 0.335461
-0.582323 0.324733
-0.573142 0.314247
-0.564020 0.303999
-0.554956 0.293985
-0.545948 0.284199
-0.536997 0.274638
-0.528100 0.265298
-0.519257 0.256174
-0.510467 0.247263
-0.501729 0.238561
-0.493041 0.230064
-0.484404 0.221769
-0.475816 0.213672
-0.467276 0.205770
-0.458784 0.198060
-0.450339 0.190538
-0.441940 0.183202
-0.433585 0.176048
-0.425276 0.169073
-0.417010 0.162275
-0.408788 0.155651
-0.400608 0.149198
-0.392470 0.142914
-0.384373 0.136796
-0.376317 0.130841
-0.368300 0.125047
-0.360323 0.119412
-0.352385 0.113933
-0.344485 0.108608
-0.336623 0.103435
-0.328798 0.098412
-0.321010 0.093537
-0.313258 0.088807
-0.305541 0.084221
-0.297860 0.079776
-0.290213 0.075471
-0.282601 0.071304
-0.275022 0.067273
-0.267476 0.063376
-0.259964 0.059611
-0.252484 0.056002
-0.245036 0.052496
-0.237619 0.049117
-0.230234 0.045864
-0.222880 0.042735
-0.215556 0.039729
-0.208262 0.036844
-0.200998 0.034079
-0.193763 0.031431
-0.186557 0.028901
-0.179380 0.026486
-0.172231 0.024185
-0.165110 0.021997
-0.158017 0.019921
-0.150951 0.017955
-0.143913 0.016098
-0.136900 0.014348
-0.129915 0.012705
-0.122955 0.011168
-0.116021 0.009735
-0.109113 0.008405
-0.102230 0.007177
-0.095372 0.006050
-0.088539 0.005023
-0.081730 0.004094
-0.074945 0.003262
-0.068185 0.002527
-0.061448 0.001887
-0.054734 0.001341
-0.048044 0.000888
-0.041376 0.000528
-0.034732 0.000260
-0.028109 0.000081
-0.021509 -0.000007
-0.018218 0.000000
-0.014926 -0.000007
-0.008326 0.000082
-0.001704 0.000260
0.004941 0.000529
0.011609 0.000889
0.018299 0.001342
0.025013 0.001888
0.031750 0.002529
0.038510 0.003265
0.045295 0.004097
0.052104 0.005027
0.058937 0.006055
0.065795 0.007182
0.072678 0.008411
0.079586 0.009741
0.086520 0.011174
0.093480 0.012711
0.100465 0.014353
0.107477 0.016101
0.114516 0.017957
0.121582 0.019922
0.128675 0.021997
0.135796 0.024183
0.142945 0.026483
0.150122 0.028896
0.157328 0.031424
0.164563 0.034069
0.171827 0.036833
0.179121 0.039716
0.186444 0.042721
0.193799 0.045848
0.201184 0.049099
0.208600 0.052476
0.216049 0.055980
0.223529 0.059614
0.231041 0.063378
0.238587 0.067274
0.246165 0.071305
0.253778 0.075471
0.261425 0.079776
0.269106 0.084220
0.276823 0.088806
0.284575 0.093535
0.292363 0.098410
0.300188 0.103432
0.308050 0.108605
0.315950 0.113929
0.323888 0.119407
0.331865 0.125041
0.339881 0.130834
0.347938 0.136789
0.356035 0.142906
0.364173 0.149190
0.372353 0.155642
0.380575 0.162265
0.388841 0.169017
0.397150 0.175990
0.405504 0.183141
0.413904 0.190475
0.422349 0.197994
0.430841 0.205702
0.439381 0.213601
0.447969 0.221695
0.456606 0.229987
0.465293 0.238481
0.474032 0.247180
0.482822 0.256088
0.491665 0.265208
0.500562 0.274545
0.509513 0.284102
0.518520 0.293884
0.527584 0.303894
0.536707 0.314138
0.545888 0.324619
0.555129 0.335343
0.564431 0.346314
0.573797 0.357537
0.583226 0.369018
0.592721 0.380761
0.602282 0.392773
0.611911 0.405059
0.621610 0.417624
0.631379 0.430476
0.641222 0.443620
0.651138 0.457063
0.661131 0.470812
0.671201 0.484829
0.681352 0.499211
0.691583 0.513921
0.701898 0.528967
0.712299 0.544357
0.722787 0.560101
0.733366 0.576208
0.744037 0.592686
0.754803 0.609546
0.765666 0.626799
0.776629 0.644454
0.787696 0.662524
0.798868 0.681020
0.810149 0.699955
0.821542 0.719342
0.833052 0.739195
0.844680 0.759528
0.856431 0.780356
0.868310 0.801695
0.880320 0.823563
0.892465 0.845977
0.904751 0.868957
0.917183 0.892522
0.929765 0.916693
0.942503 0.941494
0.955404 0.966947
0.968473 0.993080
0.981718 1.019919
0.995145 1.047493
1.008763 1.075835
1.022580 1.104976
1.036605 1.134954
1.050847 1.165807
1.065317 1.197578
1.080026 1.230312
1.094987 1.264058
1.110212 1.298869
1.125717 1.334806
1.141518 1.371932
1.157631 1.410317
1.174077 1.450041
1.190876 1.491188
1.208054 1.533855
1.225635 1.578150
1.243651 1.624192
1.262135 1.672119
1.281126 1.722086
1.300667 1.774269
1.320810 1.828874
1.341614 1.886140
1.363149 1.946346
1.385498 2.009826
1.408759 2.076982
1.433056 2.148305
1.458540 2.224407
1.485405 2.306065
1.513902 2.394294
1.544372 2.490460
1.577290 2.596482
1.613364 2.715205
1.653725 2.851181
1.700401 3.012576
1.757825 3.217227
1.841230 3.526441
