-1.870916 3.496199
-1.787078 3.189453
-1.729355 2.986443
-1.682436 2.826347
-1.641865 2.691469
-1.605604 2.573707
-1.572514 2.468545
-1.541886 2.373162
-1.513241 2.285652
-1.486237 2.204686
-1.460620 2.129206
-1.436197 2.058468
-1.412814 1.991863
-1.390350 1.928905
-1.368703 1.869196
-1.347791 1.812403
-1.327543 1.758250
-1.307900 1.706499
-1.288810 1.656948
-1.270230 1.609420
-1.252121 1.563761
-1.234448 1.519836
-1.217181 1.477526
-1.200294 1.436724
-1.183763 1.397334
-1.167566 1.359272
-1.151684 1.322459
-1.136098 1.286825
-1.120793 1.252308
-1.105755 1.218847
-1.090969 1.186391
-1.076424 1.154891
-1.062108 1.124300
-1.048010 1.094578
-1.034122 1.065685
-1.020433 1.037587
-1.006935 1.010249
-0.993622 0.983640
-0.980485 0.957732
-0.967517 0.932498
-0.954712 0.907911
-0.942065 0.883949
-0.929569 0.860589
-0.917219 0.837810
-0.905010 0.815591
-0.892938 0.793915
-0.880998 0.772762
-0.869185 0.752118
-0.857496 0.731965
-0.845927 0.712288
-0.834475 0.693073
-0.823135 0.674307
-0.811905 0.655977
-0.800781 0.638069
-0.789760 0.620573
-0.778841 0.603476
-0.768019 0.586769
-0.757293 0.570441
-0.746659 0.554482
-0.736116 0.538882
-0.725661 0.523633
-0.715293 0.508727
-0.705008 0.494153
-0.694805 0.479906
-0.684682 0.465976
-0.674638 0.452357
-0.664669 0.439042
-0.654776 0.426023
-0.644955 0.413295
-0.635206 0.400850
-0.625527 0.388683
-0.615916 0.376787
-0.606372 0.365158
-0.596894 0.353789
-0.587480 0.342676
-0.578129 0.331813
-0.568840 0.321195
-0.559611 0.310817
-0.550441 0.300675
-0.541330 0.290764
-0.532276 0.281080
-0.523278 0.271619
-0.514335 0.262376
-0.505446 0.253348
-0.496610 0.244531
-0.487827 0.235921
-0.479094 0.227514
-0.470412 0.219307
-0.461779 0.211296
-0.453195 0.203478
-0.444659 0.195850
-0.436170 0.188409
-0.427727 0.181152
-0.419329 0.174075
-0.410976 0.167176
-0.402668 0.160451
-0.394403 0.153899
-0.386180 0.147517
-0.378000 0.141301
-0.369861 0.135250
-0.361763 0.129360
-0.353705 0.123630
-0.345686 0.118057
-0.337707 0.112639
-0.329766 0.107374
-0.321863 0.102259
-0.313997 0.097291
-0.306168 0.092471
-0.298376 0.087794
-0.290619 0.083259
-0.282898 0.078864
-0.275211 0.074608
-0.267559 0.070488
-0.259941 0.066502
-0.252357 0.062649
-0.244805 0.058928
-0.237286 0.055335
-0.229799 0.051870
-0.222344 0.048532
-0.214921 0.045317
-0.207528 0.042226
-0.200166 0.039256
-0.192834 0.036405
-0.185532 0.033673
-0.178260 0.031058
-0.171017 0.028559
-0.163802 0.026173
-0.156616 0.023900
-0.149458 0.021739
-0.142328 0.019688
-0.135226 0.017746
-0.128150 0.015911
-0.121102 0.014183
-0.114080 0.012560
-0.107084 0.011041
-0.100114 0.009625
-0.093170 0.008310
-0.086251 0.007096
-0.079358 0.005982
-0.072489 0.004965
-0.065645 0.004047
-0.058825 0.003224
-0.052029 0.002497
-0.045257 0.001864
-0.038508 0.001324
-0.031783 0.000877
-0.025081 0.000521
-0.018402 0.000256
-0.011745 0.000080
-0.005111 -0.000008
-0.001802 0.000000
0.001507 -0.000007
0.008141 0.000081
0.014798 0.000258
0.021477 0.000524
0.028179 0.000881
0.034904 0.001329
0.041653 0.001869
0.048425 0.002503
0.055221 0.003231
0.062041 0.004054
0.068885 0.004974
0.075754 0.005990
0.082647 0.007106
0.089566 0.008320
0.096510 0.009635
0.103480 0.011052
0.110476 0.012572
0.117498 0.014196
0.124546 0.015924
0.131622 0.017759
0.138724 0.019702
0.145854 0.021754
0.153012 0.023915
0.160198 0.026188
0.167413 0.028574
0.174656 0.031074
0.181928 0.033689
0.189230 0.036421
0.196562 0.039271
0.203924 0.042241
0.211317 0.045333
0.218740 0.048547
0.226195 0.051885
0.233682 0.055350
0.241201 0.058942
0.248753 0.062663
0.256337 0.066515
0.263955 0.070500
0.271607 0.074619
0.279294 0.078875
0.287015 0.083269
0.294772 0.087802
0.302564 0.092478
0.310393 0.097298
0.318259 0.102263
0.326162 0.107377
0.334103 0.112641
0.342082 0.118058
0.350101 0.123629
0.358159 0.129357
0.366257 0.135244
0.374396 0.141293
0.382576 0.147479
0.390799 0.153859
0.399064 0.160408
0.407372 0.167129
0.415725 0.174025
0.424123 0.181098
0.432566 0.188352
0.441055 0.195789
0.449591 0.203413
0.458175 0.211227
0.466808 0.219233
0.475490 0.227436
0.484223 0.235838
0.493006 0.244444
0.501842 0.253256
0.510731 0.262279
0.519674 0.271517
0.528672 0.280972
0.537726 0.290650
0.546837 0.300555
0.556007 0.310691
0.565236 0.321062
0.574525 0.331674
0.583876 0.342530
0.593290 0.353637
0.602768 0.364999
0.612312 0.376621
0.621923 0.388508
0.631602 0.400668
0.641351 0.413105
0.651172 0.425825
0.661065 0.438836
0.671034 0.452142
0.681078 0.465753
0.691201 0.479673
0.701404 0.493912
0.711689 0.508476
0.722057 0.523373
0.732512 0.538612
0.743055 0.554202
0.753689 0.570150
0.764415 0.586468
0.775237 0.603165
0.786156 0.620250
0.797177 0.637736
0.808301 0.655632
0.819531 0.673951
0.830871 0.692706
0.842323 0.711908
0.853892 0.731573
0.865581 0.751714
0.877394 0.772346
0.889334 0.793485
0.901406 0.815148
0.913615 0.837354
0.925965 0.860119
0.938461 0.883466
0.951108 0.907413
0.963913 0.931985
0.976881 0.957205
0.990018 0.983097
1.003331 1.009690
1.016829 1.037012
1.030517 1.065094
1.044406 1.093969
1.058504 1.123674
1.072820 1.154246
1.087365 1.185728
1.102151 1.218165
1.117189 1.251605
1.132494 1.286102
1.148080 1.321714
1.163962 1.358505
1.180159 1.396545
1.196690 1.435911
1.213577 1.476689
1.230844 1.518973
1.248517 1.562872
1.266626 1.608503
1.285206 1.656002
1.304296 1.705524
1.323939 1.757243
1.344187 1.811363
1.365099 1.868121
1.386746 1.927795
1.409210 1.990714
1.432593 2.057278
1.457016 2.127974
1.482633 2.203407
1.509637 2.284349
1.538282 2.371805
1.568910 2.467132
1.602000 2.572230
1.638261 2.689921
1.678832 2.824718
1.725751 2.984717
1.783474 3.187605
1.867312 3.494166
