-0.201554 2.646442
-0.168588 2.125482
-0.145890 1.757564
-0.127441 1.456686
-0.111488 1.198762
-0.097229 0.973391
-0.084218 0.775012
-0.072175 0.600816
-0.060911 0.449608
-0.050292 0.320352
-0.040220 0.213056
-0.030616 0.127754
-0.021422 0.064446
-0.012588 0.022841
-0.004076 0.002554
0.000069 0.000000
0.004215 0.002767
0.012727 0.024246
0.021560 0.069863
0.030755 0.141451
0.040358 0.241398
0.050431 0.371392
0.061050 0.533196
0.072313 0.728779
0.084357 0.960808
0.097368 1.232755
0.111627 1.551232
0.127580 1.926440
0.146029 2.378478
0.168726 2.951529
0.201693 3.801556
