-1.869939 3.526990
-1.786065 3.217630
-1.728319 3.012890
-1.681380 2.851430
-1.640792 2.715404
-1.604516 2.596638
-1.571412 2.490581
-1.540772 2.394384
-1.512115 2.306129
-1.485099 2.224448
-1.459472 2.148326
-1.435038 2.076985
-1.411646 2.009812
-1.389172 1.946318
-1.367516 1.886099
-1.346595 1.828822
-1.326339 1.774206
-1.306688 1.722013
-1.287591 1.672038
-1.269003 1.624104
-1.250886 1.578054
-1.233205 1.533753
-1.215932 1.491080
-1.199038 1.449928
-1.182500 1.410201
-1.166296 1.371812
-1.150407 1.334682
-1.134814 1.298743
-1.119503 1.263928
-1.104459 1.230180
-1.089667 1.197444
-1.075115 1.165672
-1.060793 1.134817
-1.046690 1.104838
-1.032796 1.075696
-1.019101 1.047354
-1.005598 1.019780
-0.992279 0.992940
-0.979136 0.966808
-0.966163 0.941354
-0.953353 0.916554
-0.940701 0.892383
-0.928199 0.868819
-0.915844 0.845840
-0.903631 0.823427
-0.891553 0.801560
-0.879608 0.780222
-0.867791 0.759395
-0.856097 0.739064
-0.844523 0.719213
-0.833066 0.699827
-0.821721 0.680894
-0.810486 0.662399
-0.799358 0.644353
-0.788333 0.626698
-0.777408 0.609447
-0.766582 0.592588
-0.755851 0.576110
-0.745213 0.560005
-0.734666 0.544263
-0.724207 0.528873
-0.713834 0.513829
-0.703545 0.499120
-0.693338 0.484740
-0.683211 0.470681
-0.673162 0.456934
-0.663189 0.443494
-0.653292 0.430352
-0.643467 0.417503
-0.633714 0.404941
-0.624031 0.392658
-0.614416 0.380649
-0.604868 0.368908
-0.595386 0.357430
-0.585968 0.346209
-0.576613 0.335241
-0.567320 0.324520
-0.558087 0.314041
-0.548914 0.303800
-0.539799 0.293792
-0.530741 0.284013
-0.521739 0.274458
-0.512793 0.265124
-0.503900 0.256007
-0.495060 0.247101
-0.486273 0.238405
-0.477537 0.229914
-0.468851 0.221624
-0.460215 0.213533
-0.451627 0.205636
-0.443087 0.197931
-0.434595 0.190414
-0.426148 0.183083
-0.417747 0.175934
-0.409391 0.168964
-0.401079 0.162171
-0.392810 0.155552
-0.384584 0.149103
-0.376401 0.142823
-0.368258 0.136709
-0.360157 0.130759
-0.352095 0.124969
-0.344074 0.119338
-0.336091 0.113863
-0.328147 0.108542
-0.320240 0.103373
-0.312371 0.098354
-0.304539 0.093482
-0.296743 0.088756
-0.288984 0.084173
-0.281259 0.079731
-0.273569 0.075430
-0.265914 0.071266
-0.258293 0.067237
-0.250705 0.063343
-0.243150 0.059582
-0.235628 0.055950
-0.228138 0.052448
-0.220680 0.049073
-0.213253 0.045824
-0.205858 0.042699
-0.198493 0.039697
-0.191158 0.036815
-0.183853 0.034053
-0.176577 0.031410
-0.169331 0.028883
-0.162114 0.026471
-0.154925 0.024173
-0.147764 0.021988
-0.140631 0.019914
-0.133525 0.017950
-0.126447 0.016095
-0.119396 0.014348
-0.112371 0.012706
-0.105372 0.011170
-0.098399 0.009738
-0.091452 0.008409
-0.084531 0.007181
-0.077634 0.006054
-0.070762 0.005026
-0.063915 0.004096
-0.057093 0.003264
-0.050294 0.002529
-0.043519 0.001888
-0.036768 0.001342
-0.030040 0.000889
-0.023335 0.000529
-0.016653 0.000260
-0.009993 0.000082
-0.003356 -0.000007
-0.000046 0.000000
0.003264 -0.000007
0.009901 0.000081
0.016561 0.000259
0.023243 0.000528
0.029948 0.000888
0.036676 0.001341
0.043427 0.001886
0.050202 0.002527
0.057000 0.003262
0.063823 0.004094
0.070670 0.005023
0.077542 0.006050
0.084438 0.007177
0.091360 0.008404
0.098307 0.009734
0.105280 0.011165
0.112278 0.012701
0.119303 0.014342
0.126355 0.016089
0.133433 0.017944
0.140539 0.019908
0.147672 0.021981
0.154833 0.024166
0.162022 0.026463
0.169239 0.028874
0.176485 0.031401
0.183761 0.034044
0.191066 0.036806
0.198401 0.039687
0.205766 0.042689
0.213161 0.045813
0.220588 0.049062
0.228046 0.052436
0.235536 0.055938
0.243058 0.059568
0.250613 0.063329
0.258201 0.067223
0.265822 0.071250
0.273477 0.075413
0.281167 0.079714
0.288891 0.084155
0.296651 0.088737
0.304447 0.093462
0.312279 0.098333
0.320148 0.103352
0.328054 0.108519
0.335999 0.113839
0.343981 0.119313
0.352003 0.124943
0.360064 0.130731
0.368166 0.136680
0.376308 0.142793
0.384492 0.149071
0.392718 0.155518
0.400987 0.162136
0.409299 0.168927
0.417655 0.175895
0.426056 0.183042
0.434502 0.190372
0.442995 0.197886
0.451535 0.205589
0.460123 0.213483
0.468759 0.221572
0.477445 0.229859
0.486181 0.238348
0.494968 0.247041
0.503808 0.255943
0.512700 0.265058
0.521647 0.274389
0.530649 0.283940
0.539707 0.293716
0.548822 0.303720
0.557995 0.313957
0.567228 0.324432
0.576521 0.335150
0.585876 0.346114
0.595294 0.357330
0.604776 0.368804
0.614324 0.380540
0.623939 0.392544
0.633622 0.404822
0.643375 0.417380
0.653200 0.430223
0.663097 0.443359
0.673070 0.456794
0.683119 0.470535
0.693246 0.484588
0.703453 0.498962
0.713742 0.513664
0.724115 0.528702
0.734574 0.544084
0.745121 0.559820
0.755759 0.575861
0.766490 0.592330
0.777316 0.609180
0.788241 0.626422
0.799266 0.644067
0.810394 0.662127
0.821629 0.680612
0.832973 0.699536
0.844431 0.718911
0.856005 0.738752
0.867698 0.759073
0.879516 0.779889
0.891461 0.801215
0.903538 0.823071
0.915752 0.845472
0.928107 0.868438
0.940608 0.891988
0.953261 0.916146
0.966071 0.940932
0.979044 0.966371
0.992187 0.992488
1.005506 1.019312
1.019009 1.046870
1.032703 1.075195
1.046598 1.104319
1.060701 1.134280
1.075023 1.165115
1.089575 1.196867
1.104366 1.229582
1.119411 1.263308
1.134722 1.298100
1.150314 1.334016
1.166204 1.371121
1.182407 1.409484
1.198946 1.449184
1.215840 1.490308
1.233113 1.532950
1.250793 1.577220
1.268910 1.623236
1.287498 1.671136
1.306596 1.721074
1.326247 1.773227
1.346503 1.827802
1.367424 1.885034
1.389080 1.945206
1.411554 2.008651
1.434946 2.075769
1.459379 2.147052
1.485007 2.223111
1.512022 2.304682
1.540680 2.392859
1.571320 2.488971
1.604424 2.594933
1.640700 2.713588
1.681288 2.849487
1.728226 3.010791
1.785973 3.215327
1.869847 3.524369
