-1.770509 3.534200
-1.688932 3.224013
-1.632766 3.018742
-1.587113 2.856873
-1.547637 2.720508
-1.512353 2.601453
-1.480156 2.495140
-1.450355 2.398715
-1.422482 2.310254
-1.396206 2.228384
-1.371281 2.152089
-1.347516 2.080587
-1.324764 2.013265
-1.302906 1.949630
-1.281843 1.889280
-1.261495 1.831880
-1.241793 1.777148
-1.222680 1.724845
-1.204106 1.674766
-1.186027 1.626732
-1.168406 1.580588
-1.151210 1.536198
-1.134409 1.493439
-1.117978 1.452205
-1.101892 1.412399
-1.086132 1.373935
-1.070678 1.336734
-1.055513 1.300725
-1.040621 1.265844
-1.025988 1.232032
-1.011601 1.199236
-0.997449 1.167404
-0.983519 1.136493
-0.969801 1.106459
-0.956287 1.077355
-0.942968 1.048960
-0.929835 1.021334
-0.916880 0.994445
-0.904097 0.968265
-0.891479 0.942765
-0.879020 0.917920
-0.866714 0.893706
-0.854555 0.870100
-0.842539 0.847081
-0.830659 0.824629
-0.818913 0.802724
-0.807294 0.781349
-0.795801 0.760486
-0.784427 0.740120
-0.773170 0.720236
-0.762026 0.700818
-0.750992 0.681853
-0.740065 0.663328
-0.729241 0.645230
-0.718518 0.627548
-0.707893 0.610269
-0.697363 0.593384
-0.686926 0.576881
-0.676580 0.560751
-0.666321 0.544984
-0.656148 0.529572
-0.646059 0.514504
-0.636052 0.499774
-0.626124 0.485372
-0.616275 0.471292
-0.606501 0.457525
-0.596802 0.444065
-0.587175 0.430905
-0.577619 0.418037
-0.568133 0.405456
-0.558715 0.393156
-0.549364 0.381130
-0.540077 0.369373
-0.530855 0.357879
-0.521695 0.346643
-0.512596 0.335659
-0.503557 0.324923
-0.494577 0.314430
-0.485655 0.304175
-0.476790 0.294154
-0.467980 0.284361
-0.459225 0.274794
-0.450523 0.265448
-0.441874 0.256318
-0.433276 0.247401
-0.424729 0.238693
-0.416233 0.230191
-0.407785 0.221891
-0.399385 0.213789
-0.391032 0.205882
-0.382726 0.198167
-0.374466 0.190640
-0.366251 0.183299
-0.358080 0.176141
-0.349953 0.169162
-0.341868 0.162361
-0.333826 0.155774
-0.325825 0.149316
-0.317865 0.143027
-0.309946 0.136904
-0.302066 0.130944
-0.294226 0.125146
-0.286424 0.119506
-0.278659 0.114023
-0.270933 0.108695
-0.263243 0.103518
-0.255589 0.098491
-0.247972 0.093612
-0.240389 0.088879
-0.232842 0.084289
-0.225329 0.079841
-0.217850 0.075533
-0.210404 0.071363
-0.202992 0.067329
-0.195612 0.063429
-0.188264 0.059662
-0.180948 0.056026
-0.173663 0.052518
-0.166409 0.049138
-0.159185 0.045884
-0.151992 0.042755
-0.144829 0.039748
-0.137695 0.036862
-0.130590 0.034096
-0.123514 0.031449
-0.116466 0.028918
-0.109446 0.026503
-0.102454 0.024201
-0.095489 0.022013
-0.088552 0.019936
-0.081641 0.017969
-0.074756 0.016111
-0.067898 0.014361
-0.061065 0.012738
-0.054258 0.011196
-0.047476 0.009759
-0.040719 0.008425
-0.033987 0.007192
-0.027280 0.006061
-0.020596 0.005030
-0.013936 0.004097
-0.007301 0.003263
-0.000688 0.002526
0.005901 0.001885
0.012468 0.001340
0.019012 0.000888
0.025533 0.000528
0.032032 0.000260
0.038509 0.000082
0.044964 -0.000007
0.048184 0.000000
0.051404 -0.000007
0.057859 0.000081
0.064336 0.000259
0.070835 0.000528
0.077356 0.000888
0.083900 0.001341
0.090467 0.001887
0.097056 0.002528
0.103668 0.003264
0.110304 0.004097
0.116964 0.005027
0.123647 0.006056
0.130355 0.007185
0.137087 0.008414
0.143844 0.009745
0.150626 0.011179
0.157433 0.012718
0.164265 0.014362
0.171124 0.016112
0.178008 0.017970
0.184919 0.019937
0.191857 0.022014
0.198822 0.024155
0.205814 0.026454
0.212834 0.028866
0.219882 0.031394
0.226958 0.034038
0.234063 0.036801
0.241197 0.039683
0.248360 0.042687
0.255553 0.045813
0.262777 0.049063
0.270031 0.052439
0.277315 0.055942
0.284632 0.059574
0.291979 0.063337
0.299360 0.067232
0.306772 0.071261
0.314218 0.075427
0.321697 0.079730
0.329210 0.084172
0.336757 0.088756
0.344340 0.093484
0.351957 0.098357
0.359611 0.103377
0.367301 0.108547
0.375027 0.113831
0.382791 0.119306
0.390594 0.124936
0.398434 0.130726
0.406314 0.136676
0.414233 0.142789
0.422193 0.149068
0.430194 0.155516
0.438236 0.162134
0.446320 0.168927
0.454448 0.175895
0.462619 0.183043
0.470834 0.190373
0.479094 0.197889
0.487400 0.205592
0.495753 0.213487
0.504152 0.221576
0.512600 0.229864
0.521097 0.238353
0.529644 0.247047
0.538242 0.255949
0.546891 0.265064
0.555593 0.274396
0.564348 0.283947
0.573158 0.293723
0.582023 0.303727
0.590945 0.313964
0.599925 0.324439
0.608964 0.335156
0.618062 0.346120
0.627222 0.357336
0.636445 0.368809
0.645731 0.380544
0.655083 0.392548
0.664501 0.404825
0.673987 0.417382
0.683543 0.430224
0.693170 0.443359
0.702869 0.456792
0.712643 0.470531
0.722492 0.484583
0.732420 0.498955
0.742427 0.513654
0.752516 0.528690
0.762689 0.544070
0.772948 0.559803
0.783294 0.575897
0.793731 0.592364
0.804261 0.609211
0.814886 0.626451
0.825609 0.644093
0.836433 0.662149
0.847360 0.680630
0.858394 0.699550
0.869538 0.718922
0.880795 0.738758
0.892168 0.759074
0.903662 0.779884
0.915281 0.801206
0.927027 0.823055
0.938906 0.845449
0.950923 0.868408
0.963082 0.891952
0.975388 0.916102
0.987847 0.940879
1.000465 0.966309
1.013248 0.992417
1.026203 1.019231
1.039336 1.046778
1.052655 1.075092
1.066169 1.104204
1.079887 1.134152
1.093816 1.164974
1.107969 1.196712
1.122356 1.229411
1.136989 1.263121
1.151881 1.297895
1.167046 1.333793
1.182500 1.370776
1.198260 1.409115
1.214346 1.448790
1.230777 1.489887
1.247578 1.532501
1.264774 1.576740
1.282395 1.622724
1.300474 1.670589
1.319048 1.720490
1.338161 1.772604
1.357863 1.827136
1.378211 1.884323
1.399274 1.944445
1.421132 2.007836
1.443884 2.074896
1.467648 2.146115
1.492574 2.222105
1.518850 2.303640
1.546723 2.391733
1.576524 2.487750
1.608721 2.593603
1.644004 2.712134
1.683480 2.847884
1.729134 3.009005
1.785300 3.213298
1.866876 3.521951
