-1.259780 4.210338
-1.202826 3.834063
-1.163612 3.577328
-1.131739 3.370495
-1.104177 3.193189
-1.079544 3.036092
-1.036258 2.763558
-1.016798 2.642737
-0.998453 2.529737
-0.981051 2.423467
-0.964459 2.323364
-0.948575 2.228165
-0.933314 2.137754
-0.918609 2.051522
-0.904402 1.969089
-0.890647 1.890270
-0.877303 1.814387
-0.864335 1.741769
-0.851712 1.671725
-0.839410 1.604294
-0.827404 1.539319
-0.815674 1.476661
-0.804202 1.416195
-0.792972 1.357810
-0.781969 1.301290
-0.771179 1.246765
-0.760591 1.194052
-0.750194 1.143082
-0.739978 1.093788
-0.729934 1.046111
-0.720053 0.999996
-0.710327 0.955393
-0.700750 0.912255
-0.691315 0.870539
-0.682016 0.830205
-0.672847 0.791215
-0.663802 0.753536
-0.654878 0.717133
-0.646068 0.681976
-0.637370 0.648036
-0.628778 0.615285
-0.620289 0.583697
-0.611899 0.553446
-0.603605 0.524092
-0.595404 0.495668
-0.587293 0.468492
-0.579268 0.442363
-0.571327 0.417260
-0.563468 0.393163
-0.555688 0.370050
-0.547984 0.348095
-0.540355 0.326871
-0.532798 0.306574
-0.525312 0.287187
-0.517894 0.268688
-0.510542 0.251059
-0.503255 0.234283
-0.496031 0.218337
-0.488869 0.203204
-0.481767 0.188862
-0.474723 0.175292
-0.467736 0.162473
-0.460805 0.150386
-0.453928 0.139008
-0.447105 0.128318
-0.440333 0.118295
-0.433612 0.108916
-0.426940 0.100159
-0.420317 0.092001
-0.413742 0.084420
-0.407213 0.077393
-0.400729 0.070896
-0.394291 0.064907
-0.387895 0.059197
-0.381543 0.054136
-0.375232 0.049515
-0.368963 0.045309
-0.362734 0.041496
-0.356544 0.038054
-0.350393 0.034960
-0.344281 0.032194
-0.338205 0.029733
-0.332167 0.027556
-0.326164 0.025643
-0.320197 0.023975
-0.314265 0.022531
-0.308367 0.021294
-0.302502 0.020245
-0.296671 0.019366
-0.290872 0.018642
-0.285105 0.018056
-0.279369 0.017593
-0.273664 0.017238
-0.267990 0.016978
-0.262346 0.016801
-0.256731 0.016693
-0.251145 0.016643
-0.245588 0.016642
-0.240059 0.016677
-0.234557 0.016742
-0.229083 0.016826
-0.223636 0.016922
-0.218215 0.017023
-0.212821 0.017123
-0.207452 0.017214
-0.202109 0.017292
-0.196790 0.017353
-0.191496 0.017391
-0.186227 0.017402
-0.180982 0.017385
-0.175760 0.017336
-0.170562 0.017253
-0.165386 0.017133
-0.160234 0.016977
-0.155104 0.016781
-0.149996 0.016547
-0.144910 0.016274
-0.139845 0.015962
-0.134802 0.015611
-0.129780 0.015222
-0.124779 0.014797
-0.119798 0.014336
-0.114838 0.013842
-0.109897 0.013317
-0.104977 0.012762
-0.100076 0.012180
-0.095194 0.011769
-0.090331 0.011129
-0.085488 0.010470
-0.080663 0.009798
-0.075856 0.009113
-0.071068 0.008422
-0.066297 0.007728
-0.061545 0.006926
-0.056810 0.006249
-0.052093 0.005582
-0.047392 0.004928
-0.042709 0.004474
-0.038043 0.003681
-0.033394 0.003098
-0.028761 0.002713
-0.024144 0.002037
-0.019543 0.001743
-0.014959 0.001279
-0.010390 0.000948
-0.005837 0.000587
-0.001300 0.000306
0.003222 0.000112
0.007729 0.000021
0.009977 0.000000
0.012225 0.000022
0.016732 0.000123
0.021254 0.000351
0.025791 0.000706
0.030344 0.001116
0.034913 0.001713
0.039497 0.002232
0.044098 0.003241
0.048715 0.004181
0.053348 0.005366
0.057997 0.006496
0.062663 0.008004
0.067346 0.009712
0.072047 0.011780
0.076764 0.013949
0.081499 0.016150
0.086251 0.018776
0.091022 0.021664
0.095810 0.024826
0.100617 0.028277
0.105442 0.032030
0.110285 0.036100
0.115148 0.040499
0.120030 0.045397
0.124931 0.050518
0.129851 0.056015
0.134792 0.061691
0.139752 0.067960
0.144733 0.074647
0.149734 0.081767
0.154756 0.089394
0.159799 0.097430
0.164864 0.105943
0.169950 0.114948
0.175058 0.124459
0.180188 0.134489
0.185340 0.145053
0.190516 0.156163
0.195714 0.167833
0.200936 0.180075
0.206181 0.192902
0.211450 0.206326
0.216744 0.220357
0.222062 0.235008
0.227406 0.250291
0.232775 0.266213
0.238169 0.282787
0.243590 0.300024
0.249037 0.317933
0.254511 0.336524
0.260013 0.355597
0.265542 0.375566
0.271099 0.396238
0.276685 0.417734
0.282300 0.439871
0.287944 0.462742
0.293618 0.486178
0.299323 0.510489
0.305059 0.535544
0.310826 0.561345
0.316625 0.587900
0.334219 0.671830
0.340151 0.701488
0.346118 0.731790
0.352121 0.762893
0.358159 0.794847
0.364235 0.827496
0.370347 0.860933
0.376498 0.895153
0.382688 0.930160
0.388917 0.965957
0.395186 1.002548
0.401497 1.039938
0.407849 1.077915
0.414245 1.116920
0.420683 1.156690
0.427167 1.197266
0.433696 1.238647
0.440271 1.280841
0.446894 1.323850
0.453566 1.367676
0.460287 1.412325
0.467059 1.457799
0.473882 1.504105
0.480759 1.551245
0.487690 1.599226
0.494677 1.648053
0.501721 1.697733
0.508823 1.748271
0.515985 1.799675
0.523209 1.851954
0.530496 1.905114
0.537848 1.959166
0.545266 2.014118
0.552752 2.069980
0.560309 2.126765
0.567938 2.184483
0.575642 2.243148
0.583422 2.302774
0.591281 2.363374
0.599222 2.424966
0.607247 2.487566
0.615358 2.551191
0.623559 2.615650
0.631853 2.681367
0.640243 2.748170
0.648732 2.816082
0.657324 2.885129
0.666022 2.955338
0.674832 3.026739
0.683756 3.099363
0.692801 3.173245
0.701970 3.248423
0.711269 3.325097
0.720704 3.402825
0.730281 3.482140
0.740007 3.562932
0.749888 3.645339
0.759932 3.729301
0.770148 3.814743
0.780545 3.902046
0.791133 3.991158
0.801923 4.082168
0.812926 4.175169
0.824156 4.270270
0.835628 4.367589
0.847358 4.467259
0.859364 4.569563
0.871666 4.674442
0.884288 4.781950
0.897257 4.892710
0.910601 5.006905
0.924356 5.124579
0.938563 5.246094
0.953268 5.372049
0.968529 5.502803
0.984413 5.638923
1.001005 5.781296
1.018407 5.930304
1.036752 6.087457
1.056212 6.253943
1.077019 6.431847
1.099498 6.623728
1.124131 6.833920
1.151693 7.068484
1.183566 7.339138
1.222780 7.670716
1.279734 8.150211
