-0.558867 2.258658
-0.501047 1.740391
-0.461238 1.409259
-0.428880 1.155401
-0.400900 0.947105
-0.375892 0.770216
-0.353071 0.617528
-0.331949 0.484344
-0.312193 0.368426
-0.293569 0.268401
-0.275903 0.183617
-0.259059 0.114222
-0.242933 0.060222
-0.227440 0.022792
-0.212511 0.002939
-0.205240 0.000000
-0.197969 0.002389
-0.183040 0.025553
-0.167547 0.081196
-0.134577 0.348557
-0.116911 0.610587
-0.098287 1.018044
-0.078531 1.650850
-0.057409 2.624524
-0.034588 4.021356
-0.009580 5.749565
0.018400 7.672164
0.050758 9.753080
0.090567 12.085890
0.148387 15.101388
