0.000000 0.000000
0.000000 2.743852
0.000000 2.095545
0.000000 1.606482
0.000000 1.224982
0.000000 0.922005
0.000000 0.679881
0.000000 0.486544
0.000000 0.333454
0.000000 0.214995
0.000000 0.126211
0.000000 0.063213
0.000000 0.022529
0.000000 0.002507
0.000000 0.002585
0.000000 0.024606
0.000000 0.072333
0.000000 0.150740
0.000000 0.262923
0.000000 0.413449
0.000000 0.608725
0.000000 0.857435
0.000000 1.169942
0.000000 1.561587
0.000000 2.055585
0.000000 3.527252
0.000000 4.715074
0.000000 6.748933
0.000000 3.662113
0.000000 5.233002
