-1.802654 3.541851
-1.722198 3.230669
-1.666804 3.024767
-1.621777 2.862416
-1.582844 2.725656
-1.548045 2.606263
-1.516291 2.499657
-1.486899 2.402971
-1.459409 2.314276
-1.433494 2.232193
-1.408911 2.155703
-1.385473 2.084022
-1.363034 2.016534
-1.341476 1.952745
-1.320702 1.892251
-1.300634 1.834716
-1.281203 1.779858
-1.262352 1.727436
-1.244033 1.677245
-1.226202 1.629105
-1.208824 1.582861
-1.191864 1.538376
-1.175294 1.495527
-1.159088 1.454208
-1.143224 1.414320
-1.127680 1.375778
-1.112439 1.338503
-1.097482 1.302424
-1.082795 1.267475
-1.068363 1.233599
-1.054174 1.200740
-1.040215 1.168850
-1.026477 1.137882
-1.012948 1.107794
-0.999620 1.078547
-0.986483 1.050188
-0.973530 1.022514
-0.960754 0.995580
-0.948147 0.969355
-0.935702 0.943813
-0.923414 0.918927
-0.911277 0.894674
-0.899285 0.871030
-0.887434 0.847975
-0.875718 0.825488
-0.864132 0.803549
-0.852674 0.782142
-0.841338 0.761248
-0.830121 0.740852
-0.819018 0.720939
-0.808028 0.701493
-0.797145 0.682502
-0.786368 0.663951
-0.775693 0.645828
-0.765117 0.628122
-0.754638 0.610820
-0.744253 0.593912
-0.733960 0.577388
-0.723755 0.561238
-0.713637 0.545451
-0.703604 0.530019
-0.693654 0.514933
-0.683784 0.500185
-0.673993 0.485766
-0.664279 0.471669
-0.654639 0.457887
-0.645073 0.444411
-0.635579 0.431236
-0.626154 0.418354
-0.616799 0.405760
-0.607510 0.393446
-0.598287 0.381407
-0.589128 0.369638
-0.580032 0.358132
-0.570998 0.346884
-0.562024 0.335890
-0.553110 0.325144
-0.544253 0.314640
-0.535454 0.304376
-0.526710 0.294345
-0.518021 0.284544
-0.509386 0.274968
-0.500804 0.265613
-0.492274 0.256475
-0.483795 0.247550
-0.475365 0.238835
-0.466985 0.230326
-0.458653 0.222019
-0.450369 0.213910
-0.442131 0.205997
-0.433939 0.198276
-0.425792 0.190744
-0.417690 0.183398
-0.409631 0.176234
-0.401616 0.169250
-0.393642 0.162444
-0.385711 0.155811
-0.377820 0.149350
-0.369969 0.143058
-0.362159 0.136932
-0.354387 0.130970
-0.346654 0.125170
-0.338960 0.119568
-0.331302 0.114081
-0.323682 0.108749
-0.316097 0.103569
-0.308549 0.098539
-0.301036 0.093657
-0.293558 0.088920
-0.286114 0.084328
-0.278704 0.079878
-0.271328 0.075567
-0.263985 0.071395
-0.256674 0.067358
-0.249395 0.063456
-0.242148 0.059687
-0.234933 0.056049
-0.227748 0.052540
-0.220594 0.049158
-0.213470 0.045903
-0.206375 0.042772
-0.199310 0.039763
-0.192274 0.036876
-0.185267 0.034109
-0.178288 0.031460
-0.171337 0.028929
-0.164414 0.026512
-0.157518 0.024210
-0.150649 0.022021
-0.143806 0.019943
-0.136990 0.017976
-0.130200 0.016117
-0.123436 0.014366
-0.116697 0.012722
-0.109984 0.011182
-0.103295 0.009767
-0.096631 0.008431
-0.089992 0.007198
-0.083376 0.006065
-0.076784 0.005033
-0.070216 0.004100
-0.063672 0.003265
-0.057150 0.002527
-0.050651 0.001886
-0.044175 0.001340
-0.037721 0.000888
-0.031289 0.000528
-0.024880 0.000260
-0.018491 0.000082
-0.012125 -0.000007
-0.008950 0.000000
-0.005774 -0.000007
0.000592 0.000081
0.006981 0.000259
0.013390 0.000528
0.019822 0.000889
0.026276 0.001342
0.032752 0.001889
0.039251 0.002530
0.045773 0.003267
0.052317 0.004100
0.058885 0.005031
0.065477 0.006061
0.072093 0.007191
0.078732 0.008421
0.085396 0.009754
0.092085 0.011189
0.098798 0.012682
0.105537 0.014324
0.112301 0.016071
0.119091 0.017926
0.125907 0.019890
0.132750 0.021964
0.139619 0.024149
0.146515 0.026447
0.153438 0.028859
0.160389 0.031386
0.167368 0.034029
0.174375 0.036791
0.181411 0.039673
0.188476 0.042675
0.195571 0.045800
0.202695 0.049049
0.209849 0.052424
0.217034 0.055926
0.224249 0.059557
0.231496 0.063319
0.238775 0.067212
0.246086 0.071240
0.253429 0.075404
0.260805 0.079705
0.268215 0.084109
0.275659 0.088689
0.283137 0.093413
0.290650 0.098283
0.298198 0.103299
0.305783 0.108465
0.313403 0.113783
0.321061 0.119254
0.328755 0.124881
0.336488 0.130667
0.344260 0.136614
0.352070 0.142723
0.359921 0.148999
0.367812 0.155442
0.375743 0.162056
0.383717 0.168844
0.391732 0.175808
0.399791 0.182951
0.407893 0.190276
0.416040 0.197786
0.424232 0.205483
0.432470 0.213372
0.440754 0.221456
0.449086 0.229737
0.457466 0.238219
0.465896 0.246906
0.474375 0.255802
0.482905 0.264909
0.491487 0.274232
0.500122 0.283776
0.508811 0.293543
0.517555 0.303539
0.526354 0.313767
0.535211 0.324232
0.544125 0.334939
0.553099 0.345893
0.562133 0.357098
0.571229 0.368560
0.580388 0.380284
0.589611 0.392276
0.598900 0.404540
0.608255 0.417084
0.617680 0.429914
0.627174 0.443034
0.636740 0.456454
0.646380 0.470178
0.656094 0.484214
0.665885 0.498570
0.675755 0.513253
0.685705 0.528271
0.695738 0.543633
0.705856 0.559348
0.716061 0.575423
0.726354 0.591870
0.736739 0.608697
0.747218 0.625915
0.757794 0.643535
0.768469 0.661568
0.779246 0.680026
0.790129 0.698921
0.801119 0.718266
0.812222 0.738076
0.823439 0.758364
0.834775 0.779146
0.846233 0.800438
0.857819 0.822256
0.869535 0.844619
0.881386 0.867545
0.893378 0.891054
0.905515 0.915168
0.917803 0.939908
0.930248 0.965299
0.942855 0.991367
0.955631 1.018139
0.968584 1.045643
0.981721 1.073911
0.995049 1.102976
1.008578 1.132874
1.022316 1.163645
1.036275 1.195329
1.050464 1.227973
1.064896 1.261624
1.079583 1.296338
1.094540 1.332171
1.109781 1.369189
1.125325 1.407462
1.141189 1.447067
1.157395 1.488001
1.173965 1.530535
1.190925 1.574689
1.208303 1.620584
1.226134 1.668355
1.244453 1.718157
1.263304 1.770166
1.282735 1.824586
1.302803 1.881655
1.323577 1.941650
1.345135 2.004906
1.367574 2.071820
1.391012 2.142882
1.415595 2.218701
1.441510 2.300051
1.469000 2.387940
1.498392 2.483729
1.530146 2.589328
1.564945 2.707568
1.603878 2.842977
1.648905 3.003683
1.704299 3.207435
1.784755 3.515239
