-1.854442 3.467790
-1.771008 3.163887
-1.713564 2.962749
-1.666872 2.804123
-1.626497 2.670479
-1.590411 2.553791
-1.557481 2.449584
-1.527001 2.355065
-1.498494 2.268346
-1.471620 2.188085
-1.446127 2.113284
-1.421822 2.043180
-1.398552 1.977171
-1.376196 1.914774
-1.354654 1.855595
-1.333843 1.799306
-1.313693 1.745631
-1.294144 1.694336
-1.275147 1.645220
-1.256657 1.598109
-1.238635 1.552849
-1.221047 1.509307
-1.203864 1.467364
-1.187059 1.426915
-1.170607 1.387865
-1.154488 1.350130
-1.138683 1.313633
-1.123172 1.278305
-1.107941 1.244081
-1.092975 1.210906
-1.078261 1.178725
-1.063786 1.147490
-1.049539 1.117157
-1.035510 1.087684
-1.021688 1.059033
-1.008066 1.031169
-0.994633 1.004058
-0.981384 0.977670
-0.968310 0.951975
-0.955405 0.926948
-0.942663 0.902562
-0.930076 0.878794
-0.917641 0.855622
-0.905350 0.833025
-0.893201 0.810982
-0.881187 0.789477
-0.869304 0.768490
-0.857549 0.748005
-0.845916 0.728006
-0.834403 0.708479
-0.823006 0.689409
-0.811721 0.670783
-0.800545 0.652588
-0.789474 0.634811
-0.778507 0.617441
-0.767640 0.600466
-0.756871 0.583877
-0.746196 0.567663
-0.735614 0.551814
-0.725122 0.536320
-0.714718 0.521174
-0.704399 0.506366
-0.694164 0.491918
-0.684010 0.477763
-0.673936 0.463922
-0.663940 0.450388
-0.654020 0.437155
-0.644174 0.424216
-0.634401 0.411564
-0.624699 0.399193
-0.615067 0.387097
-0.605502 0.375270
-0.596005 0.363706
-0.586572 0.352401
-0.577204 0.341349
-0.567898 0.330545
-0.558653 0.319984
-0.549469 0.309660
-0.540344 0.299571
-0.531277 0.289711
-0.522266 0.280075
-0.513312 0.270661
-0.504412 0.261463
-0.495566 0.252478
-0.486773 0.243703
-0.478032 0.235132
-0.469341 0.226763
-0.460701 0.218593
-0.452110 0.210617
-0.443567 0.202834
-0.435072 0.195238
-0.426624 0.187828
-0.418222 0.180601
-0.409865 0.173552
-0.401553 0.166681
-0.393284 0.159983
-0.385059 0.153456
-0.376876 0.147098
-0.368735 0.140905
-0.360635 0.134876
-0.352576 0.129008
-0.344557 0.123298
-0.336578 0.117744
-0.328637 0.112345
-0.320734 0.107097
-0.312869 0.101999
-0.305042 0.097048
-0.297251 0.092242
-0.289496 0.087580
-0.281777 0.083059
-0.274092 0.078678
-0.266443 0.074434
-0.258828 0.070326
-0.251247 0.066352
-0.243699 0.062510
-0.236183 0.058799
-0.228701 0.055216
-0.221250 0.051761
-0.213831 0.048431
-0.206443 0.045225
-0.199087 0.042141
-0.191760 0.039178
-0.184464 0.036335
-0.177197 0.033610
-0.169960 0.031001
-0.162752 0.028507
-0.155572 0.026127
-0.148421 0.023859
-0.141297 0.021703
-0.134202 0.019656
-0.127134 0.017718
-0.120092 0.015887
-0.113078 0.014163
-0.106090 0.012543
-0.099128 0.011027
-0.092191 0.009613
-0.085281 0.008301
-0.078396 0.007089
-0.071535 0.005976
-0.064700 0.004962
-0.057888 0.004044
-0.051101 0.003223
-0.044338 0.002497
-0.037599 0.001865
-0.030883 0.001326
-0.024190 0.000879
-0.017521 0.000523
-0.010874 0.000257
-0.004249 0.000081
0.002353 -0.000007
0.005646 0.000000
0.008939 -0.000008
0.015541 0.000080
0.022166 0.000255
0.028813 0.000520
0.035482 0.000875
0.042175 0.001322
0.048891 0.001860
0.055630 0.002491
0.062393 0.003217
0.069180 0.004038
0.075991 0.004954
0.082827 0.005968
0.089687 0.007080
0.096573 0.008291
0.103483 0.009602
0.110419 0.011015
0.117381 0.012530
0.124370 0.014149
0.131384 0.015873
0.138425 0.017703
0.145494 0.019640
0.152589 0.021686
0.159713 0.023841
0.166864 0.026108
0.174043 0.028486
0.181252 0.030979
0.188489 0.033587
0.195756 0.036311
0.203052 0.039153
0.210378 0.042115
0.217735 0.045197
0.225123 0.048402
0.232542 0.051730
0.239993 0.055184
0.247475 0.058766
0.254990 0.062475
0.262538 0.066316
0.270120 0.070288
0.277735 0.074395
0.285384 0.078637
0.293068 0.083016
0.300788 0.087536
0.308542 0.092196
0.316333 0.097000
0.324161 0.101949
0.332026 0.107045
0.339929 0.112291
0.347869 0.117688
0.355849 0.123240
0.363868 0.128947
0.371927 0.134813
0.380027 0.140840
0.388168 0.147030
0.396351 0.153386
0.404576 0.159910
0.412844 0.166606
0.421157 0.173475
0.429514 0.180520
0.437916 0.187745
0.446364 0.195152
0.454859 0.202744
0.463402 0.210525
0.471993 0.218497
0.480633 0.226664
0.489323 0.235030
0.498065 0.243597
0.506858 0.252369
0.515704 0.261350
0.524604 0.270544
0.533558 0.279955
0.542569 0.289587
0.551636 0.299443
0.560761 0.309528
0.569945 0.319847
0.579190 0.330404
0.588495 0.341204
0.597864 0.352252
0.607296 0.363553
0.616794 0.375111
0.626359 0.386933
0.635991 0.399025
0.645693 0.411391
0.655466 0.424038
0.665312 0.436972
0.675232 0.450200
0.685228 0.463728
0.695302 0.477563
0.705456 0.491714
0.715691 0.506186
0.726009 0.520989
0.736414 0.536129
0.746906 0.551617
0.757488 0.567461
0.768163 0.583669
0.778932 0.600253
0.789799 0.617221
0.800766 0.634585
0.811836 0.652356
0.823012 0.670545
0.834297 0.689165
0.845695 0.708228
0.857208 0.727749
0.868840 0.747741
0.880596 0.768219
0.892479 0.789199
0.904492 0.810698
0.916642 0.832733
0.928932 0.855323
0.941368 0.878466
0.953954 0.902227
0.966697 0.926605
0.979602 0.951625
0.992676 0.977312
1.005925 1.003693
1.019357 1.030796
1.032980 1.058653
1.046802 1.087295
1.060831 1.116760
1.075078 1.147085
1.089553 1.178311
1.104267 1.210482
1.119233 1.243649
1.134464 1.277863
1.149974 1.313182
1.165780 1.349669
1.181899 1.387393
1.198351 1.426432
1.215156 1.466871
1.232339 1.508802
1.249927 1.552333
1.267949 1.597581
1.286439 1.644680
1.305436 1.693783
1.324984 1.745064
1.345134 1.798725
1.365946 1.855000
1.387488 1.914163
1.409844 1.976544
1.433114 2.042536
1.457419 2.112623
1.482912 2.187405
1.509786 2.267646
1.538293 2.354343
1.568773 2.448839
1.601702 2.553020
1.637789 2.669679
1.678163 2.803291
1.724856 2.961878
1.782300 3.162968
1.865734 3.466799
