-1.880458 3.529777
-1.797245 3.220106
-1.739952 3.015166
-1.693383 2.853551
-1.653115 2.717396
-1.617123 2.598521
-1.584281 2.492366
-1.553881 2.396083
-1.525449 2.307750
-1.498646 2.225997
-1.473221 2.149808
-1.448979 2.078406
-1.425771 2.011176
-1.403474 1.947628
-1.381989 1.887359
-1.361232 1.830034
-1.341135 1.775374
-1.321639 1.723139
-1.302692 1.673124
-1.284250 1.625151
-1.266276 1.579065
-1.248734 1.534730
-1.231597 1.492024
-1.214836 1.450840
-1.198428 1.411082
-1.182351 1.372664
-1.166587 1.335507
-1.151118 1.299540
-1.135927 1.264700
-1.121001 1.230927
-1.106325 1.198168
-1.091888 1.166372
-1.077679 1.135495
-1.063686 1.105495
-1.049901 1.076376
-1.036315 1.048013
-1.022918 1.020418
-1.009704 0.993559
-0.996664 0.967408
-0.983793 0.941936
-0.971084 0.917118
-0.958531 0.892929
-0.946128 0.869349
-0.933870 0.846354
-0.921753 0.823925
-0.909770 0.802043
-0.897919 0.780690
-0.886195 0.759849
-0.874593 0.739503
-0.863110 0.719639
-0.851743 0.700240
-0.840487 0.681294
-0.829341 0.662787
-0.818300 0.644707
-0.807362 0.627042
-0.796524 0.609780
-0.785782 0.592911
-0.775136 0.576424
-0.764582 0.560309
-0.754117 0.544557
-0.743740 0.529158
-0.733449 0.514105
-0.723241 0.499388
-0.713114 0.485000
-0.703067 0.470932
-0.693097 0.457178
-0.683203 0.443729
-0.673383 0.430581
-0.663636 0.417724
-0.653959 0.405154
-0.644352 0.392865
-0.634813 0.380849
-0.625341 0.369102
-0.615933 0.357617
-0.606589 0.346391
-0.597308 0.335416
-0.588088 0.324689
-0.578928 0.314205
-0.569827 0.303958
-0.560783 0.293945
-0.551797 0.284160
-0.542866 0.274601
-0.533989 0.265262
-0.525167 0.256139
-0.516397 0.247229
-0.507679 0.238528
-0.499011 0.230032
-0.490394 0.221738
-0.481825 0.213643
-0.473305 0.205742
-0.464833 0.198033
-0.456407 0.190512
-0.448027 0.183176
-0.439692 0.176023
-0.431401 0.169050
-0.423155 0.162253
-0.414951 0.155630
-0.406790 0.149178
-0.398670 0.142895
-0.390592 0.136805
-0.382554 0.130850
-0.374556 0.125056
-0.366598 0.119421
-0.358678 0.113942
-0.350796 0.108618
-0.342952 0.103445
-0.335145 0.098422
-0.327374 0.093546
-0.319640 0.088816
-0.311941 0.084230
-0.304277 0.079785
-0.296648 0.075480
-0.289053 0.071313
-0.281492 0.067281
-0.273964 0.063384
-0.266468 0.059619
-0.259006 0.055985
-0.251575 0.052480
-0.244175 0.049102
-0.236807 0.045850
-0.229469 0.042723
-0.222162 0.039717
-0.214885 0.036833
-0.207638 0.034069
-0.200419 0.031423
-0.193230 0.028894
-0.186070 0.026480
-0.178937 0.024181
-0.171833 0.021994
-0.164756 0.019919
-0.157706 0.017954
-0.150683 0.016098
-0.143687 0.014349
-0.136718 0.012707
-0.129774 0.011171
-0.122856 0.009738
-0.115964 0.008409
-0.109097 0.007181
-0.102254 0.006054
-0.095437 0.005026
-0.088644 0.004097
-0.081875 0.003265
-0.075129 0.002529
-0.068408 0.001889
-0.061710 0.001342
-0.055035 0.000890
-0.048382 0.000529
-0.041753 0.000260
-0.035146 0.000082
-0.028561 -0.000007
-0.025277 0.000000
-0.021993 -0.000007
-0.015408 0.000081
-0.008801 0.000259
-0.002171 0.000528
0.004481 0.000888
0.011156 0.001340
0.017854 0.001886
0.024576 0.002526
0.031321 0.003262
0.038090 0.004093
0.044883 0.005023
0.051701 0.006050
0.058543 0.007177
0.065410 0.008405
0.072302 0.009734
0.079220 0.011166
0.086164 0.012702
0.093134 0.014343
0.100130 0.016091
0.107152 0.017946
0.114202 0.019910
0.121279 0.021984
0.128383 0.024169
0.135516 0.026467
0.142676 0.028878
0.149866 0.031405
0.157084 0.034049
0.164331 0.036811
0.171608 0.039693
0.178916 0.042695
0.186253 0.045821
0.193621 0.049070
0.201021 0.052445
0.208452 0.055947
0.215915 0.059579
0.223410 0.063340
0.230938 0.067235
0.238499 0.071263
0.246094 0.075427
0.253724 0.079729
0.261387 0.084171
0.269086 0.088754
0.276821 0.093480
0.284591 0.098352
0.292398 0.103372
0.300242 0.108541
0.308124 0.113861
0.316044 0.119336
0.324003 0.124967
0.332001 0.130757
0.340038 0.136707
0.348117 0.142821
0.356236 0.149101
0.364397 0.155549
0.372601 0.162168
0.380848 0.168961
0.389138 0.175930
0.397473 0.183079
0.405853 0.190410
0.414279 0.197926
0.422751 0.205630
0.431271 0.213526
0.439840 0.221616
0.448457 0.229905
0.457125 0.238395
0.465843 0.247090
0.474613 0.255994
0.483436 0.265110
0.492312 0.274443
0.501243 0.283945
0.510230 0.293721
0.519273 0.303726
0.528374 0.313964
0.537534 0.324439
0.546754 0.335157
0.556035 0.346122
0.565379 0.357339
0.574787 0.368812
0.584259 0.380549
0.593799 0.392554
0.603406 0.404832
0.613082 0.417390
0.622829 0.430234
0.632649 0.443370
0.642543 0.456805
0.652513 0.470546
0.662560 0.484599
0.672687 0.498973
0.682895 0.513675
0.693187 0.528713
0.703564 0.544095
0.714028 0.559831
0.724582 0.575928
0.735229 0.592398
0.745970 0.609248
0.756808 0.626443
0.767746 0.644088
0.778787 0.662147
0.789934 0.680631
0.801189 0.699555
0.812556 0.718929
0.824039 0.738769
0.835641 0.759089
0.847365 0.779904
0.859217 0.801230
0.871199 0.823084
0.883316 0.845484
0.895574 0.868448
0.907977 0.891997
0.920530 0.916153
0.933239 0.940937
0.946110 0.966374
0.959150 0.992489
0.972364 1.019310
0.985761 1.046866
0.999348 1.075188
1.013133 1.104310
1.027125 1.134267
1.041335 1.165099
1.055771 1.196848
1.070447 1.229558
1.085373 1.263280
1.100564 1.298068
1.116033 1.333979
1.131797 1.371078
1.147874 1.409435
1.164282 1.449130
1.181043 1.490247
1.198181 1.532882
1.215722 1.577144
1.233696 1.623152
1.252138 1.671043
1.271085 1.720972
1.290582 1.773115
1.310679 1.827678
1.331435 1.884899
1.352920 1.945058
1.375217 2.008488
1.398426 2.075591
1.422667 2.146857
1.448093 2.222897
1.474896 2.304488
1.503327 2.392643
1.533727 2.488729
1.566570 2.594662
1.602561 2.713284
1.642829 2.849141
1.689399 3.010394
1.746691 3.214862
1.829905 3.523793
