-1.845065 3.476050
-1.762403 3.171100
-1.705490 2.969284
-1.659229 2.810132
-1.619228 2.676051
-1.583475 2.558987
-1.550850 2.454449
-1.520651 2.359632
-1.492408 2.272697
-1.465782 2.192187
-1.440525 2.117157
-1.416445 2.046840
-1.393390 1.980632
-1.371241 1.918050
-1.349898 1.858697
-1.329279 1.802244
-1.309315 1.748414
-1.289947 1.696973
-1.271126 1.647718
-1.252806 1.600474
-1.234951 1.555088
-1.217526 1.511426
-1.200502 1.469369
-1.183852 1.428811
-1.167552 1.389657
-1.151582 1.351822
-1.135923 1.315229
-1.120556 1.279809
-1.105466 1.245498
-1.090638 1.212237
-1.076060 1.179976
-1.061719 1.148663
-1.047603 1.118255
-1.033704 1.088710
-1.020010 1.059990
-1.006513 1.032059
-0.993205 1.004884
-0.980078 0.978434
-0.967126 0.952680
-0.954340 0.927595
-0.941715 0.903155
-0.929245 0.879335
-0.916924 0.856113
-0.904747 0.833468
-0.892710 0.811380
-0.880807 0.789831
-0.869034 0.768803
-0.857388 0.748279
-0.845863 0.728243
-0.834456 0.708681
-0.823164 0.689577
-0.811983 0.670919
-0.800911 0.652694
-0.789943 0.634889
-0.779077 0.617492
-0.768311 0.600493
-0.757641 0.583880
-0.747065 0.567644
-0.736580 0.551774
-0.726185 0.536261
-0.715877 0.521097
-0.705654 0.506272
-0.695513 0.491779
-0.685454 0.477609
-0.675473 0.463756
-0.665569 0.450210
-0.655741 0.436967
-0.645986 0.424018
-0.636303 0.411357
-0.626691 0.398978
-0.617147 0.386875
-0.607671 0.375068
-0.598261 0.363499
-0.588916 0.352188
-0.579634 0.341132
-0.570414 0.330324
-0.561255 0.319759
-0.552156 0.309434
-0.543115 0.299343
-0.534132 0.289481
-0.525205 0.279845
-0.516333 0.270430
-0.507516 0.261233
-0.498751 0.252249
-0.490039 0.243474
-0.481379 0.234905
-0.472769 0.226538
-0.464209 0.218370
-0.455697 0.210397
-0.447233 0.202616
-0.438817 0.195024
-0.430447 0.187618
-0.422122 0.180394
-0.413842 0.173349
-0.405607 0.166482
-0.397415 0.159788
-0.389266 0.153266
-0.381159 0.146912
-0.373093 0.140724
-0.365068 0.134700
-0.357084 0.128836
-0.349139 0.123132
-0.341233 0.117583
-0.333365 0.112189
-0.325536 0.106946
-0.317743 0.101853
-0.309988 0.096907
-0.302269 0.092107
-0.294586 0.087450
-0.286938 0.082934
-0.279325 0.078558
-0.271747 0.074319
-0.264202 0.070216
-0.256691 0.066247
-0.249212 0.062410
-0.241767 0.058704
-0.234353 0.055126
-0.226971 0.051675
-0.219621 0.048350
-0.212301 0.045149
-0.205013 0.042070
-0.197754 0.039111
-0.190525 0.036272
-0.183326 0.033551
-0.176155 0.030946
-0.169014 0.028456
-0.161900 0.026080
-0.154815 0.023816
-0.147758 0.021663
-0.140728 0.019620
-0.133725 0.017685
-0.126749 0.015857
-0.119799 0.014135
-0.112875 0.012518
-0.105978 0.011005
-0.099106 0.009593
-0.092259 0.008284
-0.085437 0.007074
-0.078640 0.005963
-0.071868 0.004951
-0.065120 0.004035
-0.058395 0.003215
-0.051695 0.002491
-0.045018 0.001860
-0.038364 0.001322
-0.031733 0.000876
-0.025125 0.000521
-0.018540 0.000256
-0.011976 0.000080
-0.005435 -0.000007
-0.002173 0.000000
0.001090 -0.000007
0.007631 0.000080
0.014194 0.000256
0.020780 0.000520
0.027388 0.000875
0.034019 0.001321
0.040672 0.001859
0.047350 0.002490
0.054050 0.003215
0.060774 0.004034
0.067522 0.004950
0.074295 0.005962
0.081092 0.007072
0.087914 0.008282
0.094760 0.009592
0.101632 0.011003
0.108530 0.012516
0.115453 0.014133
0.122403 0.015854
0.129379 0.017682
0.136382 0.019616
0.143412 0.021659
0.150470 0.023812
0.157555 0.026076
0.164668 0.028452
0.171810 0.030941
0.178980 0.033545
0.186180 0.036266
0.193408 0.039105
0.200667 0.042063
0.207956 0.045141
0.215275 0.048342
0.222626 0.051667
0.230008 0.055117
0.237421 0.058694
0.244867 0.062399
0.252345 0.066235
0.259856 0.070203
0.267401 0.074305
0.274980 0.078543
0.282593 0.082918
0.290241 0.087432
0.297924 0.092047
0.305643 0.096845
0.313398 0.101788
0.321190 0.106879
0.329020 0.112119
0.336887 0.117510
0.344793 0.123056
0.352738 0.128758
0.360723 0.134618
0.368747 0.140639
0.376813 0.146823
0.384920 0.153173
0.393070 0.159692
0.401262 0.166382
0.409497 0.173245
0.417777 0.180285
0.426101 0.187505
0.434471 0.194907
0.442888 0.202494
0.451351 0.210270
0.459863 0.218237
0.468423 0.226400
0.477033 0.234761
0.485694 0.243324
0.494406 0.252092
0.503170 0.261070
0.511988 0.270261
0.520859 0.279669
0.529787 0.289298
0.538770 0.299152
0.547811 0.309235
0.556910 0.319553
0.566069 0.330109
0.575289 0.340908
0.584571 0.351956
0.593916 0.363257
0.603326 0.374816
0.612802 0.386640
0.622345 0.398733
0.631958 0.411102
0.641641 0.423752
0.651395 0.436690
0.661224 0.449923
0.671127 0.463457
0.681108 0.477298
0.691168 0.491456
0.701308 0.505936
0.711532 0.520747
0.721840 0.535898
0.732235 0.551396
0.742719 0.567251
0.753295 0.583472
0.763965 0.600069
0.774732 0.617052
0.785597 0.634431
0.796565 0.652219
0.807638 0.670426
0.818819 0.689065
0.830111 0.708149
0.841517 0.727691
0.853042 0.747706
0.864689 0.768208
0.876462 0.789213
0.888365 0.810739
0.900402 0.832802
0.912579 0.855422
0.924899 0.878618
0.937369 0.902411
0.949994 0.926823
0.962780 0.951878
0.975733 0.977601
0.988860 1.004019
1.002168 1.031161
1.015664 1.059058
1.029358 1.087742
1.043258 1.117250
1.057373 1.147619
1.071715 1.178891
1.086293 1.211111
1.101120 1.244327
1.116210 1.278592
1.131577 1.313964
1.147237 1.350506
1.163207 1.388288
1.179506 1.427387
1.196156 1.467887
1.213180 1.509883
1.230605 1.553481
1.248461 1.598799
1.266780 1.645971
1.285602 1.695151
1.304969 1.746512
1.324933 1.800257
1.345552 1.856620
1.366895 1.915876
1.389045 1.978355
1.412099 2.044452
1.436180 2.114649
1.461437 2.189549
1.488063 2.269917
1.516306 2.356751
1.546504 2.451397
1.579129 2.555636
1.614882 2.672476
1.654884 2.806293
1.701145 2.965125
1.758058 3.166524
1.840720 3.470818
