-1.843480 3.541039
-1.760270 3.230192
-1.702979 3.024492
-1.656412 2.862287
-1.616145 2.725641
-1.580155 2.606342
-1.547313 2.499814
-1.516915 2.403195
-1.488484 2.314556
-1.461682 2.232523
-1.436257 2.156076
-1.412017 2.084433
-1.388810 2.016978
-1.366513 1.953219
-1.345029 1.892751
-1.324273 1.835239
-1.304177 1.780401
-1.284681 1.727997
-1.265734 1.677821
-1.247293 1.629695
-1.229320 1.583463
-1.211779 1.538988
-1.194642 1.496148
-1.177882 1.454836
-1.161474 1.414955
-1.145398 1.376418
-1.129635 1.339147
-1.114166 1.303070
-1.098976 1.268124
-1.084050 1.234249
-1.069375 1.201391
-1.054939 1.169501
-1.040730 1.138532
-1.026738 1.108442
-1.012953 1.079193
-0.999367 1.050748
-0.985971 1.023074
-0.972757 0.996138
-0.959718 0.969911
-0.946847 0.944367
-0.934139 0.919478
-0.921586 0.895222
-0.909184 0.871575
-0.896926 0.848516
-0.884809 0.826024
-0.872827 0.804147
-0.860976 0.782733
-0.849252 0.761833
-0.837651 0.741430
-0.826169 0.721509
-0.814802 0.702056
-0.803547 0.683057
-0.792401 0.664498
-0.781360 0.646368
-0.770422 0.628653
-0.759584 0.611344
-0.748844 0.594428
-0.738198 0.577896
-0.727644 0.561737
-0.717180 0.545942
-0.706803 0.530502
-0.696512 0.515407
-0.686305 0.500651
-0.676178 0.486300
-0.666131 0.472193
-0.656162 0.458400
-0.646268 0.444914
-0.636449 0.431729
-0.626702 0.418837
-0.617026 0.406232
-0.607419 0.393909
-0.597880 0.381860
-0.588408 0.370080
-0.579000 0.358565
-0.569657 0.347307
-0.560376 0.336303
-0.551156 0.325547
-0.541997 0.315034
-0.532896 0.304760
-0.523853 0.294719
-0.514867 0.284909
-0.505936 0.275323
-0.497060 0.265959
-0.488238 0.256812
-0.479468 0.247879
-0.470750 0.239155
-0.462083 0.230637
-0.453466 0.222321
-0.444898 0.214203
-0.436378 0.206282
-0.427906 0.198552
-0.419480 0.191012
-0.411100 0.183657
-0.402766 0.176486
-0.394476 0.169494
-0.386229 0.162679
-0.378026 0.156039
-0.369865 0.149570
-0.361746 0.143271
-0.353668 0.137138
-0.345630 0.131168
-0.337633 0.125360
-0.329674 0.119712
-0.321755 0.114220
-0.313873 0.108882
-0.306029 0.103697
-0.298223 0.098662
-0.290452 0.093775
-0.282718 0.089034
-0.275020 0.084456
-0.267356 0.079999
-0.259727 0.075682
-0.252133 0.071504
-0.244571 0.067462
-0.237044 0.063554
-0.229549 0.059779
-0.222086 0.056136
-0.214655 0.052622
-0.207256 0.049236
-0.199888 0.045976
-0.192551 0.042841
-0.185244 0.039828
-0.177967 0.036937
-0.170720 0.034167
-0.163502 0.031514
-0.156313 0.028979
-0.149153 0.026560
-0.142020 0.024255
-0.134916 0.022063
-0.127840 0.019983
-0.120790 0.018013
-0.113768 0.016153
-0.106772 0.014400
-0.099803 0.012753
-0.092859 0.011212
-0.085942 0.009775
-0.079049 0.008442
-0.072182 0.007210
-0.065340 0.006079
-0.058523 0.005048
-0.051730 0.004115
-0.044961 0.003280
-0.038216 0.002541
-0.031495 0.001898
-0.024797 0.001350
-0.018122 0.000895
-0.011470 0.000533
-0.004841 0.000263
0.001766 0.000083
0.008350 -0.000007
0.011634 0.000000
0.014918 -0.000008
0.021503 0.000080
0.028110 0.000258
0.034739 0.000527
0.041391 0.000888
0.048066 0.001341
0.054764 0.001887
0.061485 0.002528
0.068230 0.003265
0.074999 0.004099
0.081792 0.005030
0.088609 0.006059
0.095451 0.007189
0.102318 0.008419
0.109210 0.009751
0.116128 0.011186
0.123071 0.012726
0.130041 0.014371
0.137036 0.016122
0.144059 0.017981
0.151108 0.019949
0.158185 0.022028
0.165289 0.024218
0.172421 0.026521
0.179582 0.028888
0.186771 0.031418
0.193988 0.034066
0.201236 0.036832
0.208513 0.039717
0.215819 0.042724
0.223157 0.045853
0.230525 0.049107
0.237924 0.052487
0.245354 0.055994
0.252817 0.059631
0.260312 0.063398
0.267840 0.067298
0.275401 0.071332
0.282996 0.075502
0.290625 0.079810
0.298288 0.084258
0.305987 0.088847
0.313721 0.093581
0.321491 0.098459
0.329298 0.103486
0.337142 0.108662
0.345023 0.113991
0.352943 0.119473
0.360901 0.125112
0.368899 0.130910
0.376936 0.136869
0.385014 0.142991
0.393134 0.149280
0.401294 0.155737
0.409498 0.162365
0.417744 0.169168
0.426034 0.176147
0.434369 0.183305
0.442748 0.190646
0.451174 0.198172
0.459646 0.205887
0.468166 0.213794
0.476734 0.221895
0.485351 0.230195
0.494019 0.238697
0.502737 0.247404
0.511506 0.256319
0.520329 0.265448
0.529205 0.274793
0.538135 0.284359
0.547121 0.294149
0.556164 0.304168
0.565265 0.314378
0.574425 0.324867
0.583645 0.335599
0.592925 0.346578
0.602269 0.357809
0.611676 0.369298
0.621149 0.381050
0.630687 0.393070
0.640294 0.405364
0.649970 0.417938
0.659717 0.430799
0.669537 0.443951
0.679430 0.457403
0.689400 0.471161
0.699447 0.485232
0.709573 0.499624
0.719781 0.514344
0.730072 0.529401
0.740448 0.544802
0.750912 0.560556
0.761466 0.576673
0.772112 0.593162
0.782853 0.610033
0.793691 0.627296
0.804629 0.644962
0.815669 0.663043
0.826815 0.681550
0.838070 0.700496
0.849437 0.719894
0.860920 0.739758
0.872521 0.760101
0.884245 0.780940
0.896096 0.802291
0.908078 0.824170
0.920195 0.846595
0.932452 0.869586
0.944855 0.893162
0.957407 0.917344
0.970116 0.942156
0.982987 0.967621
0.996025 0.993764
1.009239 1.020614
1.022636 1.048200
1.036222 1.076551
1.050006 1.105704
1.063998 1.135692
1.078207 1.166434
1.092643 1.198212
1.107318 1.230953
1.122244 1.264705
1.137434 1.299524
1.152903 1.335466
1.168667 1.372598
1.184743 1.410989
1.201150 1.450717
1.217911 1.491868
1.235048 1.534539
1.252588 1.578837
1.270562 1.624882
1.289003 1.672811
1.307949 1.722779
1.327445 1.774962
1.347542 1.829566
1.368297 1.886829
1.389782 1.947031
1.412078 2.010506
1.435285 2.077655
1.459526 2.148969
1.484951 2.225059
1.511753 2.306703
1.540184 2.394913
1.570582 2.491056
1.603423 2.597050
1.639413 2.715738
1.679680 2.851667
1.726248 3.013001
1.783538 3.217564
1.866749 3.526624
