-1.895696 3.527915
-1.812384 3.218433
-1.755024 3.013617
-1.708400 2.852098
-1.668084 2.716024
-1.632050 2.597218
-1.599169 2.491124
-1.568733 2.394897
-1.540268 2.306613
-1.513433 2.224907
-1.487978 2.148761
-1.463708 2.077399
-1.440472 2.010206
-1.418149 1.946693
-1.396638 1.886457
-1.375857 1.829164
-1.355736 1.774533
-1.336217 1.722327
-1.317247 1.672338
-1.298784 1.624391
-1.280788 1.578330
-1.263226 1.534018
-1.246068 1.491334
-1.229288 1.450172
-1.212860 1.410435
-1.196765 1.372037
-1.180982 1.334899
-1.165494 1.298991
-1.150286 1.264168
-1.135342 1.230411
-1.120649 1.197667
-1.106195 1.165887
-1.091969 1.135025
-1.077960 1.105039
-1.064159 1.075890
-1.050556 1.047542
-1.037144 1.019961
-1.023914 0.993115
-1.010859 0.966977
-0.997973 0.941518
-0.985249 0.916712
-0.972681 0.892536
-0.960263 0.868967
-0.947991 0.845983
-0.935859 0.823566
-0.923863 0.801694
-0.911997 0.780352
-0.900259 0.759521
-0.888644 0.739185
-0.877147 0.719330
-0.865767 0.699941
-0.854498 0.681004
-0.843338 0.662506
-0.832284 0.644435
-0.821333 0.626778
-0.810482 0.609524
-0.799728 0.592663
-0.789069 0.576183
-0.778503 0.560076
-0.768026 0.544332
-0.757637 0.528940
-0.747333 0.513894
-0.737113 0.499184
-0.726974 0.484802
-0.716915 0.470741
-0.706934 0.456993
-0.697028 0.443551
-0.687197 0.430408
-0.677438 0.417557
-0.667750 0.404993
-0.658131 0.392709
-0.648581 0.380699
-0.639097 0.368957
-0.629678 0.357477
-0.620324 0.346256
-0.611031 0.335286
-0.601800 0.324564
-0.592630 0.314084
-0.583518 0.303842
-0.574464 0.293833
-0.565467 0.284053
-0.556525 0.274497
-0.547638 0.265162
-0.538805 0.256043
-0.530025 0.247137
-0.521296 0.238440
-0.512619 0.229948
-0.503991 0.221657
-0.495413 0.213565
-0.486882 0.205667
-0.478400 0.197961
-0.469964 0.190444
-0.461574 0.183111
-0.453229 0.175961
-0.444929 0.168991
-0.436673 0.162196
-0.428460 0.155576
-0.420289 0.149127
-0.412160 0.142846
-0.404072 0.136731
-0.396025 0.130779
-0.388017 0.124989
-0.380049 0.119357
-0.372120 0.113881
-0.364229 0.108580
-0.356375 0.103409
-0.348559 0.098388
-0.340780 0.093514
-0.333036 0.088786
-0.325328 0.084201
-0.317655 0.079758
-0.310017 0.075454
-0.302413 0.071288
-0.294843 0.067258
-0.287306 0.063362
-0.279802 0.059599
-0.272330 0.055966
-0.264890 0.052462
-0.257482 0.049086
-0.250105 0.045835
-0.242759 0.042709
-0.235443 0.039705
-0.228158 0.036822
-0.220902 0.034060
-0.213675 0.031415
-0.206477 0.028887
-0.199308 0.026474
-0.192167 0.024176
-0.185054 0.021990
-0.177969 0.019916
-0.170911 0.017952
-0.163880 0.016097
-0.156876 0.014349
-0.149898 0.012708
-0.142946 0.011171
-0.136020 0.009739
-0.129120 0.008410
-0.122244 0.007182
-0.115394 0.006055
-0.108568 0.005027
-0.101767 0.004098
-0.094990 0.003266
-0.088237 0.002530
-0.081507 0.001890
-0.074801 0.001344
-0.068118 0.000891
-0.061458 0.000530
-0.054821 0.000261
-0.048206 0.000082
-0.041614 -0.000007
-0.038326 0.000000
-0.035038 -0.000007
-0.028445 0.000081
-0.021830 0.000259
-0.015193 0.000527
-0.008533 0.000887
-0.001850 0.001339
0.004856 0.001884
0.011586 0.002524
0.018339 0.003259
0.025116 0.004090
0.031917 0.005019
0.038743 0.006046
0.045593 0.007172
0.052468 0.008399
0.059369 0.009728
0.066295 0.011159
0.073247 0.012694
0.080225 0.014335
0.087229 0.016082
0.094260 0.017936
0.101318 0.019899
0.108403 0.021972
0.115516 0.024156
0.122657 0.026453
0.129826 0.028864
0.137024 0.031390
0.144250 0.034032
0.151506 0.036793
0.158792 0.039674
0.166108 0.042675
0.173454 0.045799
0.180831 0.049047
0.188239 0.052421
0.195679 0.055922
0.203150 0.059552
0.210655 0.063313
0.218192 0.067206
0.225762 0.071233
0.233366 0.075395
0.241004 0.079696
0.248677 0.084136
0.256385 0.088717
0.264128 0.093442
0.271908 0.098312
0.279724 0.103330
0.287578 0.108497
0.295469 0.113816
0.303398 0.119289
0.311366 0.124919
0.319373 0.130706
0.327421 0.136655
0.335508 0.142767
0.343637 0.149044
0.351808 0.155443
0.360022 0.162059
0.368278 0.168848
0.376578 0.175814
0.384923 0.182959
0.393313 0.190286
0.401749 0.197798
0.410231 0.205499
0.418761 0.213391
0.427340 0.221477
0.435967 0.229762
0.444645 0.238248
0.453374 0.246938
0.462154 0.255838
0.470987 0.264950
0.479874 0.274278
0.488815 0.283826
0.497813 0.293599
0.506867 0.303600
0.515978 0.313834
0.525149 0.324306
0.534380 0.335019
0.543672 0.345980
0.553027 0.357193
0.562446 0.368663
0.571930 0.380395
0.581480 0.392396
0.591099 0.404670
0.600786 0.417223
0.610545 0.430063
0.620377 0.443195
0.630282 0.456625
0.640264 0.470361
0.650323 0.484410
0.660462 0.498779
0.670682 0.513476
0.680985 0.528509
0.691375 0.543886
0.701851 0.559616
0.712418 0.575708
0.723077 0.592172
0.733831 0.609017
0.744682 0.626254
0.755633 0.643894
0.766687 0.661948
0.777847 0.680428
0.789115 0.699346
0.800496 0.718716
0.811992 0.738550
0.823608 0.758865
0.835346 0.779674
0.847211 0.800994
0.859208 0.822804
0.871340 0.845197
0.883612 0.868155
0.896029 0.891697
0.908597 0.915846
0.921321 0.940623
0.934208 0.966053
0.947262 0.992161
0.960492 1.018974
0.973905 1.046522
0.987508 1.074836
1.001309 1.103950
1.015318 1.133899
1.029544 1.164722
1.043998 1.196462
1.058691 1.229164
1.073635 1.262877
1.088843 1.297655
1.104331 1.333557
1.120114 1.370646
1.136209 1.408994
1.152636 1.448678
1.169417 1.489784
1.186575 1.532409
1.204137 1.576660
1.222133 1.622656
1.240596 1.670536
1.259566 1.720452
1.279085 1.772583
1.299206 1.827133
1.319987 1.884340
1.341498 1.944485
1.363821 2.007900
1.387056 2.074987
1.411326 2.146237
1.436782 2.222260
1.463617 2.303833
1.492082 2.391970
1.522517 2.488035
1.555399 2.593945
1.591433 2.712542
1.631748 2.848373
1.678373 3.009594
1.735733 3.214023
1.819044 3.522897
