-0.117226 2.983284
-0.098046 2.359295
-0.084842 1.929588
-0.074108 1.584885
-0.064827 1.293597
-0.056532 1.042226
-0.048962 0.823665
-0.041955 0.634134
-0.035402 0.471040
-0.029225 0.333285
-0.023364 0.220134
-0.017777 0.131063
-0.012428 0.065466
-0.007289 0.023100
-0.002337 0.002380
0.000075 0.000000
0.002487 0.002720
0.007439 0.024424
0.012578 0.069655
0.017927 0.140537
0.023514 0.238428
0.029375 0.365138
0.035552 0.521990
0.042105 0.710731
0.049112 0.933886
0.056682 1.194954
0.064977 1.499912
0.074258 1.858346
0.084991 2.289176
0.098196 2.835035
0.117376 3.643648
