-1.776271 2.930242
-1.513894 2.037484
-1.333247 1.516962
-1.186411 1.150209
-1.059444 0.874072
-0.945961 0.659440
-0.842406 0.490132
-0.746555 0.356497
-0.656908 0.251495
-0.572396 0.169910
-0.492227 0.107870
-0.415794 0.062061
-0.342617 0.030289
-0.272313 0.010562
-0.204569 0.001155
-0.171573 0.000000
-0.138577 0.001147
-0.070832 0.010398
-0.000529 0.029531
0.072648 0.059917
0.149082 0.103117
0.229250 0.161040
0.313762 0.236082
0.403409 0.331913
0.499260 0.453219
0.602816 0.606597
0.716298 0.802463
0.843266 1.056583
0.990102 1.396622
1.170748 1.880935
1.433125 2.712281
