-1.776886 3.537203
-1.695820 3.226704
-1.640005 3.021231
-1.594638 2.859205
-1.555408 2.722710
-1.520346 2.603541
-1.488350 2.497129
-1.458735 2.400615
-1.431037 2.312072
-1.404925 2.230128
-1.380156 2.153763
-1.356540 2.082197
-1.333930 2.014816
-1.312209 1.951125
-1.291278 1.890722
-1.271057 1.833271
-1.251478 1.778492
-1.232485 1.726144
-1.214027 1.676022
-1.196061 1.627947
-1.178550 1.581764
-1.161461 1.537336
-1.144766 1.494542
-1.128437 1.453274
-1.112453 1.413435
-1.096791 1.374939
-1.081434 1.337708
-1.066363 1.301669
-1.051565 1.266760
-1.037023 1.232921
-1.022727 1.200098
-1.008662 1.168242
-0.994819 1.137305
-0.981188 1.107248
-0.967759 1.078030
-0.954522 1.049615
-0.941471 1.021970
-0.928598 0.995062
-0.915895 0.968863
-0.903356 0.943346
-0.890975 0.918484
-0.878746 0.894253
-0.866663 0.870631
-0.854721 0.847684
-0.842916 0.825214
-0.831243 0.803293
-0.819698 0.781901
-0.808276 0.761023
-0.796973 0.740641
-0.785787 0.720742
-0.774713 0.701309
-0.763748 0.682330
-0.752889 0.663791
-0.742133 0.645680
-0.731477 0.627984
-0.720918 0.610693
-0.710454 0.593795
-0.700083 0.577280
-0.689801 0.561139
-0.679606 0.545360
-0.669497 0.529936
-0.659471 0.514858
-0.649526 0.500117
-0.639661 0.485705
-0.629873 0.471615
-0.620160 0.457838
-0.610522 0.444369
-0.600955 0.431199
-0.591459 0.418322
-0.582033 0.405733
-0.572673 0.393424
-0.563380 0.381389
-0.554152 0.369624
-0.544987 0.358122
-0.535884 0.346878
-0.526843 0.335887
-0.517860 0.325143
-0.508937 0.314643
-0.500070 0.304381
-0.491260 0.294353
-0.482506 0.284554
-0.473805 0.274980
-0.465158 0.265627
-0.456563 0.256491
-0.448019 0.247568
-0.439526 0.238855
-0.431082 0.230347
-0.422687 0.222041
-0.414340 0.213933
-0.406039 0.206021
-0.397785 0.198301
-0.389577 0.190770
-0.381413 0.183424
-0.373293 0.176261
-0.365217 0.169278
-0.357183 0.162471
-0.349191 0.155839
-0.341240 0.149378
-0.333330 0.143086
-0.325460 0.136961
-0.317630 0.130999
-0.309838 0.125198
-0.302085 0.119556
-0.294370 0.114071
-0.286691 0.108740
-0.279049 0.103600
-0.271444 0.098569
-0.263874 0.093686
-0.256339 0.088950
-0.248839 0.084356
-0.241373 0.079905
-0.233940 0.075594
-0.226541 0.071421
-0.219175 0.067383
-0.211841 0.063481
-0.204539 0.059711
-0.197269 0.056071
-0.190030 0.052562
-0.182821 0.049179
-0.175643 0.045923
-0.168495 0.042791
-0.161376 0.039782
-0.154287 0.036894
-0.147226 0.034126
-0.140194 0.031476
-0.133191 0.028943
-0.126215 0.026526
-0.119266 0.024223
-0.112345 0.022033
-0.105451 0.019954
-0.098583 0.017986
-0.091742 0.016127
-0.084926 0.014375
-0.078136 0.012730
-0.071372 0.011190
-0.064632 0.009754
-0.057918 0.008421
-0.051228 0.007211
-0.044562 0.006077
-0.037921 0.005043
-0.031303 0.004108
-0.024708 0.003271
-0.018137 0.002530
-0.011589 0.001887
-0.005064 0.001339
0.001439 0.000886
0.007920 0.000527
0.014378 0.000259
0.020815 0.000081
0.027230 -0.000007
0.030429 0.000000
0.033629 -0.000007
0.040044 0.000081
0.046480 0.000259
0.052939 0.000528
0.059419 0.000888
0.065922 0.001342
0.072447 0.001888
0.078995 0.002529
0.085567 0.003266
0.092161 0.004100
0.098779 0.005031
0.105421 0.006061
0.112086 0.007191
0.118776 0.008421
0.125491 0.009754
0.132230 0.011190
0.138995 0.012730
0.145785 0.014375
0.152600 0.016081
0.159442 0.017937
0.166309 0.019902
0.173204 0.021978
0.180125 0.024164
0.187073 0.026464
0.194049 0.028877
0.201053 0.031406
0.208085 0.034052
0.215145 0.036816
0.222235 0.039699
0.229353 0.042704
0.236501 0.045832
0.243680 0.049083
0.250888 0.052461
0.258127 0.055965
0.265398 0.059599
0.272700 0.063364
0.280033 0.067261
0.287400 0.071292
0.294799 0.075421
0.302231 0.079724
0.309697 0.084167
0.317197 0.088751
0.324732 0.093479
0.332302 0.098353
0.339908 0.103374
0.347550 0.108544
0.355228 0.113866
0.362943 0.119343
0.370697 0.124975
0.378488 0.130767
0.386319 0.136719
0.394189 0.142834
0.402099 0.149116
0.410049 0.155565
0.418041 0.162186
0.426075 0.168980
0.434152 0.175951
0.442271 0.183102
0.450435 0.190434
0.458644 0.197952
0.466898 0.205658
0.475198 0.213555
0.483545 0.221647
0.491940 0.229938
0.500384 0.238429
0.508878 0.247126
0.517421 0.256031
0.526016 0.265149
0.534664 0.274483
0.543364 0.284037
0.552119 0.293816
0.560929 0.303824
0.569795 0.314064
0.578719 0.324542
0.587701 0.335262
0.596743 0.346229
0.605845 0.357449
0.615010 0.368925
0.624239 0.380664
0.633532 0.392671
0.642891 0.404952
0.652318 0.417512
0.661813 0.430358
0.671380 0.443496
0.681019 0.456934
0.690731 0.470676
0.700519 0.484732
0.710385 0.499108
0.720329 0.513811
0.730355 0.528851
0.740465 0.544235
0.750659 0.559972
0.760941 0.576071
0.771313 0.592541
0.781777 0.609393
0.792335 0.626637
0.802991 0.644284
0.813747 0.662344
0.824606 0.680830
0.835571 0.699755
0.846645 0.719131
0.857832 0.738972
0.869134 0.759292
0.880556 0.780108
0.892102 0.801434
0.903775 0.823288
0.915580 0.845688
0.927521 0.868652
0.939604 0.892201
0.951833 0.916355
0.964214 0.941138
0.976753 0.966574
0.989456 0.992589
1.002330 1.019405
1.015381 1.046956
1.028617 1.075272
1.042046 1.104387
1.055678 1.134338
1.069521 1.165162
1.083585 1.196903
1.097882 1.229605
1.112423 1.263318
1.127222 1.298095
1.142292 1.333995
1.157649 1.371082
1.173311 1.409427
1.189296 1.449107
1.205624 1.490209
1.222320 1.532829
1.239408 1.577073
1.256919 1.623062
1.274885 1.670932
1.293343 1.720839
1.312337 1.772958
1.331915 1.827495
1.352136 1.884687
1.373067 1.944814
1.394789 2.008210
1.417398 2.075275
1.441014 2.146500
1.465784 2.222494
1.491895 2.304033
1.519593 2.392131
1.549209 2.488151
1.581204 2.594008
1.616267 2.712542
1.655496 2.848294
1.700864 3.009415
1.756678 3.213706
1.837744 3.522350
