-1.522924 2.660194
-1.273918 1.858853
-1.102478 1.390674
-0.963125 1.060262
-0.842628 0.810770
-0.734928 0.616156
-0.636651 0.462082
-0.545684 0.339122
-0.460606 0.241298
-0.380401 0.164565
-0.304318 0.105225
-0.231779 0.061071
-0.162332 0.029935
-0.095611 0.010445
-0.031319 0.001141
-0.000004 0.000000
0.031310 0.001139
0.095602 0.010426
0.162323 0.029835
0.231771 0.060788
0.304309 0.104538
0.380392 0.163356
0.460597 0.239295
0.545676 0.335379
0.636642 0.456273
0.734920 0.607369
0.842619 0.797497
0.963116 1.040857
1.102469 1.362226
1.273910 1.816418
1.522915 2.591423
