-1.870654 3.526314
-1.787121 3.217021
-1.729609 3.012324
-1.682861 2.850898
-1.642439 2.714900
-1.606309 2.596159
-1.573341 2.490123
-1.542825 2.393946
-1.514284 2.305709
-1.487378 2.224044
-1.461855 2.147937
-1.437521 2.076610
-1.414223 2.009451
-1.391841 1.945969
-1.370273 1.885762
-1.349437 1.828496
-1.329263 1.773891
-1.309692 1.721708
-1.290672 1.671743
-1.272160 1.623817
-1.254116 1.577777
-1.236508 1.533484
-1.219304 1.490820
-1.202479 1.449676
-1.186008 1.409956
-1.169870 1.371573
-1.154046 1.334451
-1.138517 1.298518
-1.123268 1.263710
-1.108284 1.229968
-1.093553 1.197239
-1.079061 1.165472
-1.064797 1.134624
-1.050751 1.104650
-1.036913 1.075513
-1.023274 1.047176
-1.009826 1.019607
-0.996561 0.992772
-0.983471 0.966645
-0.970551 0.941195
-0.957793 0.916400
-0.945192 0.892233
-0.932742 0.868717
-0.920437 0.845741
-0.908273 0.823331
-0.896245 0.801467
-0.884348 0.780132
-0.872578 0.759308
-0.860932 0.738979
-0.849405 0.719131
-0.837994 0.699748
-0.826696 0.680817
-0.815507 0.662325
-0.804423 0.644259
-0.793443 0.626608
-0.782564 0.609359
-0.771781 0.592503
-0.761094 0.576029
-0.750499 0.559927
-0.739995 0.544187
-0.729578 0.528800
-0.719247 0.513758
-0.709000 0.499052
-0.698834 0.484675
-0.688748 0.470617
-0.678741 0.456873
-0.668809 0.443435
-0.658951 0.430296
-0.649166 0.417449
-0.639453 0.404888
-0.629809 0.392607
-0.620233 0.380600
-0.610724 0.368862
-0.601281 0.357385
-0.591901 0.346167
-0.582584 0.335200
-0.573329 0.324481
-0.564134 0.314003
-0.554998 0.303764
-0.545920 0.293757
-0.536899 0.283980
-0.527933 0.274427
-0.519023 0.265094
-0.510167 0.255978
-0.501363 0.247074
-0.492611 0.238379
-0.483911 0.229889
-0.475260 0.221600
-0.466659 0.213510
-0.458106 0.205614
-0.449601 0.197910
-0.441143 0.190394
-0.432731 0.183063
-0.424364 0.175915
-0.416042 0.168946
-0.407763 0.162153
-0.399528 0.155535
-0.391336 0.149087
-0.383185 0.142807
-0.375076 0.136694
-0.367007 0.130744
-0.358979 0.124954
-0.350990 0.119324
-0.343039 0.113849
-0.335127 0.108529
-0.327253 0.103360
-0.319416 0.098341
-0.311616 0.093469
-0.303852 0.088767
-0.296124 0.084183
-0.288430 0.079741
-0.280772 0.075438
-0.273148 0.071273
-0.265557 0.067243
-0.258000 0.063348
-0.250476 0.059585
-0.242985 0.055953
-0.235525 0.052450
-0.228098 0.049074
-0.220701 0.045824
-0.213335 0.042698
-0.206000 0.039694
-0.198695 0.036812
-0.191420 0.034049
-0.184174 0.031405
-0.176957 0.028877
-0.169769 0.026464
-0.162610 0.024166
-0.155478 0.021981
-0.148374 0.019907
-0.141297 0.017943
-0.134248 0.016088
-0.127225 0.014340
-0.120228 0.012700
-0.113258 0.011164
-0.106314 0.009732
-0.099395 0.008403
-0.092501 0.007176
-0.085633 0.006050
-0.078789 0.005023
-0.071970 0.004094
-0.065175 0.003262
-0.058404 0.002527
-0.051657 0.001887
-0.044933 0.001342
-0.038232 0.000889
-0.031554 0.000529
-0.024899 0.000260
-0.018267 0.000082
-0.011657 -0.000007
-0.008360 0.000000
-0.005064 -0.000007
0.001547 0.000081
0.008179 0.000259
0.014834 0.000528
0.021512 0.000888
0.028212 0.001340
0.034936 0.001885
0.041683 0.002525
0.048454 0.003260
0.055249 0.004092
0.062069 0.005021
0.068912 0.006048
0.075781 0.007174
0.082674 0.008402
0.089593 0.009730
0.096538 0.011162
0.103508 0.012697
0.110504 0.014338
0.117527 0.016085
0.124577 0.017939
0.131653 0.019902
0.138757 0.021975
0.145889 0.024160
0.153049 0.026457
0.160237 0.028867
0.167454 0.031394
0.174700 0.034037
0.181975 0.036798
0.189280 0.039678
0.196615 0.042680
0.203981 0.045804
0.211377 0.049052
0.218805 0.052426
0.226264 0.055927
0.233756 0.059558
0.241280 0.063318
0.248837 0.067211
0.256427 0.071238
0.264051 0.075401
0.271710 0.079702
0.279403 0.084142
0.287131 0.088724
0.294895 0.093449
0.302696 0.098319
0.310533 0.103337
0.318407 0.108505
0.326319 0.113824
0.334269 0.119297
0.342258 0.124927
0.350287 0.130715
0.358355 0.136664
0.366465 0.142776
0.374615 0.149054
0.382808 0.155500
0.391043 0.162118
0.399321 0.168909
0.407643 0.175876
0.416010 0.183023
0.424422 0.190352
0.432880 0.197866
0.441386 0.205569
0.449938 0.213419
0.458540 0.221506
0.467190 0.229792
0.475891 0.238279
0.484642 0.246970
0.493446 0.255871
0.502303 0.264984
0.511213 0.274313
0.520178 0.283862
0.529199 0.293636
0.538277 0.303639
0.547413 0.313874
0.556608 0.324347
0.565864 0.335062
0.575180 0.346024
0.584560 0.357239
0.594004 0.368710
0.603513 0.380444
0.613088 0.392446
0.622732 0.404722
0.632446 0.417277
0.642231 0.430119
0.652088 0.443252
0.662020 0.456685
0.672028 0.470423
0.682114 0.484474
0.692279 0.498845
0.702527 0.513544
0.712858 0.528579
0.723274 0.543959
0.733779 0.559692
0.744373 0.575786
0.755061 0.592253
0.765843 0.609101
0.776723 0.626341
0.787703 0.643984
0.798786 0.662041
0.809975 0.680524
0.821274 0.699446
0.832685 0.718819
0.844212 0.738615
0.855858 0.758932
0.867627 0.779745
0.879524 0.801068
0.891552 0.822920
0.903716 0.845317
0.916021 0.868279
0.928471 0.891826
0.941073 0.915980
0.953831 0.940762
0.966751 0.966196
0.979840 0.992310
0.993105 1.019129
1.006553 1.046682
1.020192 1.075002
1.034030 1.104122
1.048076 1.134078
1.062340 1.164908
1.076832 1.196656
1.091564 1.229365
1.106548 1.263086
1.121796 1.297872
1.137325 1.333782
1.153150 1.370881
1.169288 1.409238
1.185759 1.448932
1.202584 1.490049
1.219787 1.532685
1.237396 1.576947
1.255439 1.622956
1.273952 1.670848
1.292971 1.720778
1.312543 1.772924
1.332717 1.827489
1.353553 1.884713
1.375121 1.944876
1.397503 2.008310
1.420800 2.075418
1.445134 2.146689
1.470657 2.222737
1.497563 2.304336
1.526104 2.392501
1.556620 2.488598
1.589589 2.594545
1.625718 2.713184
1.666141 2.849063
1.712888 3.010344
1.770401 3.214851
1.853933 3.523849
