-1.863362 3.525398
-1.779483 3.216190
-1.721732 3.011550
-1.674790 2.850169
-1.634200 2.714208
-1.597921 2.595500
-1.564816 2.489493
-1.534173 2.393342
-1.505514 2.305129
-1.478497 2.223487
-1.452868 2.147400
-1.428433 2.076092
-1.405039 2.008952
-1.382564 1.945487
-1.360906 1.885296
-1.339984 1.828045
-1.319726 1.773455
-1.300074 1.721286
-1.280975 1.671334
-1.262386 1.623421
-1.244268 1.577393
-1.226586 1.533112
-1.209312 1.490459
-1.192417 1.449326
-1.175877 1.409616
-1.159672 1.371244
-1.143782 1.334132
-1.128189 1.298208
-1.112877 1.263409
-1.097831 1.229676
-1.083038 1.196955
-1.068486 1.165197
-1.054163 1.134356
-1.040059 1.104391
-1.026163 1.075261
-1.012468 1.046932
-0.998964 1.019370
-0.985644 0.992542
-0.972501 0.966421
-0.959527 0.940979
-0.946716 0.916189
-0.934062 0.892029
-0.921560 0.868475
-0.909205 0.845506
-0.896990 0.823103
-0.884912 0.801246
-0.872966 0.779917
-0.861148 0.759099
-0.849453 0.738776
-0.837879 0.718934
-0.826420 0.699556
-0.815075 0.680631
-0.803839 0.662144
-0.792710 0.644084
-0.781685 0.626438
-0.770760 0.609214
-0.759933 0.592362
-0.749201 0.575891
-0.738562 0.559793
-0.728014 0.544057
-0.717555 0.528674
-0.707181 0.513636
-0.696891 0.498934
-0.686683 0.484559
-0.676556 0.470506
-0.666506 0.456765
-0.656533 0.443330
-0.646635 0.430194
-0.636809 0.417351
-0.627056 0.404793
-0.617372 0.392515
-0.607756 0.380511
-0.598208 0.368775
-0.588725 0.357302
-0.579306 0.346086
-0.569951 0.335122
-0.560657 0.324405
-0.551424 0.313931
-0.542250 0.303694
-0.533135 0.293690
-0.524076 0.283915
-0.515074 0.274364
-0.506126 0.265034
-0.497233 0.255920
-0.488393 0.247018
-0.479605 0.238325
-0.470868 0.229837
-0.462182 0.221551
-0.453545 0.213463
-0.444957 0.205569
-0.436416 0.197867
-0.427923 0.190353
-0.419476 0.183025
-0.411075 0.175878
-0.402718 0.168911
-0.394405 0.162121
-0.386136 0.155504
-0.377910 0.149058
-0.369725 0.142780
-0.361582 0.136668
-0.353480 0.130720
-0.345418 0.124932
-0.337396 0.119303
-0.329413 0.113830
-0.321468 0.108512
-0.313561 0.103344
-0.305692 0.098327
-0.297859 0.093457
-0.290063 0.088732
-0.282303 0.084151
-0.274578 0.079711
-0.266887 0.075411
-0.259232 0.071248
-0.251610 0.067221
-0.244021 0.063328
-0.236466 0.059568
-0.228944 0.055938
-0.221453 0.052437
-0.213995 0.049063
-0.206567 0.045815
-0.199171 0.042691
-0.191806 0.039689
-0.184470 0.036809
-0.177165 0.034048
-0.169889 0.031405
-0.162642 0.028879
-0.155424 0.026467
-0.148235 0.024170
-0.141074 0.021986
-0.133940 0.019913
-0.126834 0.017949
-0.119755 0.016095
-0.112703 0.014347
-0.105678 0.012706
-0.098679 0.011171
-0.091706 0.009739
-0.084758 0.008409
-0.077836 0.007182
-0.070939 0.006055
-0.064067 0.005027
-0.057220 0.004098
-0.050396 0.003266
-0.043597 0.002530
-0.036822 0.001890
-0.030070 0.001343
-0.023342 0.000891
-0.016636 0.000530
-0.009954 0.000261
-0.003294 0.000082
0.003343 -0.000007
0.006654 0.000000
0.009964 -0.000008
0.016602 0.000081
0.023262 0.000259
0.029944 0.000527
0.036650 0.000886
0.043378 0.001338
0.050130 0.001884
0.056905 0.002523
0.063704 0.003258
0.070527 0.004089
0.077375 0.005017
0.084247 0.006044
0.091144 0.007170
0.098066 0.008397
0.105013 0.009725
0.111987 0.011156
0.118986 0.012691
0.126011 0.014331
0.133063 0.016077
0.140142 0.017930
0.147248 0.019893
0.154381 0.021965
0.161543 0.024149
0.168732 0.026445
0.175950 0.028855
0.183197 0.031380
0.190473 0.034022
0.197778 0.036782
0.205114 0.039661
0.212479 0.042661
0.219875 0.045784
0.227302 0.049031
0.234761 0.052404
0.242251 0.055904
0.249774 0.059533
0.257329 0.063292
0.264918 0.067183
0.272539 0.071209
0.280195 0.075370
0.287885 0.079669
0.295610 0.084107
0.303371 0.088687
0.311167 0.093410
0.319000 0.098279
0.326869 0.103295
0.334776 0.108461
0.342721 0.113778
0.350704 0.119249
0.358726 0.124876
0.366788 0.130662
0.374890 0.136608
0.383033 0.142718
0.391217 0.148994
0.399444 0.155438
0.407713 0.162052
0.416026 0.168841
0.424382 0.175806
0.432784 0.182950
0.441231 0.190276
0.449724 0.197787
0.458265 0.205486
0.466853 0.213377
0.475490 0.221463
0.484176 0.229746
0.492913 0.238231
0.501701 0.246921
0.510541 0.255819
0.519434 0.264930
0.528381 0.274257
0.537384 0.283804
0.546442 0.293575
0.555558 0.303575
0.564732 0.313808
0.573965 0.324279
0.583259 0.334991
0.592614 0.345951
0.602033 0.357163
0.611516 0.368583
0.621064 0.380313
0.630680 0.392312
0.640363 0.404584
0.650117 0.417136
0.659943 0.429973
0.669841 0.443103
0.679814 0.456531
0.689863 0.470265
0.699991 0.484312
0.710199 0.498679
0.720489 0.513374
0.730862 0.528404
0.741322 0.543779
0.751870 0.559507
0.762509 0.575598
0.773240 0.592059
0.784067 0.608903
0.794992 0.626138
0.806018 0.643775
0.817147 0.661827
0.828383 0.680305
0.839728 0.699221
0.851186 0.718588
0.862761 0.738421
0.874456 0.758734
0.886274 0.779541
0.898220 0.800859
0.910298 0.822705
0.922512 0.845097
0.934868 0.868054
0.947370 0.891595
0.960024 0.915743
0.972834 0.940519
0.985808 0.965948
0.998952 0.992055
1.012272 1.018867
1.025776 1.046415
1.039471 1.074728
1.053367 1.103841
1.067471 1.133790
1.081794 1.164613
1.096346 1.196352
1.111139 1.229054
1.126185 1.262767
1.141497 1.297546
1.157090 1.333447
1.172980 1.370537
1.189185 1.408886
1.205724 1.448570
1.222619 1.489678
1.239894 1.532304
1.257576 1.576556
1.275694 1.622555
1.294283 1.670436
1.313382 1.720355
1.333034 1.772489
1.353292 1.827042
1.374214 1.884253
1.395871 1.944402
1.418347 2.007823
1.441740 2.074916
1.466175 2.146172
1.491804 2.222202
1.518822 2.303784
1.547481 2.391930
1.578124 2.488007
1.611229 2.593930
1.647508 2.712544
1.688098 2.848395
1.735040 3.009642
1.792791 3.214068
1.876670 3.523000
