-1.582700 2.625713
-1.323921 1.837156
-1.145752 1.375886
-1.000930 1.050201
-0.875703 0.803804
-0.763777 0.611245
-0.661642 0.458756
-0.567105 0.336889
-0.478688 0.239921
-0.395335 0.163508
-0.316266 0.104748
-0.240880 0.060761
-0.168707 0.029876
-0.099367 0.010418
-0.032552 0.001137
-0.000009 0.000000
0.032535 0.001138
0.099350 0.010443
0.168690 0.029983
0.240863 0.061029
0.316249 0.105309
0.395318 0.164499
0.478670 0.241360
0.567088 0.338754
0.661625 0.461498
0.763760 0.614974
0.875686 0.808509
1.000913 1.056345
1.145735 1.383758
1.323904 1.847400
1.582683 2.639496
