-2.532206 25.145403
-2.418625 24.136208
-2.340424 23.427784
-2.276860 22.843483
-2.221897 22.331947
-2.172771 21.869680
-2.127943 21.443590
-2.086449 21.045507
-2.047642 20.669918
-2.011057 20.312901
-1.976353 19.971548
-1.943265 19.643629
-1.911588 19.327394
-1.881154 19.021439
-1.851828 18.724752
-1.823496 18.436138
-1.796065 18.154696
-1.769454 17.880268
-1.743592 17.611753
-1.718421 17.348814
-1.693887 17.091314
-1.669944 16.838322
-1.646552 16.589773
-1.623675 16.345448
-1.601279 16.105122
-1.579335 15.868149
-1.557818 15.634711
-1.536704 15.404476
-1.515969 15.177264
-1.495596 14.953104
-1.475565 14.731265
-1.455860 14.512192
-1.436465 14.295563
-1.417366 14.081264
-1.398550 13.869333
-1.380005 13.659226
-1.361720 13.451429
-1.343683 13.245336
-1.325885 13.041395
-1.308317 12.839024
-1.290970 12.638411
-1.273835 12.439502
-1.256906 12.242277
-1.240175 12.046498
-1.223636 11.852166
-1.207281 11.659305
-1.191104 11.467969
-1.175101 11.277735
-1.159266 11.089128
-1.143592 10.901639
-1.128077 10.715391
-1.112714 10.530444
-1.097500 10.346672
-1.082430 10.164011
-1.067500 9.982594
-1.052706 9.802163
-1.038045 9.622844
-1.023514 9.444702
-1.009108 9.267488
-0.994824 9.091395
-0.980661 8.916240
-0.966614 8.742210
-0.952680 8.569045
-0.938858 8.397038
-0.925144 8.225806
-0.911536 8.055599
-0.898031 7.886470
-0.884628 7.718183
-0.871323 7.550821
-0.858116 7.384542
-0.845003 7.219078
-0.831982 7.054592
-0.819053 6.891065
-0.806212 6.728418
-0.793458 6.566892
-0.780790 6.406266
-0.768205 6.246521
-0.755702 6.087843
-0.743280 5.930157
-0.730936 5.773677
-0.718670 5.617969
-0.706480 5.463311
-0.694365 5.309625
-0.682322 5.157244
-0.670352 5.005816
-0.658452 4.855441
-0.646621 4.706298
-0.634859 4.558327
-0.623164 4.411555
-0.611535 4.266015
-0.599970 4.121741
-0.588469 3.978942
-0.577031 3.837287
-0.565654 3.697017
-0.554339 3.558182
-0.543082 3.420827
-0.531885 3.285005
-0.520746 3.150770
-0.509663 3.018130
-0.498637 2.887420
-0.487666 2.758277
-0.476749 2.630974
-0.465886 2.505584
-0.455076 2.382186
-0.444318 2.260856
-0.433611 2.141679
-0.422955 2.024816
-0.412349 1.910151
-0.401792 1.797958
-0.380823 1.581362
-0.370410 1.477053
-0.360043 1.375778
-0.349722 1.277299
-0.339447 1.181970
-0.329216 1.089884
-0.319030 1.001104
-0.308887 0.916032
-0.298787 0.834363
-0.288730 0.756426
-0.278715 0.682315
-0.268741 0.612140
-0.258808 0.545993
-0.248916 0.483952
-0.239064 0.426090
-0.229251 0.372472
-0.219477 0.323066
-0.209742 0.277791
-0.200044 0.236846
-0.190385 0.200015
-0.180763 0.167187
-0.171177 0.138392
-0.161628 0.113061
-0.152115 0.091190
-0.142637 0.072536
-0.133195 0.056834
-0.123787 0.043904
-0.114414 0.033231
-0.105075 0.024651
-0.095769 0.017881
-0.086497 0.012645
-0.077258 0.008686
-0.068051 0.005794
-0.058876 0.003695
-0.049734 0.002241
-0.040623 0.001304
-0.031543 0.000672
-0.022494 0.000293
-0.013476 0.000086
-0.004488 -0.000005
-0.000006 0.000000
0.004477 -0.000005
0.013465 0.000086
0.022483 0.000293
0.031532 0.000671
0.040612 0.001303
0.049723 0.002239
0.058865 0.003693
0.068040 0.005791
0.077246 0.008682
0.086486 0.012640
0.095758 0.017874
0.105064 0.024642
0.114403 0.033219
0.123776 0.043890
0.133184 0.056817
0.142626 0.072516
0.152104 0.091166
0.161617 0.113033
0.171166 0.138360
0.180752 0.167151
0.190374 0.199975
0.200033 0.236801
0.209730 0.277742
0.219466 0.323012
0.229240 0.372413
0.239052 0.426027
0.248905 0.483884
0.258797 0.545921
0.268730 0.612063
0.278704 0.682234
0.288719 0.756341
0.298776 0.834275
0.308876 0.915939
0.319018 1.001008
0.329205 1.089785
0.339436 1.181868
0.349711 1.277193
0.360032 1.375670
0.370398 1.476942
0.380812 1.581249
0.401781 1.797841
0.412338 1.910031
0.422944 2.024694
0.433600 2.141555
0.444307 2.260731
0.455065 2.382059
0.465875 2.505455
0.476738 2.630845
0.487654 2.758146
0.498626 2.887288
0.509652 3.017997
0.520734 3.150635
0.531874 3.284869
0.543071 3.420691
0.554327 3.558045
0.565643 3.696880
0.577020 3.837149
0.588458 3.978804
0.599959 4.121602
0.611523 4.265875
0.623153 4.411415
0.634848 4.558186
0.646610 4.706158
0.658441 4.855299
0.670341 5.005675
0.682311 5.157102
0.694353 5.309484
0.706469 5.463169
0.718659 5.617826
0.730925 5.773535
0.743269 5.930016
0.755691 6.087701
0.768194 6.246380
0.780779 6.406124
0.793447 6.566750
0.806201 6.728276
0.819041 6.890924
0.831971 7.054451
0.844992 7.218937
0.858105 7.384401
0.871312 7.550681
0.884617 7.718042
0.898020 7.886330
0.911525 8.055459
0.925133 8.225667
0.938847 8.396899
0.952669 8.568906
0.966602 8.742072
0.980650 8.916101
0.994813 9.091258
1.009097 9.267350
1.023502 9.444565
1.038034 9.622706
1.052695 9.802027
1.067489 9.982458
1.082418 10.163875
1.097489 10.346537
1.112703 10.530309
1.128066 10.715257
1.143581 10.901505
1.159254 11.088995
1.175090 11.277602
1.191093 11.467836
1.207269 11.659173
1.223624 11.852035
1.240164 12.046367
1.256895 12.242146
1.273824 12.439372
1.290959 12.638282
1.308306 12.838895
1.325874 13.041267
1.343672 13.245208
1.361708 13.451303
1.379994 13.659100
1.398539 13.869207
1.417355 14.081138
1.436453 14.295438
1.455848 14.512067
1.475554 14.731141
1.495585 14.952981
1.515958 15.177141
1.536693 15.404354
1.557807 15.634589
1.579324 15.868028
1.601268 16.105001
1.623663 16.345327
1.646541 16.589653
1.669933 16.838203
1.693875 17.091196
1.718410 17.348698
1.743581 17.611637
1.769443 17.880152
1.796054 18.154581
1.823485 18.436024
1.851816 18.724638
1.881143 19.021326
1.911577 19.327282
1.943254 19.643518
1.976342 19.971437
2.011046 20.312792
2.047631 20.669809
2.086438 21.045399
2.127932 21.443483
2.172760 21.869574
2.221885 22.331842
2.276849 22.843380
2.340413 23.427681
2.418613 24.136106
2.532194 25.145306
