-1.873310 3.529020
-1.789682 3.219470
-1.732105 3.014606
-1.685304 2.853048
-1.644835 2.716939
-1.608665 2.598103
-1.575659 2.491982
-1.545108 2.395728
-1.516535 2.307420
-1.489599 2.225691
-1.464046 2.149524
-1.439685 2.078180
-1.416361 2.010967
-1.393953 1.947434
-1.372361 1.887179
-1.351501 1.829867
-1.331304 1.775219
-1.311711 1.722995
-1.292669 1.672990
-1.274136 1.625027
-1.256072 1.578950
-1.238444 1.534623
-1.221221 1.491925
-1.204376 1.450749
-1.187887 1.410998
-1.171731 1.372586
-1.155888 1.335435
-1.140342 1.299474
-1.125075 1.264639
-1.110075 1.230871
-1.095326 1.198117
-1.080818 1.166326
-1.066538 1.135453
-1.052476 1.105457
-1.038622 1.076298
-1.024968 1.047939
-1.011504 1.020349
-0.998224 0.993494
-0.985120 0.967346
-0.972185 0.941878
-0.959413 0.917064
-0.946797 0.892879
-0.934333 0.869301
-0.922014 0.846310
-0.909836 0.823884
-0.897794 0.802004
-0.885884 0.780654
-0.874101 0.759815
-0.862442 0.739472
-0.850902 0.719610
-0.839478 0.700214
-0.828167 0.681270
-0.816965 0.662764
-0.805869 0.644686
-0.794876 0.627023
-0.783984 0.609762
-0.773190 0.592894
-0.762490 0.576409
-0.751883 0.560295
-0.741367 0.544545
-0.730938 0.529147
-0.720596 0.514095
-0.710337 0.499379
-0.700160 0.484992
-0.690063 0.470925
-0.680043 0.457171
-0.670100 0.443724
-0.660231 0.430576
-0.650436 0.417720
-0.640711 0.405151
-0.631056 0.392862
-0.621469 0.380847
-0.611950 0.369100
-0.602495 0.357616
-0.593105 0.346390
-0.583778 0.335416
-0.574512 0.324689
-0.565306 0.314205
-0.556160 0.303959
-0.547072 0.293946
-0.538040 0.284161
-0.529065 0.274602
-0.520144 0.265263
-0.511278 0.256141
-0.502464 0.247231
-0.493703 0.238530
-0.484992 0.230034
-0.476332 0.221764
-0.467721 0.213667
-0.459158 0.205766
-0.450644 0.198056
-0.442176 0.190534
-0.433754 0.183198
-0.425378 0.176044
-0.417046 0.169070
-0.408758 0.162272
-0.400514 0.155648
-0.392312 0.149195
-0.384152 0.142911
-0.376034 0.136793
-0.367956 0.130838
-0.359918 0.125045
-0.351920 0.119409
-0.343961 0.113931
-0.336040 0.108606
-0.328157 0.103434
-0.320311 0.098411
-0.312502 0.093535
-0.304729 0.088805
-0.296992 0.084219
-0.289290 0.079775
-0.281623 0.075470
-0.273990 0.071303
-0.266391 0.067272
-0.258825 0.063375
-0.251293 0.059611
-0.243793 0.055977
-0.236325 0.052472
-0.228889 0.049095
-0.221484 0.045844
-0.214110 0.042717
-0.206766 0.039713
-0.199453 0.036830
-0.192170 0.034066
-0.184915 0.031421
-0.177690 0.028893
-0.170494 0.026480
-0.163326 0.024181
-0.156186 0.021995
-0.149074 0.019920
-0.141990 0.017956
-0.134932 0.016100
-0.127901 0.014352
-0.120897 0.012710
-0.113919 0.011174
-0.106966 0.009741
-0.100040 0.008411
-0.093138 0.007183
-0.086262 0.006055
-0.079411 0.005027
-0.072584 0.004098
-0.065781 0.003265
-0.059002 0.002530
-0.052247 0.001889
-0.045516 0.001343
-0.038808 0.000890
-0.032122 0.000529
-0.025460 0.000260
-0.018820 0.000082
-0.012202 -0.000007
-0.008902 0.000000
-0.005601 -0.000007
0.001016 0.000081
0.007656 0.000260
0.014319 0.000528
0.021004 0.000889
0.027712 0.001341
0.034444 0.001887
0.041199 0.002528
0.047977 0.003263
0.054780 0.004095
0.061607 0.005025
0.068458 0.006053
0.075335 0.007180
0.082236 0.008408
0.089163 0.009738
0.096115 0.011170
0.103093 0.012707
0.110098 0.014348
0.117128 0.016096
0.124186 0.017952
0.131271 0.019916
0.138383 0.021990
0.145523 0.024176
0.152690 0.026475
0.159887 0.028887
0.167112 0.031415
0.174366 0.034059
0.181649 0.036822
0.188963 0.039704
0.196306 0.042707
0.203680 0.045833
0.211085 0.049084
0.218521 0.052460
0.225989 0.055963
0.233489 0.059595
0.241022 0.063358
0.248587 0.067253
0.256186 0.071282
0.263819 0.075448
0.271486 0.079751
0.279188 0.084193
0.286925 0.088778
0.294698 0.093505
0.302507 0.098378
0.310353 0.103399
0.318236 0.108570
0.326157 0.113892
0.334116 0.119368
0.342115 0.125001
0.350152 0.130792
0.358230 0.136744
0.366349 0.142859
0.374509 0.149141
0.382710 0.155591
0.390955 0.162212
0.399242 0.169006
0.407574 0.175978
0.415950 0.183128
0.424372 0.190461
0.432840 0.197979
0.441355 0.205686
0.449917 0.213584
0.458528 0.221677
0.467188 0.229968
0.475899 0.238460
0.484661 0.247158
0.493474 0.256064
0.502341 0.265183
0.511261 0.274519
0.520236 0.284075
0.529268 0.293855
0.538356 0.303864
0.547502 0.314106
0.556708 0.324586
0.565974 0.335309
0.575301 0.346278
0.584692 0.357500
0.594146 0.368979
0.603666 0.380721
0.613252 0.392685
0.622907 0.404968
0.632632 0.417531
0.642428 0.430380
0.652296 0.443521
0.662239 0.456961
0.672259 0.470707
0.682356 0.484766
0.692533 0.499146
0.702792 0.513854
0.713135 0.528897
0.723563 0.544286
0.734080 0.560028
0.744686 0.576132
0.755386 0.592608
0.766180 0.609465
0.777072 0.626715
0.788065 0.644368
0.799161 0.662435
0.810363 0.680929
0.821674 0.699861
0.833098 0.719245
0.844638 0.739095
0.856297 0.759425
0.868080 0.780249
0.879990 0.801586
0.892032 0.823450
0.904210 0.845861
0.916529 0.868837
0.928993 0.892398
0.941609 0.916566
0.954381 0.941363
0.967316 0.966813
0.980421 0.992942
0.993701 1.019776
1.007164 1.047347
1.020818 1.075683
1.034672 1.104820
1.048734 1.134794
1.063014 1.165642
1.077523 1.197408
1.092271 1.230137
1.107272 1.263877
1.122538 1.298684
1.138084 1.334615
1.153927 1.371735
1.170083 1.410114
1.186573 1.449831
1.203417 1.490972
1.220640 1.533591
1.238268 1.577878
1.256332 1.623912
1.274866 1.671831
1.293907 1.721788
1.313501 1.773962
1.333698 1.828557
1.354557 1.885812
1.376150 1.946007
1.398557 2.009476
1.421881 2.076620
1.446243 2.147930
1.471795 2.224018
1.498731 2.305660
1.527305 2.393872
1.557855 2.490021
1.590861 2.596023
1.627032 2.714724
1.667500 2.850673
1.714301 3.012038
1.771878 3.216649
1.855506 3.525803
