-1.860846 3.530683
-1.777335 3.220982
-1.719838 3.016019
-1.673102 2.854384
-1.632690 2.718210
-1.596570 2.599316
-1.563610 2.493145
-1.533101 2.396845
-1.504568 2.308496
-1.477669 2.226727
-1.452152 2.150524
-1.427824 2.079107
-1.404533 2.011864
-1.382156 1.948302
-1.360594 1.888019
-1.339764 1.830682
-1.319595 1.776009
-1.300028 1.723761
-1.281014 1.673734
-1.262506 1.625749
-1.244467 1.579651
-1.226863 1.535304
-1.209664 1.492587
-1.192843 1.451392
-1.176377 1.411624
-1.160243 1.373195
-1.144422 1.336027
-1.128898 1.300050
-1.113653 1.265240
-1.098673 1.231456
-1.083945 1.198686
-1.069456 1.166880
-1.055196 1.135993
-1.041154 1.105982
-1.027319 1.076809
-1.013684 1.048438
-1.000239 1.020834
-0.986978 0.993967
-0.973892 0.967807
-0.960975 0.942326
-0.948220 0.917500
-0.935622 0.893304
-0.923175 0.869715
-0.910873 0.846713
-0.898712 0.824276
-0.886687 0.802386
-0.874794 0.781026
-0.863027 0.760177
-0.851384 0.739825
-0.839860 0.719953
-0.828452 0.700548
-0.817157 0.681595
-0.805970 0.663081
-0.794890 0.644994
-0.783912 0.627322
-0.773035 0.610054
-0.762256 0.593178
-0.751571 0.576685
-0.740979 0.560564
-0.730478 0.544806
-0.720064 0.529401
-0.709735 0.514342
-0.699491 0.499619
-0.689328 0.485225
-0.679245 0.471152
-0.669239 0.457392
-0.659310 0.443938
-0.649455 0.430784
-0.639673 0.417922
-0.629962 0.405347
-0.620320 0.393052
-0.610747 0.381032
-0.601240 0.369279
-0.591799 0.357790
-0.582422 0.346558
-0.573107 0.335579
-0.563854 0.324848
-0.554662 0.314359
-0.545528 0.304107
-0.536452 0.294090
-0.527434 0.284301
-0.518471 0.274737
-0.509563 0.265394
-0.500708 0.256267
-0.491907 0.247353
-0.483158 0.238648
-0.474459 0.230149
-0.465811 0.221851
-0.457212 0.213751
-0.448661 0.205847
-0.440158 0.198134
-0.431702 0.190609
-0.423292 0.183271
-0.414928 0.176114
-0.406608 0.169137
-0.398332 0.162337
-0.390099 0.155711
-0.381908 0.149256
-0.373760 0.142970
-0.365653 0.136849
-0.357586 0.130916
-0.349559 0.125120
-0.341572 0.119482
-0.333624 0.114000
-0.325714 0.108673
-0.317842 0.103497
-0.310007 0.098471
-0.302209 0.093593
-0.294447 0.088861
-0.286720 0.084272
-0.279029 0.079825
-0.271373 0.075518
-0.263751 0.071348
-0.256162 0.067315
-0.248607 0.063416
-0.241085 0.059649
-0.233595 0.056013
-0.226138 0.052506
-0.218712 0.049127
-0.211317 0.045873
-0.203954 0.042744
-0.196620 0.039738
-0.189317 0.036852
-0.182044 0.034087
-0.174800 0.031440
-0.167585 0.028910
-0.160399 0.026495
-0.153241 0.024194
-0.146111 0.022007
-0.139009 0.019931
-0.131934 0.017965
-0.124886 0.016108
-0.117865 0.014359
-0.110870 0.012716
-0.103902 0.011179
-0.096959 0.009745
-0.090042 0.008415
-0.083151 0.007186
-0.076284 0.006058
-0.069442 0.005030
-0.062624 0.004100
-0.055831 0.003267
-0.049062 0.002531
-0.042316 0.001890
-0.035594 0.001344
-0.028895 0.000891
-0.022219 0.000530
-0.015566 0.000261
-0.008935 0.000082
-0.002327 -0.000007
0.000969 0.000000
0.004265 -0.000007
0.010873 0.000081
0.017504 0.000259
0.024157 0.000528
0.030833 0.000888
0.037532 0.001341
0.044254 0.001887
0.051000 0.002528
0.057769 0.003264
0.064562 0.004096
0.071380 0.005026
0.078222 0.006054
0.085088 0.007181
0.091980 0.008410
0.098897 0.009740
0.105840 0.011173
0.112808 0.012710
0.119803 0.014352
0.126824 0.016101
0.133872 0.017957
0.140947 0.019922
0.148049 0.021997
0.155179 0.024184
0.162337 0.026483
0.169523 0.028896
0.176738 0.031425
0.183982 0.034071
0.191255 0.036834
0.198558 0.039718
0.205892 0.042722
0.213255 0.045850
0.220650 0.049101
0.228076 0.052479
0.235533 0.055983
0.243023 0.059617
0.250545 0.063381
0.258100 0.067278
0.265689 0.071309
0.273311 0.075476
0.280967 0.079781
0.288658 0.084226
0.296385 0.088812
0.304147 0.093541
0.311945 0.098417
0.319780 0.103440
0.327652 0.108612
0.335562 0.113937
0.343510 0.119415
0.351497 0.125050
0.359524 0.130844
0.367591 0.136799
0.375698 0.142917
0.383846 0.149201
0.392037 0.155653
0.400270 0.162277
0.408546 0.169075
0.416866 0.176049
0.425230 0.183203
0.433640 0.190539
0.442096 0.198060
0.450599 0.205770
0.459150 0.213624
0.467749 0.221719
0.476397 0.230012
0.485096 0.238507
0.493845 0.247208
0.502646 0.256117
0.511501 0.265238
0.520409 0.274576
0.529372 0.284135
0.538390 0.293918
0.547466 0.303930
0.556600 0.314176
0.565792 0.324659
0.575045 0.335384
0.584360 0.346357
0.593737 0.357582
0.603178 0.369064
0.612685 0.380809
0.622258 0.392823
0.631900 0.405110
0.641611 0.417677
0.651393 0.430531
0.661248 0.443677
0.671177 0.457122
0.681183 0.470873
0.691266 0.484937
0.701429 0.499322
0.711673 0.514035
0.722002 0.529085
0.732416 0.544479
0.742917 0.560226
0.753509 0.576336
0.764194 0.592818
0.774973 0.609682
0.785850 0.626938
0.796828 0.644598
0.807908 0.662671
0.819095 0.681172
0.830390 0.700111
0.841798 0.719502
0.853322 0.739359
0.864965 0.759696
0.876732 0.780528
0.888625 0.801831
0.900650 0.823703
0.912811 0.846121
0.925113 0.869105
0.937560 0.892674
0.950158 0.916849
0.962913 0.941654
0.975830 0.967113
0.988916 0.993250
1.002177 1.020093
1.015622 1.047673
1.029257 1.076019
1.043092 1.105165
1.057134 1.135148
1.071394 1.166007
1.085883 1.197783
1.100611 1.230522
1.115591 1.264274
1.130836 1.299091
1.146360 1.335034
1.162181 1.372166
1.178315 1.410558
1.194781 1.450287
1.211602 1.491441
1.228801 1.534115
1.246405 1.578417
1.264444 1.624467
1.282952 1.672402
1.301966 1.722376
1.321533 1.774567
1.341702 1.829181
1.362532 1.886455
1.384094 1.946671
1.406471 2.010160
1.429762 2.077327
1.454090 2.148661
1.479607 2.224774
1.506506 2.306443
1.535039 2.394685
1.565547 2.490864
1.598508 2.596902
1.634628 2.715641
1.675040 2.851635
1.721776 3.013052
1.779273 3.217730
1.862784 3.526983
