-0.506364 13.135073
-0.473705 11.343252
-0.451219 10.139433
-0.432941 9.182640
-0.417137 8.373579
-0.403012 7.666802
-0.390122 7.036943
-0.378191 6.467938
-0.367032 5.949064
-0.356512 5.473041
-0.346533 5.033693
-0.337019 4.627062
-0.327911 4.249676
-0.319160 3.898731
-0.310727 3.571736
-0.302581 3.267198
-0.294693 2.983379
-0.287042 2.719085
-0.279605 2.472764
-0.272367 2.243570
-0.265313 2.030488
-0.258429 1.833029
-0.251702 1.649943
-0.245124 1.480705
-0.238684 1.324620
-0.232375 1.181014
-0.226188 1.049259
-0.220116 0.928766
-0.214155 0.818890
-0.208296 0.719077
-0.202537 0.628828
-0.196871 0.547303
-0.185802 0.408680
-0.180392 0.350650
-0.175059 0.298994
-0.169801 0.253442
-0.164615 0.213386
-0.159498 0.178667
-0.154446 0.148311
-0.149458 0.122111
-0.144531 0.099654
-0.139663 0.080329
-0.134853 0.064080
-0.130097 0.050592
-0.125394 0.039156
-0.120743 0.029720
-0.116141 0.022026
-0.111588 0.015984
-0.107081 0.011061
-0.102620 0.007264
-0.098202 0.004427
-0.093828 0.002405
-0.089494 0.001089
-0.085201 0.000338
-0.080948 0.000011
-0.076732 0.000113
-0.072554 0.000509
-0.068411 0.001162
-0.064304 0.002001
-0.060232 0.002919
-0.056192 0.003966
-0.052186 0.005065
-0.048212 0.006185
-0.044268 0.007298
-0.040355 0.008381
-0.036472 0.009415
-0.032618 0.010384
-0.028793 0.011274
-0.024995 0.012074
-0.021224 0.012776
-0.017481 0.013373
-0.013763 0.013714
-0.010070 0.014084
-0.006403 0.014340
-0.002761 0.014483
0.000858 0.014512
0.004453 0.014431
0.008025 0.014241
0.011574 0.013947
0.015101 0.013553
0.018606 0.013205
0.022090 0.012624
0.025553 0.011962
0.028995 0.011229
0.032417 0.010433
0.035818 0.009584
0.039200 0.008694
0.042563 0.007774
0.045907 0.006836
0.049232 0.005896
0.052539 0.004966
0.055828 0.004063
0.059100 0.003204
0.062353 0.002406
0.065590 0.001721
0.068810 0.001090
0.072013 0.000582
0.075199 0.000239
0.078370 0.000028
0.079949 0.000000
0.081528 0.000029
0.084699 0.000274
0.087886 0.000735
0.091089 0.001517
0.094308 0.002593
0.097545 0.004076
0.100799 0.005990
0.104070 0.008389
0.107359 0.011331
0.110666 0.014881
0.113991 0.018940
0.117335 0.023876
0.120698 0.029638
0.124080 0.036310
0.127482 0.043985
0.130903 0.052761
0.134345 0.062513
0.137808 0.073758
0.141292 0.086555
0.144797 0.100785
0.148324 0.116635
0.151873 0.134350
0.155445 0.153999
0.159040 0.175753
0.162659 0.199531
0.166302 0.225857
0.169969 0.254812
0.173661 0.286370
0.177379 0.320770
0.181123 0.358174
0.184893 0.398477
0.188691 0.442276
0.192517 0.489605
0.196371 0.540460
0.200254 0.595101
0.204167 0.653534
0.208110 0.716032
0.212084 0.782698
0.216091 0.853652
0.220130 0.929023
0.224203 1.008886
0.228310 1.093431
0.232452 1.182710
0.236630 1.276853
0.240846 1.375942
0.245100 1.480093
0.249393 1.589402
0.253726 1.703963
0.258101 1.823871
0.262518 1.949018
0.266979 2.079853
0.271486 2.216388
0.276039 2.358520
0.280641 2.506420
0.285292 2.660175
0.289995 2.819870
0.294751 2.985403
0.299562 3.157241
0.304430 3.335408
0.309356 3.519693
0.314344 3.710594
0.319396 3.908039
0.324513 4.111940
0.329700 4.322914
0.334958 4.540721
0.340290 4.765630
0.345700 4.997600
0.351192 5.237342
0.356769 5.484494
0.362435 5.739501
0.368195 6.002574
0.374053 6.274001
0.380015 6.553966
0.386086 6.842901
0.392273 7.140920
0.398583 7.448672
0.405022 7.766420
0.411601 8.094572
0.418327 8.433846
0.425211 8.784610
0.432266 9.147743
0.439504 9.523564
0.446940 9.913527
0.454592 10.318301
0.462479 10.738831
0.470626 11.176837
0.479058 11.633739
0.487809 12.111570
0.496918 12.612144
0.506432 13.138856
0.516411 13.694569
0.526930 14.284160
0.538089 14.913249
0.550020 15.589622
0.562910 16.324213
0.577036 17.133209
0.592840 18.042778
0.611117 19.099035
0.633603 20.403713
0.666262 22.305313
