-1.836037 3.482963
-1.752976 3.177485
-1.695788 2.975313
-1.649303 2.815878
-1.609109 2.681556
-1.573183 2.564279
-1.540401 2.459550
-1.510057 2.364558
-1.481677 2.277409
-1.454923 2.196750
-1.429543 2.121581
-1.405347 2.051132
-1.382181 1.984800
-1.359924 1.922100
-1.338478 1.862634
-1.317760 1.806073
-1.297699 1.752140
-1.278238 1.700600
-1.259326 1.651301
-1.240918 1.603965
-1.222976 1.558490
-1.205467 1.514742
-1.188361 1.472602
-1.171630 1.431963
-1.155252 1.392730
-1.139205 1.354820
-1.123470 1.318153
-1.108029 1.282661
-1.092866 1.248281
-1.077967 1.214953
-1.063318 1.182625
-1.048908 1.151249
-1.034724 1.120778
-1.020757 1.091173
-1.006997 1.062393
-0.993436 1.034404
-0.980063 1.007173
-0.966873 0.980668
-0.953858 0.954860
-0.941010 0.929723
-0.928324 0.905231
-0.915794 0.881361
-0.903414 0.858090
-0.891178 0.835397
-0.879083 0.813262
-0.867122 0.791737
-0.855293 0.770662
-0.843590 0.750092
-0.832009 0.730011
-0.820547 0.710405
-0.809201 0.691259
-0.797966 0.672559
-0.786840 0.654292
-0.775819 0.636447
-0.764901 0.619011
-0.754082 0.601973
-0.743361 0.585322
-0.732734 0.569049
-0.722199 0.553143
-0.711754 0.537595
-0.701396 0.522395
-0.691123 0.507537
-0.680934 0.493010
-0.670825 0.478808
-0.660796 0.464922
-0.650845 0.451345
-0.640969 0.438070
-0.631167 0.425091
-0.621438 0.412401
-0.611779 0.399993
-0.602189 0.387861
-0.592668 0.376000
-0.583212 0.364404
-0.573822 0.353067
-0.564495 0.341985
-0.555231 0.331152
-0.546027 0.320562
-0.536884 0.310212
-0.527800 0.300097
-0.518773 0.290212
-0.509803 0.280553
-0.500888 0.271116
-0.492028 0.261897
-0.483221 0.252891
-0.474467 0.244095
-0.465765 0.235505
-0.457114 0.227118
-0.448512 0.218929
-0.439959 0.210937
-0.431455 0.203137
-0.422997 0.195526
-0.414587 0.188101
-0.406222 0.180858
-0.397902 0.173796
-0.389627 0.166942
-0.381396 0.160231
-0.373207 0.153692
-0.365061 0.147322
-0.356956 0.141118
-0.348893 0.135078
-0.340869 0.129199
-0.332886 0.123479
-0.324942 0.117916
-0.317037 0.112508
-0.309169 0.107251
-0.301339 0.102145
-0.293547 0.097186
-0.285790 0.092373
-0.278070 0.087704
-0.270385 0.083176
-0.262736 0.078788
-0.255120 0.074538
-0.247539 0.070424
-0.239992 0.066445
-0.232477 0.062597
-0.224996 0.058881
-0.217546 0.055293
-0.210129 0.051833
-0.202743 0.048499
-0.195388 0.045289
-0.188064 0.042201
-0.180770 0.039234
-0.173507 0.036387
-0.166272 0.033658
-0.159067 0.031046
-0.151891 0.028549
-0.144744 0.026166
-0.137624 0.023895
-0.130533 0.021736
-0.123469 0.019686
-0.116432 0.017746
-0.109422 0.015912
-0.102439 0.014185
-0.095482 0.012563
-0.088551 0.011045
-0.081646 0.009629
-0.074766 0.008315
-0.067911 0.007102
-0.061082 0.005987
-0.054276 0.004971
-0.047496 0.004052
-0.040739 0.003230
-0.034006 0.002502
-0.027297 0.001869
-0.020611 0.001329
-0.013948 0.000881
-0.007308 0.000524
-0.000691 0.000258
0.005904 0.000081
0.012477 -0.000007
0.015755 0.000000
0.019033 -0.000008
0.025606 0.000079
0.032201 0.000255
0.038819 0.000520
0.045459 0.000875
0.052121 0.001321
0.058807 0.001860
0.065517 0.002492
0.072250 0.003218
0.079006 0.004039
0.085787 0.004957
0.092592 0.005972
0.099422 0.007084
0.106277 0.008297
0.113156 0.009609
0.120062 0.011024
0.126993 0.012541
0.133950 0.014161
0.140933 0.015887
0.147943 0.017719
0.154979 0.019659
0.162043 0.021707
0.169135 0.023865
0.176254 0.026135
0.183402 0.028516
0.190578 0.031012
0.197783 0.033624
0.205017 0.036307
0.212281 0.039151
0.219575 0.042115
0.226899 0.045200
0.234254 0.048407
0.241640 0.051739
0.249057 0.055196
0.256506 0.058781
0.263988 0.062494
0.271502 0.066338
0.279050 0.070315
0.286631 0.074425
0.294246 0.078672
0.301896 0.083057
0.309581 0.087581
0.317301 0.092247
0.325057 0.097056
0.332850 0.102011
0.340680 0.107114
0.348547 0.112367
0.356453 0.117771
0.364397 0.123330
0.372380 0.129046
0.380403 0.134921
0.388467 0.140956
0.396571 0.147156
0.404718 0.153522
0.412906 0.160056
0.421138 0.166762
0.429413 0.173643
0.437733 0.180700
0.446097 0.187938
0.454508 0.195358
0.462965 0.202964
0.471470 0.210760
0.480022 0.218747
0.488624 0.226930
0.497276 0.235313
0.505978 0.243897
0.514732 0.252688
0.523539 0.261689
0.532399 0.270903
0.541313 0.280334
0.550284 0.289988
0.559310 0.299867
0.568395 0.309976
0.577538 0.320320
0.586741 0.330904
0.596006 0.341731
0.605332 0.352807
0.614723 0.364137
0.624178 0.375727
0.633700 0.387581
0.643289 0.399706
0.652948 0.412107
0.662678 0.424790
0.672480 0.437762
0.682355 0.451029
0.692307 0.464598
0.702336 0.478476
0.712444 0.492671
0.722634 0.507189
0.732906 0.522040
0.743264 0.537230
0.753710 0.552770
0.764245 0.568667
0.774872 0.584931
0.785593 0.601572
0.796412 0.618600
0.807330 0.636027
0.818350 0.653862
0.829477 0.672118
0.840711 0.690719
0.852058 0.709853
0.863520 0.729445
0.875100 0.749512
0.886803 0.770067
0.898633 0.791127
0.910593 0.812709
0.922689 0.834830
0.934924 0.857509
0.947304 0.880765
0.959835 0.904620
0.972521 0.929097
0.985368 0.954218
0.998384 0.980009
1.011574 1.006497
1.024946 1.033711
1.038508 1.061682
1.052268 1.090442
1.066235 1.120029
1.080418 1.150479
1.094829 1.181835
1.109477 1.214141
1.124377 1.247446
1.139539 1.281803
1.154981 1.317271
1.170716 1.353912
1.186763 1.391797
1.203141 1.431001
1.219871 1.471612
1.236978 1.513722
1.254487 1.557439
1.272429 1.602881
1.290837 1.650184
1.309749 1.699499
1.329210 1.751002
1.349270 1.804896
1.369989 1.861415
1.391435 1.920837
1.413691 1.983490
1.436857 2.049772
1.461054 2.120166
1.486433 2.195277
1.513187 2.275873
1.541567 2.362953
1.571911 2.457868
1.604694 2.562512
1.640620 2.679691
1.680814 2.813900
1.727298 2.973197
1.784486 3.175190
1.867548 3.480391
