-0.260230 3.071565
-0.248267 2.861436
-0.240031 2.717945
-0.233336 2.602208
-0.227548 2.502699
-0.222374 2.414248
-0.217652 2.334095
-0.213282 2.260352
-0.209195 2.191794
-0.205342 2.127548
-0.201687 2.067140
-0.198202 2.009694
-0.194866 1.955029
-0.191660 1.902830
-0.188572 1.852841
-0.185588 1.804851
-0.182699 1.758645
-0.179896 1.714333
-0.177172 1.671347
-0.174521 1.629778
-0.171937 1.589528
-0.169415 1.550509
-0.166952 1.512630
-0.164542 1.475851
-0.162183 1.440101
-0.159872 1.405320
-0.157606 1.371421
-0.155382 1.338415
-0.153199 1.306229
-0.151053 1.274836
-0.148943 1.244201
-0.146868 1.214290
-0.144825 1.185069
-0.142814 1.156528
-0.140832 1.128624
-0.135053 1.048549
-0.133179 1.023041
-0.131328 0.997943
-0.129501 0.973451
-0.127697 0.949475
-0.125914 0.925997
-0.124152 0.903001
-0.122410 0.880474
-0.120687 0.858345
-0.118984 0.836723
-0.117298 0.815534
-0.115630 0.794769
-0.113980 0.774613
-0.112345 0.754657
-0.110727 0.735097
-0.109125 0.715925
-0.107538 0.697132
-0.105965 0.678710
-0.104407 0.660652
-0.102863 0.642949
-0.101333 0.625595
-0.099816 0.608584
-0.098311 0.591908
-0.096819 0.575560
-0.095340 0.559539
-0.093873 0.543837
-0.092417 0.528446
-0.090972 0.513362
-0.089539 0.498580
-0.088117 0.484095
-0.086705 0.469903
-0.085304 0.455999
-0.083913 0.442378
-0.082532 0.429036
-0.081160 0.415969
-0.079799 0.403174
-0.078446 0.390646
-0.077103 0.378380
-0.075769 0.366375
-0.074443 0.354624
-0.073127 0.343126
-0.071818 0.331876
-0.070518 0.320872
-0.069226 0.310068
-0.067942 0.299546
-0.066666 0.289258
-0.065398 0.279202
-0.064137 0.269374
-0.062884 0.259955
-0.061638 0.250557
-0.060399 0.241380
-0.059168 0.232421
-0.057943 0.223676
-0.056725 0.215142
-0.055513 0.206818
-0.054309 0.198700
-0.053111 0.190785
-0.051919 0.183071
-0.050733 0.175555
-0.049554 0.168234
-0.048381 0.161106
-0.047214 0.154167
-0.046052 0.147415
-0.044897 0.140848
-0.043747 0.134462
-0.042603 0.128256
-0.041464 0.122227
-0.040331 0.116319
-0.039204 0.110639
-0.038081 0.105128
-0.036964 0.099786
-0.035852 0.094608
-0.034746 0.089594
-0.033644 0.084741
-0.032547 0.080246
-0.031455 0.075697
-0.030368 0.071304
-0.029286 0.067063
-0.028209 0.062973
-0.027136 0.059032
-0.026068 0.055237
-0.025004 0.051586
-0.023945 0.048078
-0.022890 0.044711
-0.021839 0.041482
-0.020793 0.038390
-0.019751 0.035433
-0.018714 0.032608
-0.017680 0.029915
-0.016651 0.027350
-0.015626 0.024913
-0.014604 0.022544
-0.013587 0.020362
-0.012573 0.018300
-0.011564 0.016551
-0.010558 0.014706
-0.009556 0.012979
-0.008558 0.011368
-0.007564 0.009870
-0.006573 0.008485
-0.005586 0.007211
-0.004602 0.006046
-0.003622 0.004929
-0.002645 0.003988
-0.001672 0.003339
-0.000703 0.002559
0.000264 0.001885
0.001227 0.001315
0.002186 0.000926
0.003143 0.000526
0.004096 0.000293
0.005045 0.000078
0.005992 -0.000014
0.006464 0.000000
0.006936 0.000012
0.007883 0.000162
0.008833 0.000430
0.009786 0.000693
0.010742 0.001133
0.011701 0.001516
0.012664 0.002107
0.013631 0.002795
0.014600 0.003580
0.015573 0.004221
0.016550 0.005207
0.017530 0.006238
0.018514 0.007363
0.019501 0.008582
0.020492 0.009895
0.021486 0.011304
0.022484 0.012807
0.023486 0.014406
0.024492 0.016101
0.025502 0.017688
0.026515 0.019554
0.027532 0.021515
0.028554 0.023573
0.029579 0.025726
0.030608 0.028048
0.031642 0.030400
0.032680 0.032851
0.033721 0.035398
0.034768 0.038044
0.035818 0.040788
0.036873 0.043631
0.037932 0.046573
0.038996 0.049614
0.040064 0.052754
0.041137 0.055994
0.042214 0.059335
0.043297 0.062776
0.044384 0.066318
0.045475 0.069961
0.046572 0.073705
0.047674 0.077552
0.048781 0.081297
0.049892 0.085339
0.051009 0.089483
0.052132 0.093730
0.053259 0.098080
0.054392 0.102534
0.055531 0.107093
0.056675 0.111756
0.057825 0.116524
0.058980 0.121448
0.060142 0.126429
0.061309 0.131517
0.062482 0.136711
0.063661 0.142013
0.064847 0.147422
0.066039 0.152940
0.067237 0.158567
0.068442 0.164303
0.069653 0.170149
0.070871 0.176105
0.072096 0.182173
0.073327 0.188352
0.074566 0.194644
0.075812 0.201048
0.077066 0.207567
0.078326 0.214200
0.079595 0.220947
0.080871 0.227811
0.082155 0.234792
0.083446 0.241889
0.084746 0.249105
0.086055 0.256441
0.087372 0.263896
0.088697 0.271472
0.090031 0.279170
0.091374 0.286992
0.092727 0.294937
0.094089 0.303008
0.095460 0.311205
0.096841 0.319529
0.098232 0.327982
0.099633 0.336566
0.101045 0.345281
0.102467 0.354128
0.103900 0.363111
0.105345 0.372229
0.106801 0.381485
0.108268 0.390880
0.109748 0.400417
0.111239 0.410096
0.112744 0.419921
0.114261 0.429893
0.115791 0.440014
0.117335 0.450287
0.118894 0.460714
0.120466 0.471298
0.122053 0.481840
0.123656 0.492741
0.125274 0.503808
0.126908 0.515043
0.128558 0.526450
0.130226 0.538033
0.131912 0.549794
0.133615 0.561739
0.135338 0.573871
0.137080 0.586195
0.138842 0.598715
0.140625 0.611437
0.142430 0.624367
0.144257 0.637508
0.146107 0.650869
0.147981 0.664455
0.149881 0.678273
0.151807 0.692331
0.153760 0.706637
0.155742 0.721200
0.157753 0.736029
0.159796 0.751134
0.161871 0.766526
0.163981 0.782217
0.166127 0.798220
0.168311 0.814549
0.170534 0.831219
0.172801 0.848248
0.175112 0.865654
0.177470 0.883498
0.179880 0.901722
0.182344 0.920392
0.184865 0.939537
0.187449 0.959188
0.190100 0.979342
0.192824 1.000121
0.195627 1.021531
0.198516 1.043628
0.201500 1.066508
0.204588 1.090179
0.207794 1.114766
0.211130 1.140496
0.214615 1.167274
0.218270 1.195363
0.222123 1.224979
0.226210 1.256410
0.230580 1.290060
0.235302 1.326406
0.240476 1.366198
0.246264 1.410667
0.252959 1.461960
0.261195 1.524968
0.273158 1.616137
