-1.746736 3.537394
-1.664547 3.226970
-1.607961 3.021539
-1.561965 2.859542
-1.522192 2.723068
-1.486644 2.603916
-1.454206 2.497517
-1.424181 2.401013
-1.396099 2.312479
-1.369626 2.230541
-1.344514 2.154181
-1.320571 2.082619
-1.297649 2.015240
-1.275626 1.951551
-1.254406 1.891149
-1.233905 1.833699
-1.214055 1.778919
-1.194799 1.726571
-1.176085 1.676448
-1.157871 1.628371
-1.140118 1.582187
-1.122792 1.537757
-1.105866 1.494960
-1.089311 1.453689
-1.073105 1.413847
-1.057227 1.375348
-1.041657 1.338113
-1.026378 1.302071
-1.011374 1.267159
-0.996632 1.233316
-0.982137 1.200489
-0.967878 1.168628
-0.953844 1.137688
-0.940023 1.107626
-0.926408 1.078403
-0.912989 1.049984
-0.899757 1.022334
-0.886705 0.995528
-0.873827 0.969322
-0.861114 0.943797
-0.848561 0.918928
-0.836163 0.894690
-0.823913 0.871061
-0.811806 0.848019
-0.799838 0.825544
-0.788003 0.803618
-0.776298 0.782221
-0.764717 0.761338
-0.753259 0.740951
-0.741917 0.721047
-0.730690 0.701609
-0.719573 0.682625
-0.708564 0.664081
-0.697659 0.645965
-0.686856 0.628264
-0.676151 0.610968
-0.665542 0.594065
-0.655027 0.577545
-0.644602 0.561399
-0.634267 0.545615
-0.624018 0.530187
-0.613853 0.515104
-0.603771 0.500358
-0.593769 0.485941
-0.583845 0.471846
-0.573998 0.458065
-0.564226 0.444591
-0.554527 0.431416
-0.544900 0.418535
-0.535343 0.405941
-0.525854 0.393627
-0.516432 0.381588
-0.507076 0.369818
-0.497784 0.358312
-0.488556 0.347063
-0.479389 0.336068
-0.470282 0.325320
-0.461235 0.314816
-0.452246 0.304549
-0.443314 0.294517
-0.434438 0.284714
-0.425617 0.275136
-0.416850 0.265779
-0.408136 0.256639
-0.399474 0.247712
-0.390863 0.238995
-0.382303 0.230483
-0.373791 0.222217
-0.365328 0.214104
-0.356913 0.206187
-0.348545 0.198462
-0.340223 0.190925
-0.331946 0.183575
-0.323714 0.176407
-0.315525 0.169419
-0.307380 0.162608
-0.299278 0.155971
-0.291217 0.149506
-0.283198 0.143210
-0.275219 0.137080
-0.267280 0.131113
-0.259381 0.125309
-0.251520 0.119663
-0.243698 0.114174
-0.235913 0.108839
-0.228165 0.103656
-0.220454 0.098624
-0.212780 0.093739
-0.205141 0.089000
-0.197537 0.084405
-0.189967 0.079952
-0.182432 0.075639
-0.174930 0.071464
-0.167462 0.067425
-0.160027 0.063520
-0.152624 0.059748
-0.145253 0.056107
-0.137913 0.052596
-0.130605 0.049212
-0.123328 0.045954
-0.116080 0.042820
-0.108863 0.039809
-0.101676 0.036920
-0.094518 0.034151
-0.087388 0.031500
-0.080288 0.028965
-0.073215 0.026547
-0.066171 0.024243
-0.059154 0.022051
-0.052164 0.019971
-0.045201 0.018023
-0.038265 0.016160
-0.031355 0.014405
-0.024471 0.012756
-0.017613 0.011213
-0.010780 0.009775
-0.003973 0.008439
0.002810 0.007205
0.009568 0.006073
0.016301 0.005040
0.023011 0.004107
0.029697 0.003272
0.036359 0.002534
0.042998 0.001893
0.049613 0.001346
0.056206 0.000892
0.062776 0.000531
0.069324 0.000262
0.075850 0.000083
0.082354 -0.000007
0.085597 0.000000
0.088841 -0.000008
0.095345 0.000080
0.101870 0.000258
0.108418 0.000526
0.114988 0.000886
0.121581 0.001338
0.128197 0.001884
0.134836 0.002525
0.141498 0.003261
0.148184 0.004093
0.154893 0.005023
0.161627 0.006052
0.168385 0.007181
0.175167 0.008410
0.181975 0.009741
0.188808 0.011176
0.195666 0.012714
0.202549 0.014358
0.209459 0.016109
0.216396 0.017967
0.223358 0.019934
0.230348 0.022012
0.237365 0.024201
0.244410 0.026503
0.251482 0.028920
0.258583 0.031451
0.265712 0.034100
0.272870 0.036821
0.280058 0.039706
0.287275 0.042711
0.294522 0.045840
0.301800 0.049093
0.309108 0.052472
0.316447 0.055978
0.323818 0.059614
0.331221 0.063380
0.338657 0.067278
0.346125 0.071311
0.353626 0.075480
0.361162 0.079787
0.368731 0.084234
0.376335 0.088822
0.383974 0.093554
0.391649 0.098432
0.399360 0.103457
0.407107 0.108632
0.414892 0.113959
0.422714 0.119440
0.430575 0.125078
0.438475 0.130874
0.446413 0.136832
0.454392 0.142953
0.462412 0.149240
0.470472 0.155651
0.478575 0.162276
0.486720 0.169076
0.494908 0.176052
0.503140 0.183207
0.511417 0.190545
0.519739 0.198068
0.528108 0.205780
0.536523 0.213683
0.544986 0.221781
0.553497 0.230078
0.562058 0.238576
0.570669 0.247279
0.579331 0.256191
0.588045 0.265316
0.596812 0.274657
0.605633 0.284219
0.614509 0.294006
0.623440 0.304021
0.632429 0.314270
0.641477 0.324756
0.650583 0.335485
0.659750 0.346461
0.668979 0.357690
0.678271 0.369175
0.687627 0.380924
0.697048 0.392941
0.706537 0.405232
0.716094 0.417803
0.725722 0.430660
0.735421 0.443810
0.745193 0.457258
0.755040 0.471013
0.764963 0.485081
0.774965 0.499469
0.785048 0.514186
0.795212 0.529239
0.805461 0.544637
0.815797 0.560388
0.826221 0.576501
0.836737 0.592987
0.847345 0.609854
0.858050 0.627114
0.868854 0.644776
0.879759 0.662854
0.890768 0.681357
0.901885 0.700300
0.913112 0.719694
0.924453 0.739554
0.935912 0.759894
0.947492 0.780729
0.959198 0.802076
0.971032 0.823952
0.983001 0.846373
0.995107 0.869360
1.007357 0.892932
1.019756 0.917111
1.032309 0.941919
1.045021 0.967380
1.057900 0.993520
1.070952 1.020367
1.084183 1.047948
1.097603 1.076296
1.111218 1.105328
1.125038 1.135310
1.139073 1.166167
1.153332 1.197941
1.167826 1.230678
1.182569 1.264427
1.197572 1.299242
1.212851 1.335181
1.228421 1.372309
1.244300 1.410697
1.260506 1.450421
1.277060 1.491569
1.293987 1.534237
1.311312 1.578531
1.329065 1.624573
1.347280 1.672499
1.365993 1.722463
1.385250 1.774643
1.405099 1.829245
1.425600 1.886505
1.446821 1.946705
1.468843 2.010178
1.491766 2.077324
1.515708 2.148637
1.540821 2.224725
1.567294 2.306367
1.595376 2.394577
1.625401 2.490720
1.657839 2.596715
1.693387 2.715404
1.733159 2.851337
1.779155 3.012676
1.835742 3.217248
1.917931 3.526326
