-1.854456 3.486430
-1.770779 3.180539
-1.713167 2.978096
-1.666338 2.818447
-1.625845 2.683946
-1.589653 2.566512
-1.556627 2.461644
-1.526058 2.366527
-1.497468 2.279263
-1.470515 2.198498
-1.444948 2.123230
-1.420572 2.052690
-1.397234 1.986273
-1.374813 1.923491
-1.353208 1.863949
-1.332336 1.807316
-1.312127 1.753314
-1.292521 1.701709
-1.273468 1.652296
-1.254924 1.604901
-1.236849 1.559371
-1.219210 1.515569
-1.201977 1.473377
-1.185123 1.432690
-1.168623 1.393410
-1.152457 1.355454
-1.136605 1.318745
-1.121049 1.283334
-1.105774 1.248910
-1.090765 1.215541
-1.076007 1.183173
-1.061490 1.151758
-1.047201 1.121251
-1.033131 1.091609
-1.019269 1.062795
-1.005607 1.034773
-0.992135 1.007509
-0.978847 0.980973
-0.965735 0.955135
-0.952792 0.929969
-0.940012 0.905450
-0.927389 0.881554
-0.914917 0.858257
-0.902591 0.835540
-0.890406 0.813383
-0.878357 0.791766
-0.866439 0.770672
-0.854650 0.750084
-0.842983 0.729987
-0.831436 0.710364
-0.820006 0.691203
-0.808688 0.672489
-0.797479 0.654209
-0.786377 0.636352
-0.775377 0.618904
-0.764479 0.601855
-0.753678 0.585195
-0.742972 0.568912
-0.732359 0.552998
-0.721836 0.537442
-0.711401 0.522236
-0.701053 0.507371
-0.690787 0.492839
-0.680604 0.478632
-0.670501 0.464741
-0.660476 0.451161
-0.650527 0.437883
-0.640652 0.424901
-0.630850 0.412208
-0.621120 0.399798
-0.611459 0.387665
-0.601867 0.375803
-0.592341 0.364207
-0.582881 0.352870
-0.573485 0.341788
-0.564152 0.330955
-0.554881 0.320367
-0.545670 0.310018
-0.536518 0.299905
-0.527424 0.290022
-0.518388 0.280365
-0.509407 0.270930
-0.500481 0.261713
-0.491609 0.252710
-0.482790 0.243917
-0.474024 0.235331
-0.465308 0.226947
-0.456642 0.218762
-0.448026 0.210774
-0.439459 0.202977
-0.430939 0.195370
-0.422466 0.187949
-0.414039 0.180712
-0.405658 0.173654
-0.397321 0.166773
-0.389029 0.160067
-0.380779 0.153533
-0.372573 0.147167
-0.364408 0.140968
-0.356284 0.134933
-0.348202 0.129059
-0.340159 0.123344
-0.332156 0.117786
-0.324192 0.112382
-0.316267 0.107130
-0.308379 0.102028
-0.300528 0.097073
-0.292714 0.092265
-0.284937 0.087600
-0.277195 0.083076
-0.269489 0.078693
-0.261817 0.074447
-0.254180 0.070337
-0.246576 0.066361
-0.239006 0.062518
-0.231469 0.058805
-0.223964 0.055221
-0.216492 0.051790
-0.209051 0.048458
-0.201642 0.045251
-0.194263 0.042166
-0.186916 0.039202
-0.179598 0.036357
-0.172310 0.033631
-0.165052 0.031021
-0.157822 0.028526
-0.150622 0.026145
-0.143450 0.023877
-0.136305 0.021720
-0.129189 0.019672
-0.122100 0.017733
-0.115038 0.015902
-0.108003 0.014176
-0.100995 0.012556
-0.094012 0.011039
-0.087056 0.009624
-0.080125 0.008311
-0.073220 0.007099
-0.066339 0.005986
-0.059484 0.004970
-0.052653 0.004052
-0.045846 0.003230
-0.039063 0.002503
-0.032304 0.001870
-0.025569 0.001330
-0.018856 0.000882
-0.012167 0.000526
-0.005501 0.000259
0.001143 0.000082
0.007765 -0.000007
0.011067 0.000000
0.014370 -0.000008
0.020991 0.000078
0.027635 0.000253
0.034302 0.000517
0.040991 0.000871
0.047703 0.001316
0.054439 0.001854
0.061198 0.002484
0.067980 0.003209
0.074787 0.004028
0.081618 0.004944
0.088474 0.005956
0.095354 0.007067
0.102260 0.008277
0.109191 0.009587
0.116147 0.010999
0.123129 0.012513
0.130138 0.014131
0.137173 0.015853
0.144235 0.017682
0.151324 0.019618
0.158440 0.021663
0.165584 0.023817
0.172756 0.026083
0.179957 0.028461
0.187186 0.030953
0.194445 0.033560
0.201732 0.036283
0.209050 0.039125
0.216398 0.042086
0.223776 0.045167
0.231186 0.048347
0.238626 0.051676
0.246099 0.055129
0.253603 0.058710
0.261140 0.062420
0.268710 0.066261
0.276314 0.070234
0.283951 0.074341
0.291623 0.078584
0.299330 0.082965
0.307071 0.087485
0.314849 0.092148
0.322663 0.096954
0.330513 0.101905
0.338401 0.107004
0.346327 0.112253
0.354291 0.117655
0.362294 0.123210
0.370336 0.128922
0.378419 0.134793
0.386542 0.140826
0.394707 0.147022
0.402914 0.153385
0.411163 0.159916
0.419456 0.166620
0.427792 0.173497
0.436174 0.180552
0.444600 0.187787
0.453073 0.195205
0.461593 0.202809
0.470161 0.210603
0.478777 0.218589
0.487442 0.226770
0.496158 0.235151
0.504925 0.243735
0.513744 0.252525
0.522616 0.261525
0.531541 0.270739
0.540522 0.280171
0.549559 0.289825
0.558653 0.299705
0.567804 0.309816
0.577015 0.320162
0.586287 0.330747
0.595620 0.341577
0.605016 0.352656
0.614476 0.363990
0.624001 0.375583
0.633594 0.387442
0.643254 0.399572
0.652985 0.411979
0.662786 0.424669
0.672661 0.437648
0.682610 0.450923
0.692635 0.464500
0.702739 0.478387
0.712922 0.492592
0.723187 0.507121
0.733536 0.521983
0.743971 0.537185
0.754493 0.552738
0.765106 0.568649
0.775812 0.584928
0.786613 0.601585
0.797512 0.618631
0.808511 0.636075
0.819614 0.653929
0.830822 0.672205
0.842140 0.690915
0.853571 0.710073
0.865118 0.729691
0.876784 0.749785
0.888574 0.770369
0.900491 0.791459
0.912540 0.813071
0.924726 0.835225
0.937052 0.857937
0.949524 0.881229
0.962147 0.905121
0.974927 0.929636
0.987870 0.954796
1.000982 0.980629
1.014270 1.007160
1.027741 1.034418
1.041403 1.062435
1.055265 1.091243
1.069336 1.120810
1.083624 1.151309
1.098142 1.182716
1.112899 1.215075
1.127909 1.248435
1.143184 1.282851
1.158740 1.318378
1.174592 1.355083
1.190758 1.393033
1.207257 1.432307
1.224112 1.472989
1.241345 1.515176
1.258984 1.558973
1.277059 1.604499
1.295603 1.651889
1.314656 1.701296
1.334261 1.752897
1.354470 1.806894
1.375342 1.863522
1.396947 1.923059
1.419369 1.985835
1.442706 2.052247
1.467083 2.122781
1.492650 2.198042
1.519602 2.278763
1.548193 2.366017
1.578762 2.461123
1.611788 2.565978
1.647980 2.683398
1.688472 2.817884
1.735301 2.977515
1.792913 3.179936
1.876590 3.485793
