-1.865550 3.489278
-1.781752 3.183048
-1.724057 2.980383
-1.677160 2.820561
-1.636609 2.685915
-1.600364 2.568356
-1.567291 2.463377
-1.536677 2.368159
-1.508046 2.280803
-1.481054 2.199955
-1.455450 2.124610
-1.431038 2.053998
-1.407667 1.987513
-1.385213 1.924668
-1.363577 1.865066
-1.342674 1.808376
-1.322436 1.754321
-1.302802 1.702664
-1.283722 1.653204
-1.265151 1.605763
-1.247050 1.560188
-1.229385 1.516344
-1.212127 1.474112
-1.195248 1.433386
-1.178725 1.394070
-1.162536 1.356079
-1.146661 1.319335
-1.131082 1.283769
-1.115785 1.249316
-1.100754 1.215920
-1.085975 1.183526
-1.071437 1.152085
-1.057127 1.121554
-1.043037 1.091871
-1.029155 1.063035
-1.015472 1.034990
-1.001982 1.007705
-0.988674 0.981149
-0.975543 0.955292
-0.962582 0.930107
-0.949783 0.905570
-0.937142 0.881656
-0.924652 0.858343
-0.912308 0.835609
-0.900105 0.813436
-0.888039 0.791805
-0.876104 0.770697
-0.864297 0.750096
-0.852614 0.729986
-0.841050 0.710351
-0.829603 0.691178
-0.818269 0.672454
-0.807044 0.654164
-0.795925 0.636296
-0.784910 0.618839
-0.773996 0.601782
-0.763179 0.585114
-0.752458 0.568824
-0.741829 0.552902
-0.731291 0.537340
-0.720842 0.522128
-0.710478 0.507257
-0.700198 0.492719
-0.690000 0.478507
-0.679882 0.464612
-0.669842 0.451028
-0.659879 0.437746
-0.649990 0.424761
-0.640174 0.412065
-0.630429 0.399653
-0.620755 0.387518
-0.611149 0.375654
-0.601609 0.364056
-0.592135 0.352718
-0.582726 0.341635
-0.573379 0.330801
-0.564095 0.320212
-0.554870 0.309863
-0.545705 0.299750
-0.536598 0.289888
-0.527549 0.280231
-0.518555 0.270797
-0.509616 0.261581
-0.500731 0.252578
-0.491900 0.243787
-0.483120 0.235201
-0.474392 0.226819
-0.465714 0.218636
-0.457085 0.210649
-0.448505 0.202854
-0.439973 0.195249
-0.431488 0.187830
-0.423049 0.180594
-0.414655 0.173539
-0.406307 0.166660
-0.398002 0.159956
-0.389741 0.153424
-0.381522 0.147061
-0.373346 0.140865
-0.365211 0.134832
-0.357116 0.128961
-0.349062 0.123248
-0.341048 0.117693
-0.333072 0.112291
-0.325135 0.107042
-0.317236 0.101943
-0.309374 0.096991
-0.301549 0.092185
-0.293760 0.087523
-0.286007 0.083003
-0.278289 0.078622
-0.270606 0.074379
-0.262958 0.070272
-0.255343 0.066299
-0.247762 0.062458
-0.240214 0.058748
-0.232699 0.055167
-0.225216 0.051713
-0.217764 0.048385
-0.210344 0.045181
-0.202955 0.042099
-0.195597 0.039138
-0.188268 0.036297
-0.180970 0.033574
-0.173701 0.030967
-0.166461 0.028475
-0.159250 0.026097
-0.152068 0.023832
-0.144913 0.021677
-0.137787 0.019632
-0.130687 0.017696
-0.123615 0.015867
-0.116570 0.014144
-0.109552 0.012526
-0.102559 0.011012
-0.095593 0.009600
-0.088652 0.008289
-0.081736 0.007078
-0.074846 0.005967
-0.067980 0.004954
-0.061140 0.004038
-0.054323 0.003218
-0.047530 0.002492
-0.040761 0.001861
-0.034016 0.001323
-0.027294 0.000876
-0.020595 0.000521
-0.013919 0.000256
-0.007266 0.000080
-0.000635 -0.000007
0.002673 0.000000
0.005980 -0.000007
0.012611 0.000080
0.019265 0.000256
0.025941 0.000520
0.032640 0.000875
0.039362 0.001322
0.046107 0.001860
0.052876 0.002491
0.059668 0.003216
0.066485 0.004036
0.073326 0.004952
0.080191 0.005964
0.087082 0.007075
0.093997 0.008286
0.100938 0.009596
0.107904 0.011008
0.114897 0.012522
0.121916 0.014140
0.128961 0.015862
0.136033 0.017691
0.143132 0.019627
0.150259 0.021671
0.157413 0.023825
0.164596 0.026090
0.171807 0.028468
0.179046 0.030959
0.186315 0.033565
0.193614 0.036288
0.200942 0.039129
0.208301 0.042089
0.215690 0.045170
0.223110 0.048374
0.230561 0.051701
0.238044 0.055154
0.245560 0.058735
0.253108 0.062444
0.260689 0.066284
0.268303 0.070256
0.275952 0.074362
0.283635 0.078604
0.291352 0.082984
0.299105 0.087504
0.306894 0.092165
0.314719 0.096970
0.322581 0.101921
0.330480 0.107019
0.338417 0.112267
0.346393 0.117667
0.354408 0.123221
0.362462 0.128933
0.370556 0.134803
0.378691 0.140834
0.386868 0.147029
0.395086 0.153391
0.403347 0.159922
0.411652 0.166624
0.420001 0.173501
0.428394 0.180555
0.436833 0.187789
0.445318 0.195206
0.453851 0.202810
0.462431 0.210602
0.471059 0.218588
0.479737 0.226769
0.488466 0.235119
0.497245 0.243702
0.506077 0.252492
0.514961 0.261491
0.523900 0.270705
0.532894 0.280137
0.541944 0.289791
0.551051 0.299671
0.560216 0.309782
0.569440 0.320128
0.578725 0.330714
0.588071 0.341545
0.597481 0.352625
0.606955 0.363960
0.616494 0.375556
0.626100 0.387416
0.635775 0.399548
0.645519 0.411957
0.655335 0.424650
0.665224 0.437632
0.675187 0.450910
0.685227 0.464491
0.695345 0.478382
0.705543 0.492591
0.715823 0.507125
0.726187 0.521991
0.736637 0.537200
0.747175 0.552758
0.757803 0.568676
0.768524 0.584962
0.779341 0.601626
0.790255 0.618679
0.801271 0.636132
0.812389 0.653995
0.823614 0.672280
0.834948 0.691001
0.846396 0.710169
0.857959 0.729799
0.869642 0.749904
0.881449 0.770500
0.893384 0.791603
0.905450 0.813230
0.917653 0.835398
0.929997 0.858125
0.942487 0.881433
0.955129 0.905342
0.967927 0.929873
0.980889 0.955052
0.994020 0.980903
1.007327 1.007454
1.020818 1.034732
1.034500 1.062770
1.048382 1.091600
1.062473 1.121258
1.076782 1.151783
1.091321 1.183216
1.106099 1.215602
1.121130 1.248991
1.136428 1.283435
1.152006 1.318993
1.167881 1.355728
1.184070 1.393711
1.200594 1.433018
1.217473 1.473735
1.234731 1.515957
1.252395 1.559790
1.270496 1.605354
1.289068 1.652784
1.308148 1.702234
1.327782 1.753878
1.348020 1.807920
1.368922 1.864596
1.390558 1.924185
1.413012 1.987015
1.436384 2.053484
1.460795 2.124080
1.486400 2.199408
1.513391 2.280237
1.542023 2.367572
1.572636 2.462767
1.605710 2.567722
1.641954 2.685252
1.682505 2.819867
1.729402 2.979651
1.787097 3.182268
1.870896 3.488424
