-1.837412 3.535766
-1.754240 3.225507
-1.696976 3.020184
-1.650429 2.858270
-1.610181 2.721865
-1.574208 2.602772
-1.541381 2.496425
-1.510997 2.399969
-1.482579 2.311477
-1.455789 2.229579
-1.430376 2.153255
-1.406147 2.081727
-1.382950 2.014379
-1.360664 1.950720
-1.339190 1.890346
-1.318443 1.832922
-1.298356 1.778167
-1.278869 1.725842
-1.259932 1.675742
-1.241499 1.627687
-1.223534 1.581523
-1.206001 1.537112
-1.188872 1.494334
-1.172119 1.453081
-1.155719 1.413256
-1.139651 1.374774
-1.123894 1.337555
-1.108433 1.301529
-1.093250 1.266631
-1.078331 1.232802
-1.063662 1.199989
-1.049233 1.168141
-1.035030 1.137214
-1.021045 1.107164
-1.007267 1.077994
-0.993687 1.049586
-0.980297 1.021946
-0.967089 0.995044
-0.954056 0.968850
-0.941191 0.943338
-0.928488 0.918480
-0.915941 0.894253
-0.903545 0.870635
-0.891293 0.847604
-0.879181 0.825139
-0.867205 0.803223
-0.855360 0.781836
-0.843641 0.760962
-0.832045 0.740585
-0.820568 0.720690
-0.809206 0.701261
-0.797956 0.682286
-0.786815 0.663750
-0.775780 0.645642
-0.764847 0.627949
-0.754014 0.610661
-0.743279 0.593766
-0.732637 0.577254
-0.722088 0.561114
-0.711629 0.545338
-0.701257 0.529916
-0.690971 0.514840
-0.680768 0.500101
-0.670646 0.485691
-0.660604 0.471602
-0.650639 0.457827
-0.640750 0.444358
-0.630935 0.431190
-0.621193 0.418314
-0.611521 0.405726
-0.601919 0.393418
-0.592384 0.381384
-0.582916 0.369619
-0.573513 0.358118
-0.564174 0.346875
-0.554897 0.335884
-0.545682 0.325142
-0.536526 0.314642
-0.527430 0.304380
-0.518391 0.294352
-0.509409 0.284554
-0.500482 0.274980
-0.491610 0.265627
-0.482792 0.256492
-0.474026 0.247569
-0.465312 0.238855
-0.456649 0.230347
-0.448036 0.222041
-0.439472 0.213934
-0.430956 0.206022
-0.422488 0.198302
-0.414066 0.190770
-0.405690 0.183424
-0.397359 0.176261
-0.389073 0.169278
-0.380830 0.162471
-0.372631 0.155839
-0.364474 0.149378
-0.356358 0.143086
-0.348284 0.136960
-0.340250 0.130998
-0.332256 0.125197
-0.324301 0.119555
-0.316386 0.114069
-0.308508 0.108759
-0.300667 0.103578
-0.292864 0.098548
-0.285098 0.093666
-0.277367 0.088929
-0.269672 0.084336
-0.262012 0.079885
-0.254387 0.075574
-0.246795 0.071401
-0.239238 0.067364
-0.231713 0.063461
-0.224222 0.059691
-0.216763 0.056052
-0.209335 0.052543
-0.201940 0.049161
-0.194575 0.045905
-0.187241 0.042773
-0.179938 0.039764
-0.172664 0.036877
-0.165420 0.034110
-0.158206 0.031461
-0.151020 0.028929
-0.143863 0.026513
-0.136734 0.024211
-0.129633 0.022022
-0.122559 0.019944
-0.115513 0.017977
-0.108494 0.016119
-0.101502 0.014369
-0.094535 0.012725
-0.087595 0.011186
-0.080681 0.009752
-0.073792 0.008421
-0.066928 0.007191
-0.060089 0.006062
-0.053275 0.005033
-0.046485 0.004102
-0.039719 0.003269
-0.032978 0.002532
-0.026259 0.001891
-0.019564 0.001344
-0.012893 0.000891
-0.006244 0.000530
0.000382 0.000260
0.006986 0.000082
0.013568 -0.000007
0.016850 0.000000
0.020133 -0.000007
0.026714 0.000081
0.033318 0.000260
0.039944 0.000529
0.046593 0.000890
0.053265 0.001343
0.059960 0.001890
0.066678 0.002531
0.073420 0.003267
0.080186 0.004101
0.086975 0.005031
0.093790 0.006060
0.100629 0.007189
0.107492 0.008419
0.114381 0.009750
0.121296 0.011184
0.128236 0.012723
0.135202 0.014366
0.142195 0.016116
0.149214 0.017974
0.156260 0.019941
0.163333 0.022018
0.170434 0.024206
0.177563 0.026507
0.184720 0.028923
0.191906 0.031453
0.199121 0.034101
0.206365 0.036867
0.213638 0.039753
0.220942 0.042760
0.228275 0.045889
0.235640 0.049143
0.243036 0.052523
0.250463 0.056031
0.257922 0.059667
0.265414 0.063434
0.272938 0.067334
0.280496 0.071368
0.288087 0.075538
0.295713 0.079846
0.303373 0.084294
0.311068 0.088883
0.318798 0.093616
0.326565 0.098495
0.334368 0.103521
0.342208 0.108697
0.350086 0.113977
0.358002 0.119458
0.365957 0.125095
0.373951 0.130891
0.381985 0.136848
0.390059 0.142969
0.398174 0.149255
0.406331 0.155711
0.414531 0.162337
0.422773 0.169137
0.431060 0.176114
0.439391 0.183271
0.447766 0.190609
0.456188 0.198134
0.464657 0.205846
0.473172 0.213751
0.481737 0.221850
0.490350 0.230147
0.499013 0.238647
0.507727 0.247351
0.516493 0.256264
0.525311 0.265390
0.534183 0.274733
0.543109 0.284296
0.552091 0.294084
0.561130 0.304100
0.570227 0.314350
0.579382 0.324838
0.588598 0.335568
0.597874 0.346545
0.607214 0.357775
0.616617 0.369262
0.626085 0.381012
0.635619 0.393030
0.645221 0.405323
0.654893 0.417895
0.664636 0.430754
0.674450 0.443905
0.684340 0.457355
0.694304 0.471112
0.704347 0.485181
0.714468 0.499571
0.724671 0.514290
0.734958 0.529344
0.745330 0.544744
0.755789 0.560497
0.766338 0.576612
0.776979 0.593100
0.787715 0.609969
0.798548 0.627231
0.809480 0.644858
0.820516 0.662937
0.831657 0.681442
0.842907 0.700386
0.854268 0.719782
0.865745 0.739644
0.877341 0.759986
0.889060 0.780824
0.900905 0.802173
0.912882 0.824050
0.924993 0.846474
0.937245 0.869463
0.949642 0.893038
0.962189 0.917219
0.974892 0.942029
0.987756 0.967493
1.000789 0.993636
1.013997 1.020485
1.027387 1.048070
1.040967 1.076422
1.054745 1.105574
1.068731 1.135562
1.082933 1.166426
1.097363 1.198207
1.112031 1.230951
1.126950 1.264708
1.142133 1.299531
1.157595 1.335478
1.173351 1.372615
1.189420 1.411011
1.205820 1.450745
1.222572 1.491903
1.239702 1.534581
1.257234 1.578887
1.275200 1.624940
1.293632 1.672878
1.312570 1.722855
1.332057 1.775049
1.352144 1.829665
1.372890 1.886941
1.394365 1.947157
1.416651 2.010648
1.439847 2.077813
1.464077 2.149146
1.489490 2.225257
1.516279 2.306923
1.544697 2.395160
1.575082 2.491333
1.607908 2.597361
1.643882 2.716089
1.684130 2.852067
1.730676 3.013460
1.787940 3.218104
1.871113 3.527296
