-1.862448 3.482784
-1.778844 3.177274
-1.721282 2.975041
-1.674494 2.815588
-1.634036 2.681251
-1.597876 2.563961
-1.564879 2.459219
-1.534336 2.364216
-1.505771 2.277056
-1.478842 2.196388
-1.453297 2.121209
-1.428941 2.050752
-1.405624 1.984458
-1.383222 1.921750
-1.361636 1.862233
-1.340782 1.805709
-1.320590 1.751769
-1.301002 1.700222
-1.281966 1.650866
-1.263438 1.603525
-1.245379 1.558045
-1.227755 1.514292
-1.210537 1.472148
-1.193697 1.431505
-1.177212 1.392269
-1.161060 1.354355
-1.145222 1.317686
-1.129680 1.282191
-1.114418 1.247808
-1.099421 1.214477
-1.084677 1.182147
-1.070172 1.150769
-1.055896 1.120296
-1.041837 1.090689
-1.027987 1.061908
-1.014337 1.033917
-1.000877 1.006685
-0.987601 0.980178
-0.974500 0.954370
-0.961569 0.929232
-0.948800 0.904740
-0.936188 0.880870
-0.923726 0.857599
-0.911411 0.834906
-0.899237 0.812773
-0.887198 0.791179
-0.875291 0.770107
-0.863511 0.749540
-0.851855 0.729464
-0.840318 0.709861
-0.828898 0.690719
-0.817589 0.672024
-0.806390 0.653762
-0.795298 0.635921
-0.784308 0.618491
-0.773419 0.601458
-0.762627 0.584813
-0.751931 0.568545
-0.741327 0.552645
-0.730813 0.537104
-0.720388 0.521911
-0.710048 0.507150
-0.699792 0.492629
-0.689617 0.478431
-0.679523 0.464551
-0.669506 0.450979
-0.659566 0.437710
-0.649700 0.424737
-0.639907 0.412052
-0.630185 0.399650
-0.620532 0.387525
-0.610948 0.375670
-0.601431 0.364080
-0.591979 0.352750
-0.582592 0.341674
-0.573267 0.330847
-0.564003 0.320264
-0.554800 0.309921
-0.545656 0.299812
-0.536571 0.289934
-0.527542 0.280282
-0.518569 0.270852
-0.509651 0.261639
-0.500787 0.252640
-0.491975 0.243851
-0.483216 0.235268
-0.474508 0.226887
-0.465850 0.218706
-0.457241 0.210720
-0.448681 0.202927
-0.440169 0.195323
-0.431703 0.187904
-0.423284 0.180669
-0.414910 0.173614
-0.406580 0.166736
-0.398295 0.160031
-0.390053 0.153499
-0.381853 0.147135
-0.373696 0.140938
-0.365579 0.134905
-0.357504 0.129032
-0.349468 0.123319
-0.341472 0.117762
-0.333515 0.112359
-0.325596 0.107108
-0.317715 0.102008
-0.309872 0.097054
-0.302065 0.092247
-0.294294 0.087583
-0.286559 0.083060
-0.278859 0.078678
-0.271194 0.074433
-0.263563 0.070324
-0.255966 0.066349
-0.248403 0.062506
-0.240872 0.058794
-0.233374 0.055211
-0.225908 0.051755
-0.218474 0.048424
-0.211071 0.045218
-0.203699 0.042134
-0.196358 0.039171
-0.189047 0.036327
-0.181765 0.033622
-0.174513 0.031013
-0.167290 0.028519
-0.160096 0.026138
-0.152930 0.023870
-0.145792 0.021713
-0.138682 0.019666
-0.131599 0.017728
-0.124543 0.015897
-0.117514 0.014172
-0.110512 0.012551
-0.103535 0.011035
-0.096585 0.009621
-0.089660 0.008308
-0.082761 0.007096
-0.075886 0.005983
-0.069037 0.004968
-0.062212 0.004050
-0.055411 0.003228
-0.048634 0.002501
-0.041881 0.001868
-0.035151 0.001329
-0.028445 0.000881
-0.021761 0.000525
-0.015101 0.000258
-0.008462 0.000082
-0.001847 -0.000007
0.001453 0.000000
0.004752 -0.000008
0.011368 0.000079
0.018006 0.000254
0.024667 0.000518
0.031350 0.000873
0.038057 0.001318
0.044787 0.001856
0.051540 0.002487
0.058317 0.003212
0.065117 0.004032
0.071943 0.004948
0.078792 0.005961
0.085667 0.007072
0.092566 0.008283
0.099491 0.009593
0.106441 0.011005
0.113418 0.012520
0.120420 0.014138
0.127449 0.015862
0.134505 0.017691
0.141587 0.019628
0.148697 0.021645
0.155835 0.023799
0.163001 0.026065
0.170196 0.028442
0.177419 0.030934
0.184671 0.033540
0.191952 0.036264
0.199264 0.039105
0.206605 0.042065
0.213977 0.045147
0.221380 0.048351
0.228814 0.051679
0.236280 0.055132
0.243778 0.058713
0.251309 0.062423
0.258872 0.066263
0.266469 0.070235
0.274100 0.074342
0.281765 0.078584
0.289465 0.082965
0.297200 0.087485
0.304970 0.092146
0.312777 0.096951
0.320621 0.101902
0.328502 0.107000
0.336421 0.112248
0.344378 0.117648
0.352374 0.123202
0.360410 0.128913
0.368485 0.134783
0.376602 0.140814
0.384759 0.147009
0.392959 0.153370
0.401201 0.159899
0.409486 0.166601
0.417816 0.173476
0.426190 0.180529
0.434609 0.187762
0.443075 0.195177
0.451587 0.202779
0.460147 0.210569
0.468756 0.218552
0.477414 0.226731
0.486122 0.235108
0.494881 0.243689
0.503692 0.252475
0.512557 0.261471
0.521475 0.270681
0.530448 0.280109
0.539476 0.289758
0.548562 0.299634
0.557706 0.309739
0.566909 0.320080
0.576172 0.330660
0.585497 0.341484
0.594885 0.352557
0.604337 0.363884
0.613854 0.375471
0.623438 0.387323
0.633090 0.399446
0.642812 0.411845
0.652606 0.424527
0.662471 0.437498
0.672412 0.450764
0.682429 0.464332
0.692523 0.478210
0.702697 0.492405
0.712954 0.506924
0.723293 0.521775
0.733719 0.536967
0.744233 0.552430
0.754836 0.568327
0.765533 0.584592
0.776325 0.601234
0.787214 0.618263
0.798203 0.635691
0.809296 0.653529
0.820495 0.671787
0.831803 0.690480
0.843224 0.709619
0.854761 0.729218
0.866417 0.749291
0.878197 0.769855
0.890104 0.790861
0.902142 0.812450
0.914317 0.834580
0.926632 0.857267
0.939093 0.880533
0.951706 0.904399
0.964474 0.928886
0.977406 0.954018
0.990507 0.979822
1.003783 1.006322
1.017243 1.033550
1.030893 1.061535
1.044743 1.090310
1.058801 1.119912
1.073078 1.150379
1.087582 1.181751
1.102327 1.214076
1.117323 1.247400
1.132585 1.281777
1.148127 1.317265
1.163966 1.353928
1.180118 1.391836
1.196603 1.431065
1.213443 1.471701
1.230661 1.513838
1.248285 1.557584
1.266344 1.603056
1.284872 1.650390
1.303908 1.699739
1.323496 1.751278
1.343688 1.805209
1.364542 1.861769
1.386128 1.921234
1.408530 1.983933
1.431847 2.050264
1.456202 2.120713
1.481748 2.195882
1.508677 2.276540
1.537242 2.363690
1.567784 2.458682
1.600782 2.563412
1.636942 2.680690
1.677399 2.815013
1.724188 2.974451
1.781750 3.176625
1.865354 3.482107
