-1.837508 3.532025
-1.754478 3.222152
-1.697313 3.017080
-1.650846 2.855362
-1.610667 2.719119
-1.574756 2.600168
-1.541985 2.493945
-1.511653 2.397600
-1.483284 2.309210
-1.456540 2.227405
-1.431171 2.151168
-1.406983 2.079720
-1.383826 2.012448
-1.361579 1.948859
-1.340141 1.888551
-1.319430 1.831191
-1.299378 1.776496
-1.279924 1.724228
-1.261019 1.674181
-1.242618 1.626177
-1.224684 1.580062
-1.207181 1.535699
-1.190081 1.492966
-1.173357 1.451756
-1.156986 1.411973
-1.140945 1.373531
-1.125215 1.336350
-1.109780 1.300361
-1.094623 1.265499
-1.079730 1.231705
-1.065087 1.198925
-1.050682 1.167109
-1.036504 1.136213
-1.022542 1.106194
-1.008788 1.077013
-0.995231 1.048633
-0.981864 1.021022
-0.968679 0.994147
-0.955668 0.967980
-0.942826 0.942493
-0.930145 0.917660
-0.917619 0.893458
-0.905244 0.869864
-0.893013 0.846855
-0.880923 0.824413
-0.868967 0.802518
-0.857142 0.781153
-0.845443 0.760299
-0.833867 0.739942
-0.822410 0.720066
-0.811068 0.700656
-0.799837 0.681699
-0.788715 0.663181
-0.777699 0.645133
-0.766785 0.627456
-0.755970 0.610183
-0.745253 0.593303
-0.734630 0.576805
-0.724099 0.560680
-0.713658 0.544917
-0.703304 0.529509
-0.693035 0.514446
-0.682850 0.499720
-0.672745 0.485322
-0.662720 0.471245
-0.652773 0.457482
-0.642901 0.444025
-0.633102 0.430868
-0.623377 0.418003
-0.613722 0.405425
-0.604136 0.393127
-0.594618 0.381104
-0.585166 0.369349
-0.575779 0.357857
-0.566456 0.346623
-0.557195 0.335642
-0.547996 0.324908
-0.538856 0.314416
-0.529775 0.304163
-0.520752 0.294143
-0.511785 0.284353
-0.502874 0.274787
-0.494017 0.265442
-0.485214 0.256313
-0.476463 0.247397
-0.467764 0.238691
-0.459116 0.230189
-0.450518 0.221890
-0.441968 0.213789
-0.433467 0.205883
-0.425013 0.198169
-0.416606 0.190643
-0.408244 0.183303
-0.399928 0.176145
-0.391656 0.169167
-0.383427 0.162366
-0.375242 0.155738
-0.367099 0.149282
-0.358997 0.142995
-0.350937 0.136873
-0.342917 0.130916
-0.334937 0.125119
-0.326995 0.119481
-0.319093 0.114000
-0.311229 0.108672
-0.303402 0.103497
-0.295612 0.098471
-0.287859 0.093594
-0.280142 0.088861
-0.272460 0.084273
-0.264813 0.079826
-0.257201 0.075519
-0.249622 0.071350
-0.242078 0.067316
-0.234566 0.063418
-0.227088 0.059674
-0.219641 0.056037
-0.212227 0.052529
-0.204844 0.049148
-0.197492 0.045894
-0.190170 0.042763
-0.182879 0.039756
-0.175618 0.036869
-0.168387 0.034103
-0.161185 0.031454
-0.154011 0.028923
-0.146867 0.026507
-0.139750 0.024205
-0.132661 0.022016
-0.125600 0.019938
-0.118566 0.017971
-0.111559 0.016113
-0.104578 0.014362
-0.097624 0.012719
-0.090696 0.011180
-0.083793 0.009746
-0.076916 0.008415
-0.070064 0.007186
-0.063237 0.006058
-0.056434 0.005029
-0.049656 0.004099
-0.042902 0.003267
-0.036172 0.002531
-0.029465 0.001890
-0.022782 0.001344
-0.016121 0.000891
-0.009484 0.000530
-0.002869 0.000261
0.003723 0.000082
0.010294 -0.000007
0.013570 0.000000
0.016847 -0.000007
0.023418 0.000081
0.030010 0.000259
0.036625 0.000528
0.043262 0.000888
0.049923 0.001340
0.056606 0.001886
0.063313 0.002527
0.070043 0.003262
0.076797 0.004094
0.083575 0.005024
0.090378 0.006052
0.097205 0.007180
0.104057 0.008408
0.110934 0.009738
0.117837 0.011171
0.124765 0.012708
0.131719 0.014350
0.138700 0.016098
0.145707 0.017954
0.152741 0.019919
0.159802 0.021995
0.166891 0.024181
0.174008 0.026480
0.181152 0.028894
0.188326 0.031422
0.195528 0.034068
0.202759 0.036832
0.210020 0.039715
0.217311 0.042720
0.224633 0.045847
0.231985 0.049098
0.239368 0.052476
0.246782 0.055980
0.254229 0.059614
0.261707 0.063379
0.269219 0.067275
0.276763 0.071307
0.284342 0.075474
0.291954 0.079778
0.299601 0.084223
0.307283 0.088809
0.315000 0.093539
0.322753 0.098414
0.330543 0.103437
0.338370 0.108610
0.346234 0.113887
0.354136 0.119364
0.362077 0.124997
0.370058 0.130789
0.378078 0.136742
0.386138 0.142859
0.394240 0.149141
0.402383 0.155592
0.410568 0.162214
0.418797 0.169010
0.427069 0.175982
0.435385 0.183133
0.443747 0.190467
0.452154 0.197987
0.460608 0.205694
0.469109 0.213593
0.477659 0.221687
0.486257 0.229979
0.494905 0.238473
0.503604 0.247172
0.512355 0.256079
0.521158 0.265200
0.530015 0.274536
0.538926 0.284093
0.547893 0.293875
0.556916 0.303885
0.565997 0.314128
0.575137 0.324609
0.584336 0.335333
0.593597 0.346304
0.602920 0.357526
0.612307 0.369007
0.621759 0.380750
0.631277 0.392761
0.640863 0.405046
0.650518 0.417611
0.660243 0.430420
0.670042 0.443563
0.679914 0.457004
0.689861 0.470751
0.699886 0.484812
0.709991 0.499192
0.720176 0.513901
0.730445 0.528946
0.740799 0.544336
0.751240 0.560079
0.761771 0.576184
0.772394 0.592661
0.783111 0.609520
0.793926 0.626771
0.804840 0.644425
0.815856 0.662493
0.826978 0.680988
0.838208 0.699921
0.849551 0.719306
0.861008 0.739157
0.872584 0.759487
0.884283 0.780313
0.896108 0.801650
0.908063 0.823515
0.920154 0.845927
0.932385 0.868903
0.944760 0.892465
0.957286 0.916633
0.969967 0.941430
0.982809 0.966881
0.995820 0.993010
1.009005 1.019845
1.022372 1.047415
1.035929 1.075751
1.049683 1.104888
1.063645 1.134861
1.077823 1.165709
1.092228 1.197474
1.106871 1.230202
1.121764 1.263942
1.136921 1.298747
1.152356 1.334677
1.168086 1.371795
1.184127 1.410173
1.200498 1.449888
1.217222 1.491026
1.234322 1.533684
1.251824 1.577968
1.269759 1.624000
1.288160 1.671916
1.307065 1.721870
1.326519 1.774040
1.346571 1.828632
1.367282 1.885882
1.388720 1.946072
1.410967 2.009534
1.434124 2.076671
1.458312 2.147974
1.483681 2.224053
1.510425 2.305685
1.538794 2.393886
1.569126 2.490020
1.601896 2.596006
1.637808 2.714688
1.677987 2.850614
1.724454 3.011948
1.781619 3.216519
1.864649 3.525604
