-1.798613 3.530318
-1.717028 3.220566
-1.660856 3.015547
-1.615198 2.853896
-1.575718 2.717712
-1.540431 2.598812
-1.508231 2.492834
-1.478427 2.396524
-1.450551 2.308167
-1.424273 2.226393
-1.399345 2.150184
-1.375578 2.078763
-1.352824 2.011517
-1.330963 1.947953
-1.309898 1.887670
-1.289548 1.830332
-1.269845 1.775659
-1.250729 1.723412
-1.232153 1.673386
-1.214072 1.625402
-1.196450 1.579306
-1.179252 1.534962
-1.162449 1.492247
-1.146016 1.451055
-1.129929 1.411289
-1.114168 1.372863
-1.098712 1.335698
-1.083545 1.299725
-1.068652 1.264878
-1.054018 1.231099
-1.039629 1.198334
-1.025475 1.166533
-1.011544 1.135650
-0.997825 1.105645
-0.984310 1.076477
-0.970989 1.048110
-0.957855 1.020512
-0.944899 0.993649
-0.932115 0.967494
-0.919495 0.942019
-0.907035 0.917198
-0.894728 0.893008
-0.882567 0.869424
-0.870549 0.846427
-0.858669 0.823995
-0.846921 0.802111
-0.835302 0.780756
-0.823807 0.759912
-0.812432 0.739565
-0.801174 0.719698
-0.790029 0.700298
-0.778994 0.681350
-0.768066 0.662842
-0.757241 0.644760
-0.746517 0.627093
-0.735891 0.609829
-0.725360 0.592959
-0.714922 0.576470
-0.704574 0.560354
-0.694314 0.544601
-0.684141 0.529201
-0.674051 0.514146
-0.664042 0.499428
-0.654114 0.485039
-0.644263 0.471083
-0.634488 0.457324
-0.624788 0.443872
-0.615160 0.430720
-0.605604 0.417860
-0.596117 0.405286
-0.586698 0.392993
-0.577345 0.380974
-0.568058 0.369224
-0.558834 0.357736
-0.549673 0.346506
-0.540574 0.335529
-0.531534 0.324799
-0.522553 0.314311
-0.513630 0.304062
-0.504764 0.294046
-0.495953 0.284259
-0.487197 0.274696
-0.478494 0.265355
-0.469844 0.256230
-0.461246 0.247317
-0.452698 0.238614
-0.444201 0.230116
-0.435752 0.221819
-0.427351 0.213721
-0.418998 0.205818
-0.410691 0.198107
-0.402430 0.190584
-0.394214 0.183247
-0.386042 0.176091
-0.377914 0.169116
-0.369829 0.162317
-0.361786 0.155692
-0.353784 0.149238
-0.345824 0.142953
-0.337903 0.136834
-0.330023 0.130878
-0.322181 0.125084
-0.314379 0.119448
-0.306614 0.113968
-0.298886 0.108643
-0.291196 0.103469
-0.283541 0.098446
-0.275923 0.093569
-0.268340 0.088839
-0.260792 0.084252
-0.253278 0.079807
-0.245798 0.075501
-0.238352 0.071377
-0.230938 0.067343
-0.223557 0.063443
-0.216209 0.059676
-0.208892 0.056040
-0.201606 0.052532
-0.194352 0.049153
-0.187128 0.045899
-0.179934 0.042769
-0.172770 0.039762
-0.165635 0.036876
-0.158529 0.034110
-0.151452 0.031462
-0.144404 0.028931
-0.137383 0.026515
-0.130391 0.024214
-0.123425 0.022025
-0.116487 0.019947
-0.109575 0.017980
-0.102690 0.016122
-0.095831 0.014371
-0.088997 0.012727
-0.082190 0.011188
-0.075407 0.009752
-0.068650 0.008420
-0.061917 0.007190
-0.055209 0.006086
-0.048524 0.005052
-0.041864 0.004117
-0.035227 0.003279
-0.028614 0.002537
-0.022024 0.001891
-0.015457 0.001340
-0.008913 0.000885
-0.002391 0.000525
0.004109 0.000258
0.010587 0.000081
0.017043 -0.000007
0.020263 0.000000
0.023482 -0.000008
0.029938 0.000080
0.036416 0.000257
0.042916 0.000525
0.049438 0.000884
0.055982 0.001336
0.062549 0.001881
0.069139 0.002520
0.075753 0.003255
0.082389 0.004087
0.089049 0.005016
0.095734 0.006044
0.102442 0.007172
0.109175 0.008400
0.115932 0.009730
0.122715 0.011163
0.129522 0.012701
0.136356 0.014344
0.143215 0.016093
0.150100 0.017950
0.157012 0.019916
0.163950 0.021993
0.170916 0.024141
0.177908 0.026439
0.184929 0.028850
0.191978 0.031377
0.199055 0.034021
0.206160 0.036783
0.213295 0.039664
0.220459 0.042667
0.227653 0.045792
0.234877 0.049041
0.242132 0.052416
0.249417 0.055919
0.256734 0.059550
0.264083 0.063312
0.271463 0.067207
0.278877 0.071235
0.286323 0.075400
0.293803 0.079654
0.301317 0.084093
0.308865 0.088674
0.316448 0.093399
0.324066 0.098269
0.331721 0.103286
0.339411 0.108453
0.347139 0.113772
0.354904 0.119245
0.362707 0.124873
0.370548 0.130661
0.378429 0.136609
0.386349 0.142720
0.394309 0.148998
0.402311 0.155443
0.410354 0.162060
0.418439 0.168850
0.426567 0.175817
0.434739 0.182963
0.442955 0.190291
0.451216 0.197804
0.459523 0.205505
0.467876 0.213398
0.476277 0.221485
0.484726 0.229771
0.493224 0.238258
0.501771 0.246950
0.510370 0.255850
0.519020 0.264963
0.527722 0.274292
0.536478 0.283841
0.545289 0.293615
0.554155 0.303617
0.563078 0.313852
0.572059 0.324325
0.581099 0.335040
0.590198 0.346002
0.599359 0.357216
0.608583 0.368687
0.617870 0.380420
0.627223 0.392422
0.636642 0.404697
0.646129 0.417251
0.655685 0.430092
0.665313 0.443225
0.675013 0.456656
0.684788 0.470393
0.694639 0.484443
0.704567 0.498813
0.714576 0.513511
0.724666 0.528545
0.734839 0.543923
0.745099 0.559654
0.755447 0.575747
0.765885 0.592212
0.776416 0.609058
0.787042 0.626296
0.797766 0.643810
0.808591 0.661861
0.819519 0.680338
0.830554 0.699253
0.841699 0.718619
0.852957 0.738451
0.864332 0.758762
0.875827 0.779567
0.887446 0.800884
0.899194 0.822728
0.911075 0.845118
0.923093 0.868072
0.935253 0.891611
0.947560 0.915755
0.960021 0.940528
0.972640 0.965953
0.985424 0.992057
0.998380 1.018865
1.011514 1.046408
1.024835 1.074716
1.038350 1.103824
1.052069 1.133767
1.066000 1.164585
1.080155 1.196318
1.094543 1.229013
1.109177 1.262718
1.124070 1.297488
1.139237 1.333382
1.154693 1.370462
1.170455 1.408800
1.186542 1.448475
1.202974 1.489571
1.219777 1.532184
1.236975 1.576423
1.254598 1.622407
1.272678 1.670273
1.291255 1.720175
1.310370 1.772291
1.330073 1.826824
1.350424 1.884014
1.371488 1.944140
1.393349 2.007535
1.416103 2.074599
1.439870 2.145825
1.464798 2.221821
1.491076 2.303365
1.518952 2.391469
1.548756 2.487296
1.580957 2.593157
1.616243 2.711698
1.655724 2.847462
1.701382 3.008602
1.757553 3.212924
1.839138 3.521673
