-1.866766 3.474644
-1.783433 3.169999
-1.726057 2.968374
-1.679421 2.809366
-1.639095 2.675403
-1.603052 2.558437
-1.570161 2.453984
-1.539718 2.359242
-1.511245 2.272320
-1.484403 2.191872
-1.458941 2.116897
-1.434665 2.046631
-1.411423 1.980470
-1.389094 1.917930
-1.367578 1.858616
-1.346792 1.802199
-1.326666 1.748403
-1.307141 1.696993
-1.288166 1.647767
-1.269698 1.600550
-1.251698 1.555189
-1.234131 1.511551
-1.216969 1.469516
-1.200184 1.428979
-1.183752 1.389844
-1.167652 1.352027
-1.151865 1.315451
-1.136374 1.280047
-1.121161 1.245750
-1.106213 1.212504
-1.091517 1.180255
-1.077059 1.148955
-1.062829 1.118600
-1.048817 1.089064
-1.035012 1.060353
-1.021405 1.032430
-1.007989 1.005262
-0.994756 0.978819
-0.981698 0.953072
-0.968808 0.927993
-0.956081 0.903558
-0.943509 0.879742
-0.931089 0.856524
-0.918813 0.833882
-0.906678 0.811796
-0.894679 0.790249
-0.882810 0.769222
-0.871069 0.748698
-0.859450 0.728663
-0.847951 0.709100
-0.836567 0.689995
-0.825296 0.671411
-0.814133 0.653183
-0.803076 0.635376
-0.792122 0.617977
-0.781269 0.600975
-0.770512 0.584359
-0.759850 0.568120
-0.749281 0.552246
-0.738801 0.536730
-0.728409 0.521562
-0.718103 0.506733
-0.707880 0.492236
-0.697739 0.478062
-0.687677 0.464203
-0.677693 0.450653
-0.667785 0.437404
-0.657951 0.424450
-0.648189 0.411784
-0.638499 0.399399
-0.628878 0.387290
-0.619325 0.375451
-0.609839 0.363877
-0.600418 0.352560
-0.591060 0.341498
-0.581766 0.330684
-0.572532 0.320113
-0.563359 0.309781
-0.554245 0.299683
-0.545189 0.289815
-0.536189 0.280172
-0.527245 0.270751
-0.518356 0.261546
-0.509521 0.252555
-0.500738 0.243773
-0.492007 0.235197
-0.483327 0.226823
-0.474697 0.218648
-0.466117 0.210668
-0.457584 0.202880
-0.449099 0.195280
-0.440661 0.187866
-0.432269 0.180635
-0.423922 0.173583
-0.415620 0.166709
-0.407361 0.160008
-0.399146 0.153478
-0.390973 0.147117
-0.382842 0.140922
-0.374752 0.134891
-0.366703 0.129020
-0.358693 0.123309
-0.350723 0.117753
-0.342792 0.112352
-0.334899 0.107103
-0.327043 0.102003
-0.319225 0.097051
-0.311443 0.092244
-0.303698 0.087580
-0.295988 0.083059
-0.288313 0.078676
-0.280673 0.074432
-0.273067 0.070323
-0.265494 0.066348
-0.257955 0.062505
-0.250449 0.058793
-0.242976 0.055210
-0.235534 0.051754
-0.228124 0.048424
-0.220745 0.045217
-0.213397 0.042153
-0.206079 0.039190
-0.198792 0.036346
-0.191534 0.033620
-0.184305 0.031011
-0.177106 0.028517
-0.169935 0.026136
-0.162792 0.023868
-0.155677 0.021711
-0.148590 0.019664
-0.141530 0.017725
-0.134497 0.015894
-0.127491 0.014169
-0.120512 0.012548
-0.113558 0.011031
-0.106630 0.009617
-0.099728 0.008305
-0.092851 0.007092
-0.085999 0.005979
-0.079171 0.004964
-0.072368 0.004047
-0.065589 0.003225
-0.058834 0.002498
-0.052103 0.001866
-0.045395 0.001326
-0.038711 0.000879
-0.032049 0.000523
-0.025410 0.000257
-0.018793 0.000081
-0.012199 -0.000007
-0.008910 0.000000
-0.005621 -0.000008
0.000973 0.000080
0.007590 0.000255
0.014229 0.000520
0.020891 0.000876
0.027575 0.001322
0.034283 0.001861
0.041014 0.002493
0.047769 0.003219
0.054548 0.004040
0.061351 0.004957
0.068178 0.005971
0.075031 0.007084
0.081908 0.008296
0.088810 0.009608
0.095738 0.011021
0.102691 0.012538
0.109671 0.014158
0.116677 0.015882
0.123710 0.017684
0.130770 0.019622
0.137857 0.021668
0.144972 0.023824
0.152114 0.026090
0.159285 0.028470
0.166485 0.030963
0.173714 0.033571
0.180972 0.036296
0.188259 0.039139
0.195577 0.042101
0.202925 0.045185
0.210304 0.048391
0.217714 0.051720
0.225155 0.055176
0.232629 0.058758
0.240135 0.062470
0.247674 0.066312
0.255247 0.070286
0.262853 0.074395
0.270493 0.078639
0.278168 0.083021
0.285877 0.087542
0.293623 0.092205
0.301405 0.097012
0.309223 0.101964
0.317078 0.107064
0.324971 0.112313
0.332903 0.117715
0.340873 0.123270
0.348882 0.128982
0.356932 0.134853
0.365022 0.140884
0.373153 0.147080
0.381326 0.153441
0.389541 0.159971
0.397800 0.166673
0.406102 0.173548
0.414449 0.180601
0.422841 0.187833
0.431279 0.195248
0.439764 0.202848
0.448296 0.210637
0.456877 0.218619
0.465507 0.226796
0.474187 0.235171
0.482918 0.243749
0.491701 0.252532
0.500536 0.261525
0.509425 0.270731
0.518369 0.280155
0.527368 0.289800
0.536425 0.299670
0.545539 0.309770
0.554712 0.320105
0.563945 0.330678
0.573240 0.341495
0.582597 0.352561
0.592019 0.363880
0.601505 0.375458
0.611058 0.387300
0.620679 0.399412
0.630369 0.411801
0.640131 0.424471
0.649965 0.437429
0.659873 0.450681
0.669857 0.464236
0.679919 0.478098
0.690060 0.492277
0.700283 0.506778
0.710589 0.521611
0.720981 0.536784
0.731461 0.552305
0.742030 0.568182
0.752692 0.584427
0.763448 0.601047
0.774302 0.618054
0.785256 0.635457
0.796313 0.653270
0.807476 0.671373
0.818747 0.690033
0.830131 0.709139
0.841630 0.728704
0.853249 0.748741
0.864990 0.769267
0.876859 0.790296
0.888858 0.811846
0.900993 0.833933
0.913269 0.856578
0.925689 0.879799
0.938261 0.903618
0.950988 0.928056
0.963878 0.953138
0.976936 0.978889
0.990169 1.005336
1.003585 1.032507
1.017192 1.060434
1.030996 1.089149
1.045009 1.118689
1.059239 1.149091
1.073697 1.180397
1.088393 1.212652
1.103341 1.245904
1.118554 1.280207
1.134045 1.315618
1.149832 1.352201
1.165932 1.390025
1.182364 1.429167
1.199149 1.469712
1.216311 1.511755
1.233878 1.555401
1.251878 1.600771
1.270346 1.647997
1.289321 1.697232
1.308846 1.748652
1.328971 1.802459
1.349758 1.858887
1.371274 1.918212
1.393603 1.980764
1.416845 2.046939
1.441121 2.117219
1.466583 2.192209
1.493425 2.272673
1.521898 2.359613
1.552341 2.454374
1.585231 2.558848
1.621275 2.675838
1.661601 2.809829
1.708237 2.968869
1.765612 3.170536
1.848946 3.475153
