-1.910805 3.530880
-1.828200 3.221097
-1.771327 3.016084
-1.725098 2.854413
-1.685125 2.718211
-1.649397 2.599295
-1.616795 2.493104
-1.586618 2.396789
-1.558394 2.308426
-1.531787 2.226646
-1.506547 2.150433
-1.482484 2.079007
-1.459445 2.011755
-1.437312 1.948187
-1.415983 1.887898
-1.395379 1.830556
-1.375429 1.775878
-1.356075 1.723626
-1.337267 1.673596
-1.318960 1.625608
-1.301117 1.579508
-1.283704 1.535159
-1.266692 1.492440
-1.250054 1.451354
-1.233766 1.411581
-1.217807 1.373149
-1.202158 1.335978
-1.186802 1.299998
-1.171722 1.265145
-1.156905 1.231360
-1.142337 1.198588
-1.128006 1.166782
-1.113901 1.135894
-1.100011 1.105883
-1.086326 1.076709
-1.072839 1.048337
-1.059541 1.020733
-1.046423 0.993866
-1.033479 0.967706
-1.020702 0.942226
-1.008086 0.917400
-0.995625 0.893205
-0.983313 0.869617
-0.971144 0.846615
-0.959116 0.824179
-0.947221 0.802290
-0.935456 0.780930
-0.923818 0.760083
-0.912301 0.739731
-0.900902 0.719861
-0.889618 0.700456
-0.878445 0.681504
-0.867380 0.662992
-0.856420 0.644906
-0.845562 0.627236
-0.834803 0.609969
-0.824140 0.593094
-0.813572 0.576602
-0.803095 0.560483
-0.792707 0.544726
-0.782406 0.529323
-0.772190 0.514265
-0.762057 0.499543
-0.752004 0.485151
-0.742030 0.471079
-0.732133 0.457320
-0.722312 0.443868
-0.712564 0.430716
-0.702888 0.417856
-0.693282 0.405282
-0.683746 0.392988
-0.674276 0.380969
-0.664873 0.369218
-0.655534 0.357731
-0.646259 0.346501
-0.637045 0.335523
-0.627893 0.324793
-0.618800 0.314305
-0.609765 0.304055
-0.600788 0.294039
-0.591867 0.284252
-0.583002 0.274689
-0.574190 0.265348
-0.565432 0.256222
-0.556727 0.247310
-0.548072 0.238649
-0.539468 0.230149
-0.530914 0.221852
-0.522408 0.213752
-0.513950 0.205848
-0.505540 0.198135
-0.497175 0.190611
-0.488857 0.183272
-0.480583 0.176116
-0.472353 0.169139
-0.464167 0.162339
-0.456023 0.155713
-0.447922 0.149258
-0.439862 0.142972
-0.431843 0.136852
-0.423864 0.130895
-0.415924 0.125099
-0.408024 0.119462
-0.400162 0.113982
-0.392338 0.108656
-0.384551 0.103481
-0.376801 0.098457
-0.369088 0.093580
-0.361410 0.088849
-0.353767 0.084261
-0.346160 0.079815
-0.338586 0.075509
-0.331047 0.071340
-0.323541 0.067308
-0.316068 0.063410
-0.308627 0.059644
-0.301219 0.056009
-0.293842 0.052503
-0.286497 0.049124
-0.279183 0.045871
-0.271899 0.042743
-0.264645 0.039737
-0.257422 0.036852
-0.250227 0.034087
-0.243062 0.031441
-0.235925 0.028911
-0.228817 0.026496
-0.221737 0.024196
-0.214684 0.022008
-0.207659 0.019955
-0.200661 0.017987
-0.193690 0.016127
-0.186745 0.014375
-0.179826 0.012730
-0.172933 0.011190
-0.166066 0.009753
-0.159224 0.008420
-0.152407 0.007189
-0.145615 0.006058
-0.138848 0.005027
-0.132104 0.004096
-0.125384 0.003263
-0.118689 0.002526
-0.112016 0.001886
-0.105367 0.001341
-0.098741 0.000889
-0.092137 0.000529
-0.085557 0.000260
-0.078998 0.000082
-0.072461 -0.000007
-0.069201 0.000000
-0.065941 -0.000007
-0.059404 0.000081
-0.052846 0.000259
-0.046265 0.000527
-0.039661 0.000886
-0.033035 0.001339
-0.026386 0.001884
-0.019713 0.002524
-0.013018 0.003259
-0.006298 0.004091
0.000445 0.005020
0.007213 0.006048
0.014005 0.007175
0.020822 0.008402
0.027664 0.009732
0.034531 0.011165
0.041424 0.012701
0.048343 0.014343
0.055288 0.016091
0.062259 0.017947
0.069257 0.019911
0.076282 0.021986
0.083335 0.024172
0.090415 0.026471
0.097523 0.028884
0.104660 0.031412
0.111825 0.034058
0.119019 0.036821
0.126243 0.039704
0.133497 0.042708
0.140781 0.045835
0.148095 0.049086
0.155440 0.052463
0.162817 0.055968
0.170225 0.059559
0.177666 0.063321
0.185139 0.067215
0.192645 0.071244
0.200184 0.075408
0.207757 0.079711
0.215365 0.084152
0.223008 0.088736
0.230685 0.093463
0.238399 0.098335
0.246149 0.103355
0.253936 0.108524
0.261760 0.113845
0.269622 0.119321
0.277522 0.124952
0.285461 0.130742
0.293440 0.136693
0.301460 0.142807
0.309520 0.149088
0.317621 0.155536
0.325765 0.162156
0.333951 0.168949
0.342181 0.175919
0.350455 0.183068
0.358773 0.190400
0.367138 0.197916
0.375548 0.205577
0.384006 0.213472
0.392512 0.221562
0.401066 0.229850
0.409670 0.238339
0.418324 0.247034
0.427030 0.255937
0.435788 0.265052
0.444600 0.274384
0.453465 0.283936
0.462386 0.293713
0.471363 0.303718
0.480398 0.313956
0.489491 0.324432
0.498643 0.335150
0.507857 0.346115
0.517132 0.357333
0.526471 0.368807
0.535874 0.380544
0.545343 0.392549
0.554880 0.404828
0.564486 0.417386
0.574162 0.430231
0.583910 0.443367
0.593731 0.456803
0.603628 0.470544
0.613602 0.484598
0.623655 0.498973
0.633788 0.513675
0.644004 0.528713
0.654305 0.544096
0.664693 0.559832
0.675170 0.575930
0.685738 0.592400
0.696401 0.609251
0.707160 0.626495
0.718018 0.644141
0.728978 0.662201
0.740043 0.680687
0.751216 0.699612
0.762500 0.718988
0.773899 0.738830
0.785416 0.759151
0.797054 0.779968
0.808819 0.801295
0.820713 0.823150
0.832742 0.845552
0.844910 0.868518
0.857222 0.892069
0.869684 0.916226
0.882300 0.941012
0.895077 0.966450
0.908021 0.992567
0.921138 1.019390
0.934437 1.046947
0.947924 1.075271
0.961608 1.104394
0.975498 1.134354
0.989604 1.165187
1.003935 1.196938
1.018503 1.229650
1.033320 1.263374
1.048400 1.298163
1.063756 1.334076
1.079405 1.371177
1.095363 1.409536
1.111651 1.449232
1.128290 1.490351
1.145302 1.532988
1.162715 1.577252
1.180558 1.623262
1.198864 1.671154
1.217673 1.721085
1.237027 1.773230
1.256977 1.827676
1.277581 1.884895
1.298909 1.945051
1.321043 2.008479
1.344082 2.075579
1.368145 2.146842
1.393385 2.222878
1.419992 2.304465
1.448216 2.392616
1.478393 2.488697
1.510995 2.594623
1.546723 2.713237
1.586696 2.849086
1.632925 3.010327
1.689798 3.214779
1.772403 3.523684
