-1.872578 3.529416
-1.788858 3.219844
-1.731216 3.014965
-1.684364 2.853395
-1.643850 2.717318
-1.607640 2.598469
-1.574597 2.492337
-1.544013 2.396074
-1.515408 2.307757
-1.488442 2.226019
-1.462861 2.149843
-1.438473 2.078452
-1.415123 2.011232
-1.392690 1.947693
-1.371074 1.887432
-1.350191 1.830115
-1.329972 1.775461
-1.310357 1.723231
-1.291294 1.673221
-1.272740 1.625253
-1.254657 1.579171
-1.237009 1.534839
-1.219766 1.492137
-1.202904 1.450956
-1.186396 1.411200
-1.170221 1.372784
-1.154361 1.335629
-1.138798 1.299664
-1.123515 1.264825
-1.108497 1.231053
-1.093732 1.198295
-1.079208 1.166500
-1.064912 1.135624
-1.050834 1.105624
-1.036965 1.076461
-1.023296 1.048099
-1.009818 1.020505
-0.996523 0.993647
-0.983404 0.967496
-0.970455 0.942024
-0.957668 0.917207
-0.945039 0.893019
-0.932560 0.869438
-0.920228 0.846444
-0.908037 0.824014
-0.895981 0.802132
-0.884058 0.780779
-0.872262 0.759937
-0.860590 0.739592
-0.849037 0.719727
-0.837601 0.700328
-0.826277 0.681381
-0.815062 0.662873
-0.803954 0.644792
-0.792949 0.627126
-0.782045 0.609864
-0.771239 0.592993
-0.760527 0.576505
-0.749909 0.560390
-0.739381 0.544637
-0.728941 0.529237
-0.718587 0.514183
-0.708317 0.499465
-0.698128 0.485075
-0.688020 0.471006
-0.677989 0.457251
-0.668035 0.443801
-0.658155 0.430651
-0.648349 0.417794
-0.638613 0.405222
-0.628948 0.392931
-0.619351 0.380914
-0.609820 0.369166
-0.600355 0.357680
-0.590955 0.346452
-0.581617 0.335476
-0.572341 0.324748
-0.563125 0.314262
-0.553968 0.304014
-0.544870 0.294024
-0.535829 0.284237
-0.526844 0.274675
-0.517913 0.265334
-0.509037 0.256210
-0.500213 0.247298
-0.491442 0.238595
-0.482722 0.230097
-0.474052 0.221801
-0.465431 0.213703
-0.456859 0.205800
-0.448335 0.198089
-0.439858 0.190566
-0.431427 0.183229
-0.423041 0.176074
-0.414701 0.169099
-0.406404 0.162300
-0.398150 0.155675
-0.389939 0.149221
-0.381771 0.142936
-0.373643 0.136817
-0.365556 0.130861
-0.357510 0.125067
-0.349503 0.119431
-0.341534 0.113951
-0.333605 0.108626
-0.325713 0.103452
-0.317858 0.098429
-0.310041 0.093553
-0.302259 0.088822
-0.294513 0.084235
-0.286803 0.079790
-0.279127 0.075485
-0.271486 0.071317
-0.263879 0.067285
-0.256305 0.063388
-0.248764 0.059623
-0.241255 0.055989
-0.233779 0.052484
-0.226335 0.049106
-0.218922 0.045854
-0.211539 0.042727
-0.204188 0.039722
-0.196866 0.036838
-0.189575 0.034075
-0.182313 0.031429
-0.175080 0.028900
-0.167876 0.026487
-0.160700 0.024188
-0.153552 0.022001
-0.146432 0.019926
-0.139339 0.017961
-0.132274 0.016105
-0.125235 0.014356
-0.118223 0.012714
-0.111237 0.011177
-0.104277 0.009744
-0.097343 0.008414
-0.090434 0.007185
-0.083550 0.006057
-0.076691 0.005029
-0.069857 0.004099
-0.063046 0.003267
-0.056260 0.002530
-0.049498 0.001890
-0.042759 0.001343
-0.036043 0.000890
-0.029350 0.000530
-0.022680 0.000260
-0.016033 0.000082
-0.009408 -0.000007
-0.006104 0.000000
-0.002800 -0.000007
0.003825 0.000081
0.010472 0.000259
0.017142 0.000528
0.023835 0.000888
0.030550 0.001341
0.037289 0.001887
0.044052 0.002528
0.050838 0.003263
0.057648 0.004096
0.064483 0.005025
0.071342 0.006053
0.078226 0.007181
0.085135 0.008409
0.092069 0.009739
0.099029 0.011172
0.106015 0.012708
0.113027 0.014350
0.120066 0.016098
0.127131 0.017954
0.134224 0.019919
0.141344 0.021994
0.148491 0.024180
0.155667 0.026479
0.162871 0.028891
0.170104 0.031420
0.177367 0.034064
0.184658 0.036828
0.191980 0.039710
0.199331 0.042714
0.206713 0.045841
0.214126 0.049092
0.221571 0.052468
0.229047 0.055972
0.236555 0.059605
0.244096 0.063368
0.251670 0.067264
0.259278 0.071294
0.266919 0.075460
0.274595 0.079764
0.282305 0.084208
0.290051 0.088793
0.297832 0.093521
0.305650 0.098395
0.313505 0.103417
0.321396 0.108588
0.329326 0.113912
0.337294 0.119389
0.345301 0.125022
0.353348 0.130815
0.361435 0.136768
0.369562 0.142885
0.377731 0.149167
0.385942 0.155618
0.394195 0.162240
0.402492 0.169036
0.410833 0.176009
0.419219 0.183161
0.427650 0.190495
0.436127 0.198015
0.444651 0.205723
0.453223 0.213622
0.461844 0.221717
0.470514 0.230009
0.479234 0.238504
0.488005 0.247203
0.496828 0.256111
0.505705 0.265232
0.514635 0.274569
0.523621 0.284127
0.532662 0.293909
0.541760 0.303920
0.550917 0.314165
0.560132 0.324647
0.569409 0.335371
0.578746 0.346343
0.588147 0.357567
0.597612 0.369048
0.607142 0.380792
0.616740 0.392805
0.626405 0.405091
0.636140 0.417658
0.645947 0.430510
0.655827 0.443655
0.665781 0.457099
0.675811 0.470802
0.685920 0.484864
0.696108 0.499247
0.706378 0.513958
0.716733 0.529005
0.727173 0.544397
0.737701 0.560142
0.748319 0.576250
0.759030 0.592730
0.769837 0.609591
0.780741 0.626845
0.791746 0.644502
0.802854 0.662574
0.814068 0.681071
0.825392 0.700008
0.836829 0.719397
0.848381 0.739251
0.860054 0.759585
0.871850 0.780415
0.883773 0.801757
0.895828 0.823626
0.908020 0.846043
0.920352 0.869024
0.932830 0.892591
0.945460 0.916764
0.958246 0.941567
0.971196 0.967023
0.984315 0.993159
0.997609 1.020000
1.011088 1.047577
1.024757 1.075921
1.038626 1.105065
1.052704 1.135046
1.066999 1.165902
1.081524 1.197676
1.096289 1.230412
1.111306 1.264161
1.126589 1.298977
1.142153 1.334917
1.158013 1.372046
1.174187 1.410435
1.190695 1.450162
1.207558 1.491314
1.224800 1.533985
1.242448 1.578284
1.260532 1.624331
1.279086 1.672263
1.298148 1.722192
1.317764 1.774379
1.337983 1.828989
1.358866 1.886260
1.380482 1.946471
1.402915 2.009957
1.426264 2.077119
1.450653 2.148449
1.476233 2.224558
1.503200 2.306223
1.531804 2.394460
1.562389 2.490635
1.595432 2.596667
1.631642 2.715402
1.672155 2.851391
1.719008 3.012802
1.776649 3.217474
1.860369 3.526720
