-0.284169 2.319726
-0.251367 1.833649
-0.228782 1.503052
-0.210425 1.239361
-0.194552 1.017816
-0.180364 0.826651
-0.167418 0.660213
-0.155435 0.515122
-0.144227 0.388955
-0.133662 0.280716
-0.123639 0.189826
-0.114084 0.116078
-0.104935 0.060160
-0.096146 0.021834
-0.087677 0.002493
-0.083551 0.000000
-0.079426 0.002758
-0.070957 0.025972
-0.062168 0.078561
-0.053019 0.168866
-0.043464 0.307093
-0.033441 0.504438
-0.022876 0.773481
-0.011668 1.124586
0.000315 1.565057
0.013262 2.099973
0.027449 2.733665
0.043322 3.476026
0.061680 4.352380
0.084264 5.430057
0.117066 6.960416
