-1.872504 3.525976
-1.788526 3.216738
-1.730708 3.012076
-1.683710 2.850677
-1.643072 2.714699
-1.606751 2.595976
-1.573606 2.489955
-1.542928 2.393792
-1.514235 2.305567
-1.487186 2.223913
-1.461526 2.147815
-1.437063 2.076497
-1.413641 2.009346
-1.391140 1.945871
-1.369457 1.885671
-1.348510 1.828412
-1.328228 1.773813
-1.308553 1.721635
-1.289431 1.671675
-1.270820 1.623754
-1.252681 1.577718
-1.234979 1.533430
-1.217684 1.490769
-1.200769 1.449629
-1.184210 1.409912
-1.167986 1.371533
-1.152077 1.334414
-1.136465 1.298484
-1.121135 1.263679
-1.106072 1.229940
-1.091262 1.197212
-1.076692 1.165448
-1.062352 1.134602
-1.048231 1.104630
-1.034320 1.075495
-1.020608 1.047160
-1.007089 1.019592
-0.993753 0.992760
-0.980594 0.966633
-0.967605 0.941186
-0.954779 0.916391
-0.942110 0.892226
-0.929593 0.868667
-0.917223 0.845694
-0.904994 0.823286
-0.892902 0.801424
-0.880942 0.780090
-0.869110 0.759268
-0.857401 0.738941
-0.845813 0.719094
-0.834341 0.699713
-0.822983 0.680784
-0.811734 0.662293
-0.800592 0.644229
-0.789553 0.626603
-0.778615 0.609355
-0.767775 0.592499
-0.757031 0.576025
-0.746380 0.559923
-0.735820 0.544184
-0.725347 0.528798
-0.714961 0.513756
-0.704660 0.499050
-0.694440 0.484673
-0.684300 0.470616
-0.674239 0.456872
-0.664254 0.443434
-0.654344 0.430295
-0.644507 0.417448
-0.634742 0.404888
-0.625047 0.392607
-0.615420 0.380600
-0.605860 0.368861
-0.596366 0.357385
-0.586937 0.346166
-0.577570 0.335200
-0.568265 0.324480
-0.559021 0.314003
-0.549837 0.303763
-0.540710 0.293757
-0.531641 0.283979
-0.522628 0.274426
-0.513670 0.265093
-0.504767 0.255977
-0.495916 0.247073
-0.487118 0.238378
-0.478371 0.229888
-0.469674 0.221599
-0.461027 0.213509
-0.452429 0.205613
-0.443878 0.197909
-0.435375 0.190393
-0.426918 0.183063
-0.418507 0.175914
-0.410140 0.168945
-0.401818 0.162153
-0.393539 0.155534
-0.385303 0.149086
-0.377109 0.142807
-0.368956 0.136694
-0.360844 0.130744
-0.352773 0.124955
-0.344741 0.119324
-0.336749 0.113850
-0.328795 0.108530
-0.320878 0.103361
-0.313000 0.098343
-0.305158 0.093471
-0.297352 0.088745
-0.289583 0.084163
-0.281849 0.079722
-0.274150 0.075421
-0.266485 0.071257
-0.258854 0.067230
-0.251257 0.063336
-0.243693 0.059575
-0.236161 0.055944
-0.228662 0.052442
-0.221195 0.049068
-0.213759 0.045819
-0.206354 0.042694
-0.198979 0.039692
-0.191636 0.036811
-0.184322 0.034050
-0.177037 0.031406
-0.169782 0.028879
-0.162555 0.026468
-0.155357 0.024171
-0.148188 0.021986
-0.141046 0.019912
-0.133931 0.017948
-0.126844 0.016094
-0.119784 0.014346
-0.112750 0.012705
-0.105743 0.011169
-0.098762 0.009737
-0.091806 0.008408
-0.084876 0.007180
-0.077971 0.006053
-0.071090 0.005025
-0.064235 0.004096
-0.057404 0.003264
-0.050596 0.002529
-0.043813 0.001888
-0.037053 0.001342
-0.030317 0.000889
-0.023604 0.000529
-0.016914 0.000260
-0.010246 0.000082
-0.003600 -0.000007
-0.000286 0.000000
0.003028 -0.000007
0.009673 0.000081
0.016341 0.000259
0.023032 0.000528
0.029745 0.000888
0.036481 0.001340
0.043241 0.001886
0.050024 0.002526
0.056831 0.003262
0.063662 0.004093
0.070518 0.005022
0.077398 0.006050
0.084303 0.007176
0.091234 0.008404
0.098189 0.009733
0.105171 0.011164
0.112178 0.012700
0.119212 0.014341
0.126272 0.016088
0.133359 0.017943
0.140473 0.019906
0.147615 0.021979
0.154785 0.024164
0.161983 0.026461
0.169209 0.028872
0.176465 0.031398
0.183749 0.034042
0.191063 0.036803
0.198407 0.039684
0.205781 0.042685
0.213186 0.045810
0.220622 0.049058
0.228090 0.052432
0.235589 0.055934
0.243120 0.059564
0.250684 0.063325
0.258282 0.067218
0.265912 0.071245
0.273577 0.075409
0.281276 0.079709
0.289011 0.084150
0.296780 0.088732
0.304586 0.093457
0.312427 0.098327
0.320306 0.103346
0.328222 0.108513
0.336176 0.113833
0.344169 0.119306
0.352201 0.124936
0.360272 0.130724
0.368384 0.136673
0.376536 0.142786
0.384730 0.149064
0.392966 0.155511
0.401245 0.162128
0.409568 0.168919
0.417934 0.175887
0.426346 0.183034
0.434803 0.190363
0.443306 0.197878
0.451856 0.205581
0.460455 0.213475
0.469102 0.221564
0.477798 0.229851
0.486545 0.238339
0.495344 0.247033
0.504194 0.255935
0.513098 0.265049
0.522056 0.274380
0.531069 0.283931
0.540138 0.293707
0.549264 0.303711
0.558449 0.313949
0.567693 0.324424
0.576998 0.335141
0.586364 0.346105
0.595794 0.357322
0.605288 0.368796
0.614847 0.380532
0.624474 0.392536
0.634170 0.404814
0.643935 0.417372
0.653772 0.430216
0.663682 0.443353
0.673667 0.456788
0.683728 0.470529
0.693867 0.484583
0.704087 0.498957
0.714389 0.513659
0.724775 0.528697
0.735247 0.544080
0.745808 0.559816
0.756459 0.575915
0.767203 0.592385
0.778043 0.609236
0.788981 0.626480
0.800019 0.644127
0.811162 0.662188
0.822410 0.680619
0.833769 0.699544
0.845241 0.718921
0.856829 0.738763
0.868537 0.759085
0.880369 0.779902
0.892330 0.801230
0.904422 0.823086
0.916651 0.845489
0.929021 0.868457
0.941538 0.892009
0.954206 0.916168
0.967032 0.940956
0.980021 0.966397
0.993181 0.992517
1.006516 1.019342
1.020036 1.046903
1.033747 1.075230
1.047659 1.104357
1.061780 1.134320
1.076120 1.165158
1.090689 1.196914
1.105500 1.229631
1.120563 1.263361
1.135893 1.298156
1.151505 1.334076
1.167414 1.371184
1.183638 1.409552
1.200196 1.449256
1.217111 1.490384
1.234406 1.533032
1.252109 1.577306
1.270248 1.623328
1.288859 1.671234
1.307980 1.721178
1.327656 1.773338
1.347937 1.827919
1.368884 1.885160
1.390567 1.945340
1.413069 2.008794
1.436490 2.075921
1.460954 2.147171
1.486613 2.223241
1.513662 2.304864
1.542355 2.393056
1.573034 2.489183
1.606178 2.595162
1.642500 2.713838
1.683138 2.849761
1.730135 3.011094
1.787954 3.215669
1.871932 3.524773
