-1.865290 3.480921
-1.781644 3.175564
-1.724054 2.973472
-1.677243 2.814099
-1.636766 2.679829
-1.600588 2.562598
-1.567574 2.457909
-1.537017 2.362955
-1.508438 2.275839
-1.481495 2.195212
-1.455938 2.120072
-1.431571 2.049651
-1.408242 1.983346
-1.385829 1.920670
-1.364232 1.861228
-1.343368 1.804690
-1.323167 1.750779
-1.303569 1.699260
-1.284523 1.649930
-1.265986 1.602613
-1.247918 1.557158
-1.230286 1.513429
-1.213059 1.471307
-1.196211 1.430686
-1.179718 1.391472
-1.163558 1.353578
-1.147712 1.316929
-1.132162 1.281453
-1.116893 1.247088
-1.101889 1.213776
-1.087137 1.181464
-1.072626 1.150102
-1.058342 1.119646
-1.044277 1.090055
-1.030421 1.061290
-1.016763 1.033315
-1.003297 1.006097
-0.990014 0.979605
-0.976907 0.953811
-0.963969 0.928687
-0.951194 0.904209
-0.938576 0.880351
-0.926108 0.857093
-0.913787 0.834413
-0.901607 0.812292
-0.889562 0.790709
-0.877649 0.769649
-0.865864 0.749094
-0.854202 0.729028
-0.842660 0.709437
-0.831233 0.690305
-0.819919 0.671620
-0.808715 0.653368
-0.797617 0.635538
-0.786622 0.618116
-0.775727 0.601093
-0.764930 0.584457
-0.754229 0.568199
-0.743620 0.552307
-0.733101 0.536774
-0.722670 0.521590
-0.712325 0.506746
-0.702064 0.492234
-0.691885 0.478046
-0.681785 0.464175
-0.671764 0.450613
-0.661819 0.437353
-0.651948 0.424389
-0.642150 0.411713
-0.632423 0.399320
-0.622766 0.387203
-0.613177 0.375356
-0.603656 0.363775
-0.594199 0.352452
-0.584807 0.341384
-0.575477 0.330565
-0.566209 0.319990
-0.557002 0.309654
-0.547853 0.299553
-0.538763 0.289682
-0.529730 0.280037
-0.520753 0.270613
-0.511830 0.261407
-0.502962 0.252415
-0.494146 0.243632
-0.485383 0.235056
-0.476670 0.226681
-0.468008 0.218506
-0.459395 0.210527
-0.450831 0.202739
-0.442314 0.195141
-0.433845 0.187728
-0.425421 0.180498
-0.417043 0.173448
-0.408709 0.166598
-0.400420 0.159899
-0.392174 0.153371
-0.383970 0.147013
-0.375809 0.140820
-0.367688 0.134791
-0.359609 0.128923
-0.351569 0.123214
-0.343569 0.117662
-0.335608 0.112263
-0.327686 0.107017
-0.319801 0.101920
-0.311953 0.096971
-0.304143 0.092167
-0.296368 0.087507
-0.288629 0.082988
-0.280926 0.078609
-0.273257 0.074367
-0.265622 0.070262
-0.258022 0.066290
-0.250455 0.062450
-0.242920 0.058742
-0.235419 0.055161
-0.227949 0.051708
-0.220511 0.048381
-0.213105 0.045178
-0.205729 0.042096
-0.198384 0.039136
-0.191069 0.036295
-0.183784 0.033572
-0.176528 0.030966
-0.169302 0.028474
-0.162104 0.026097
-0.154935 0.023831
-0.147793 0.021677
-0.140680 0.019632
-0.133593 0.017696
-0.126534 0.015867
-0.119502 0.014145
-0.112496 0.012527
-0.105516 0.011012
-0.098562 0.009600
-0.091634 0.008289
-0.084731 0.007079
-0.077854 0.005968
-0.071001 0.004954
-0.064172 0.004038
-0.057368 0.003218
-0.050588 0.002493
-0.043831 0.001861
-0.037098 0.001323
-0.030389 0.000877
-0.023702 0.000521
-0.017038 0.000256
-0.010397 0.000080
-0.003778 -0.000007
-0.000477 0.000000
0.002825 -0.000007
0.009444 0.000080
0.016085 0.000255
0.022749 0.000520
0.029436 0.000875
0.036145 0.001321
0.042878 0.001859
0.049635 0.002491
0.056415 0.003216
0.063219 0.004035
0.070048 0.004951
0.076901 0.005964
0.083778 0.007075
0.090681 0.008285
0.097609 0.009596
0.104563 0.011007
0.111543 0.012522
0.118549 0.014139
0.125581 0.015862
0.132640 0.017691
0.139726 0.019626
0.146840 0.021671
0.153981 0.023825
0.161151 0.026090
0.168349 0.028467
0.175575 0.030958
0.182831 0.033564
0.190116 0.036287
0.197431 0.039127
0.204776 0.042087
0.212152 0.045168
0.219558 0.048371
0.226996 0.051698
0.234466 0.055151
0.241967 0.058731
0.249501 0.062439
0.257069 0.066278
0.264669 0.070250
0.272304 0.074355
0.279972 0.078596
0.287676 0.082975
0.295415 0.087493
0.303189 0.092153
0.311000 0.096929
0.318848 0.101877
0.326733 0.106973
0.334655 0.112219
0.342616 0.117617
0.350616 0.123169
0.358656 0.128877
0.366735 0.134744
0.374856 0.140772
0.383017 0.146963
0.391221 0.153321
0.399467 0.159848
0.407756 0.166546
0.416090 0.173418
0.424468 0.180467
0.432891 0.187696
0.441361 0.195108
0.449878 0.202706
0.458442 0.210493
0.467055 0.218472
0.475717 0.226646
0.484430 0.235019
0.493193 0.243595
0.502009 0.252377
0.510877 0.261368
0.519800 0.270573
0.528777 0.279996
0.537810 0.289640
0.546900 0.299511
0.556049 0.309611
0.565256 0.319946
0.574524 0.330520
0.583854 0.341338
0.593246 0.352405
0.602702 0.363727
0.612224 0.375307
0.621813 0.387153
0.631470 0.399269
0.641197 0.411661
0.650995 0.424336
0.660865 0.437299
0.670811 0.450558
0.680832 0.464119
0.690932 0.477989
0.701111 0.492176
0.711372 0.506686
0.721717 0.521529
0.732148 0.536712
0.742667 0.552245
0.753276 0.568135
0.763977 0.584392
0.774774 0.601027
0.785669 0.618049
0.796664 0.635469
0.807762 0.653298
0.818966 0.671549
0.830280 0.690232
0.841706 0.709363
0.853249 0.728953
0.864911 0.749017
0.876696 0.769571
0.888609 0.790630
0.900653 0.812211
0.912834 0.834331
0.925155 0.857009
0.937623 0.880266
0.950241 0.904122
0.963016 0.928599
0.975954 0.953721
0.989061 0.979514
1.002344 1.006004
1.015810 1.033220
1.029467 1.061194
1.043324 1.089957
1.057389 1.119547
1.071672 1.150001
1.086184 1.181361
1.100936 1.213671
1.115940 1.246982
1.131209 1.281345
1.146759 1.316818
1.162605 1.353466
1.178765 1.391357
1.195258 1.430570
1.212106 1.471189
1.229333 1.513308
1.246965 1.557035
1.265033 1.602488
1.283570 1.649802
1.302616 1.699130
1.322214 1.750646
1.342415 1.804555
1.363279 1.861090
1.384876 1.920529
1.407289 1.983202
1.430617 2.049505
1.454985 2.119922
1.480542 2.195059
1.507484 2.275682
1.536064 2.362794
1.566621 2.457745
1.599635 2.562429
1.635813 2.679655
1.676290 2.813920
1.723101 2.973286
1.780691 3.175371
1.864337 3.480717
