-1.881089 3.527083
-1.796772 3.216965
-1.738720 3.011743
-1.691533 2.849913
-1.650731 2.713584
-1.614263 2.594561
-1.580985 2.488279
-1.550182 2.391885
-1.521374 2.303453
-1.494215 2.221612
-1.468452 2.145345
-1.443890 2.073872
-1.420374 2.006578
-1.397781 1.942973
-1.376011 1.882651
-1.354980 1.825279
-1.334616 1.770576
-1.314861 1.718302
-1.295663 1.668253
-1.276977 1.620248
-1.258764 1.574176
-1.240990 1.529814
-1.223625 1.487085
-1.206642 1.445880
-1.190017 1.406104
-1.173727 1.367670
-1.157754 1.330499
-1.142080 1.294521
-1.126688 1.259671
-1.111563 1.225891
-1.096693 1.193126
-1.082065 1.161327
-1.067667 1.130448
-1.053489 1.100448
-1.039522 1.071286
-1.025755 1.042927
-1.012180 1.015338
-0.998791 0.988486
-0.985579 0.962342
-0.972537 0.936880
-0.959659 0.912074
-0.946940 0.887899
-0.934373 0.864333
-0.921952 0.841356
-0.909674 0.818947
-0.897533 0.797088
-0.885525 0.775759
-0.873645 0.754946
-0.861889 0.734630
-0.850254 0.714797
-0.838736 0.695433
-0.827332 0.676524
-0.816037 0.658056
-0.804850 0.640016
-0.793767 0.622394
-0.782785 0.605178
-0.771901 0.588356
-0.761114 0.571918
-0.750420 0.555854
-0.739817 0.540155
-0.729302 0.524812
-0.718874 0.509814
-0.708531 0.495155
-0.698270 0.480826
-0.688089 0.466820
-0.677987 0.453231
-0.667962 0.439843
-0.658012 0.426756
-0.648136 0.413962
-0.638331 0.401456
-0.628597 0.389230
-0.618931 0.377280
-0.609333 0.365599
-0.599800 0.354181
-0.590333 0.343022
-0.580928 0.332115
-0.571586 0.321456
-0.562305 0.311041
-0.553083 0.300863
-0.543920 0.290919
-0.534814 0.281204
-0.525765 0.271713
-0.516771 0.262443
-0.507831 0.253424
-0.498945 0.244583
-0.490111 0.235951
-0.481329 0.227525
-0.472597 0.219299
-0.463915 0.211272
-0.455282 0.203440
-0.446697 0.195799
-0.438159 0.188345
-0.429668 0.181077
-0.421223 0.173991
-0.412823 0.167084
-0.404467 0.160352
-0.396154 0.153794
-0.387885 0.147407
-0.379658 0.141187
-0.371473 0.135133
-0.363328 0.129241
-0.355224 0.123510
-0.347160 0.117936
-0.339135 0.112518
-0.331149 0.107253
-0.323201 0.102139
-0.315290 0.097173
-0.307417 0.092354
-0.299580 0.087679
-0.291779 0.083148
-0.284014 0.078756
-0.276283 0.074503
-0.268588 0.070387
-0.260926 0.066405
-0.253298 0.062556
-0.245703 0.058839
-0.238142 0.055251
-0.230612 0.051790
-0.223115 0.048456
-0.215649 0.045246
-0.208214 0.042159
-0.200810 0.039193
-0.193436 0.036348
-0.186093 0.033620
-0.178779 0.031009
-0.171494 0.028514
-0.164239 0.026132
-0.157012 0.023863
-0.149813 0.021706
-0.142642 0.019658
-0.135499 0.017720
-0.128384 0.015888
-0.121295 0.014163
-0.114233 0.012543
-0.107197 0.011026
-0.100188 0.009613
-0.093204 0.008300
-0.086246 0.007088
-0.079313 0.005976
-0.072405 0.004961
-0.065521 0.004044
-0.058663 0.003223
-0.051828 0.002497
-0.045017 0.001864
-0.038230 0.001325
-0.031467 0.000878
-0.024727 0.000523
-0.018009 0.000257
-0.011315 0.000081
-0.004642 -0.000007
-0.001315 0.000000
0.002013 -0.000008
0.008685 0.000080
0.015380 0.000255
0.022097 0.000520
0.028837 0.000875
0.035601 0.001321
0.042388 0.001859
0.049199 0.002490
0.056033 0.003216
0.062892 0.004036
0.069775 0.004952
0.076683 0.005966
0.083616 0.007077
0.090574 0.008288
0.097558 0.009599
0.104568 0.011011
0.111603 0.012526
0.118665 0.014145
0.125754 0.015869
0.132870 0.017699
0.140013 0.019636
0.147184 0.021682
0.154382 0.023837
0.161609 0.026067
0.168865 0.028445
0.176150 0.030937
0.183463 0.033544
0.190807 0.036268
0.198181 0.039110
0.205585 0.042072
0.213019 0.045155
0.220485 0.048360
0.227983 0.051690
0.235512 0.055146
0.243074 0.058729
0.250669 0.062441
0.258297 0.066285
0.265958 0.070261
0.273654 0.074371
0.281384 0.078618
0.289150 0.083003
0.296951 0.087529
0.304787 0.092196
0.312661 0.097008
0.320571 0.101966
0.328520 0.107072
0.336506 0.112329
0.344531 0.117739
0.352595 0.123304
0.360699 0.129026
0.368843 0.134908
0.377029 0.140952
0.385256 0.147162
0.393525 0.153538
0.401837 0.160085
0.410193 0.166804
0.418594 0.173699
0.427039 0.180773
0.435530 0.188028
0.444068 0.195468
0.452653 0.203095
0.461286 0.210913
0.469968 0.218925
0.478699 0.227134
0.487482 0.235545
0.496316 0.244160
0.505202 0.252984
0.514141 0.262020
0.523135 0.271272
0.532185 0.280744
0.541290 0.290440
0.550454 0.300366
0.559675 0.310524
0.568957 0.320920
0.578299 0.331559
0.587703 0.342444
0.597171 0.353583
0.606703 0.364979
0.616302 0.376638
0.625967 0.388566
0.635702 0.400769
0.645506 0.413252
0.655383 0.426022
0.665333 0.439085
0.675358 0.452448
0.685460 0.466118
0.695641 0.480102
0.705902 0.494408
0.716245 0.509044
0.726673 0.524017
0.737187 0.539337
0.747790 0.555011
0.758485 0.571050
0.769272 0.587462
0.780156 0.604258
0.791138 0.621448
0.802221 0.638967
0.813408 0.656977
0.824702 0.675415
0.836107 0.694295
0.847625 0.713628
0.859260 0.733429
0.871015 0.753713
0.882895 0.774494
0.894904 0.795790
0.907045 0.817616
0.919323 0.839990
0.931743 0.862933
0.944310 0.886462
0.957030 0.910601
0.969908 0.935370
0.982949 0.960795
0.996162 0.986836
1.009551 1.013647
1.023125 1.041195
1.036892 1.069511
1.050860 1.098628
1.065038 1.128583
1.079436 1.159415
1.094064 1.191167
1.108934 1.223882
1.124058 1.257612
1.139450 1.292409
1.155125 1.328333
1.171098 1.365448
1.187387 1.403825
1.204013 1.443542
1.220996 1.484685
1.238361 1.527351
1.256135 1.571647
1.274347 1.617694
1.293033 1.665628
1.312232 1.715606
1.331987 1.767804
1.352350 1.822428
1.373382 1.879717
1.395152 1.939952
1.417745 2.003466
1.441260 2.070663
1.465823 2.142034
1.491586 2.218192
1.518744 2.299916
1.547553 2.388222
1.578355 2.484478
1.611634 2.590609
1.648102 2.709463
1.688904 2.845600
1.736091 3.007201
1.794143 3.212135
1.878459 3.521816
