-1.827978 3.531222
-1.746159 3.221366
-1.689826 3.016309
-1.644037 2.854605
-1.604444 2.718377
-1.569056 2.599439
-1.536763 2.493230
-1.506873 2.396898
-1.478918 2.308521
-1.452564 2.226728
-1.427564 2.150503
-1.403729 2.079067
-1.380910 2.011806
-1.358986 1.948229
-1.337861 1.887933
-1.317453 1.830583
-1.297692 1.775899
-1.278522 1.723642
-1.259893 1.673606
-1.241760 1.625613
-1.224087 1.579508
-1.206840 1.535155
-1.189989 1.492432
-1.173509 1.451232
-1.157376 1.411459
-1.141569 1.373026
-1.126069 1.335854
-1.110859 1.299875
-1.095923 1.265021
-1.081246 1.231236
-1.066817 1.198465
-1.052622 1.166659
-1.038651 1.135771
-1.024893 1.105760
-1.011338 1.076588
-0.997979 1.048216
-0.984807 1.020613
-0.971814 0.993747
-0.958993 0.967588
-0.946338 0.942109
-0.933842 0.917284
-0.921499 0.893089
-0.909304 0.869502
-0.897252 0.846501
-0.885337 0.824066
-0.873556 0.802179
-0.861903 0.780820
-0.850375 0.759974
-0.838968 0.739624
-0.827677 0.719754
-0.816501 0.700351
-0.805434 0.681401
-0.794474 0.662889
-0.783618 0.644805
-0.772863 0.627136
-0.762207 0.609976
-0.751646 0.593101
-0.741177 0.576607
-0.730800 0.560487
-0.720511 0.544729
-0.710308 0.529325
-0.700189 0.514266
-0.690152 0.499544
-0.680195 0.485150
-0.670316 0.471078
-0.660513 0.457319
-0.650785 0.443866
-0.641130 0.430712
-0.631546 0.417852
-0.622032 0.405278
-0.612585 0.392984
-0.603206 0.380964
-0.593892 0.369213
-0.584642 0.357725
-0.575455 0.346494
-0.566329 0.335516
-0.557264 0.324786
-0.548257 0.314298
-0.539309 0.304048
-0.530417 0.294032
-0.521581 0.284244
-0.512800 0.274681
-0.504072 0.265339
-0.495397 0.256214
-0.486774 0.247301
-0.478202 0.238598
-0.469680 0.230099
-0.461207 0.221803
-0.452782 0.213705
-0.444405 0.205801
-0.436074 0.198090
-0.427789 0.190567
-0.419550 0.183229
-0.411354 0.176074
-0.403203 0.169099
-0.395094 0.162300
-0.387028 0.155675
-0.379004 0.149221
-0.371020 0.142936
-0.363078 0.136817
-0.355174 0.130861
-0.347310 0.125067
-0.339485 0.119431
-0.331698 0.113951
-0.323948 0.108626
-0.316236 0.103495
-0.308559 0.098469
-0.300919 0.093592
-0.293314 0.088860
-0.285745 0.084271
-0.278209 0.079825
-0.270708 0.075518
-0.263240 0.071349
-0.255805 0.067316
-0.248404 0.063417
-0.241034 0.059651
-0.233696 0.056015
-0.226389 0.052509
-0.219114 0.049130
-0.211869 0.045876
-0.204655 0.042747
-0.197470 0.039741
-0.190315 0.036856
-0.183189 0.034091
-0.176092 0.031444
-0.169023 0.028914
-0.161982 0.026499
-0.154969 0.024198
-0.147984 0.022010
-0.141026 0.019933
-0.134094 0.017967
-0.127189 0.016109
-0.120310 0.014359
-0.113457 0.012716
-0.106630 0.011177
-0.099828 0.009743
-0.093051 0.008434
-0.086299 0.007201
-0.079572 0.006069
-0.072868 0.005036
-0.066189 0.004102
-0.059533 0.003266
-0.052901 0.002527
-0.046292 0.001884
-0.039706 0.001337
-0.033143 0.000885
-0.026602 0.000526
-0.020084 0.000258
-0.013588 0.000081
-0.007113 -0.000007
-0.003884 0.000000
-0.000655 -0.000007
0.005820 0.000081
0.012316 0.000259
0.018834 0.000528
0.025375 0.000888
0.031938 0.001340
0.038524 0.001886
0.045133 0.002527
0.051765 0.003263
0.058421 0.004096
0.065100 0.005026
0.071804 0.006054
0.078531 0.007183
0.085283 0.008412
0.092060 0.009743
0.098862 0.011177
0.105689 0.012716
0.112542 0.014359
0.119421 0.016110
0.126326 0.017967
0.133258 0.019934
0.140216 0.021966
0.147201 0.024152
0.154214 0.026450
0.161255 0.028862
0.168324 0.031389
0.175421 0.034033
0.182547 0.036795
0.189702 0.039677
0.196887 0.042680
0.204101 0.045806
0.211346 0.049056
0.218622 0.052431
0.225928 0.055934
0.233266 0.059566
0.240636 0.063328
0.248038 0.067223
0.255472 0.071252
0.262940 0.075416
0.270441 0.079719
0.277977 0.084120
0.285546 0.088702
0.293151 0.093427
0.300792 0.098298
0.308468 0.103316
0.316180 0.108484
0.323930 0.113803
0.331717 0.119277
0.339543 0.124906
0.347406 0.130694
0.355310 0.136643
0.363253 0.142756
0.371236 0.149034
0.379260 0.155480
0.387327 0.162098
0.395435 0.168889
0.403586 0.175856
0.411782 0.183003
0.420021 0.190332
0.428306 0.197846
0.436637 0.205548
0.445014 0.213442
0.453439 0.221530
0.461912 0.229816
0.470434 0.238304
0.479006 0.246997
0.487629 0.255898
0.496304 0.265012
0.505032 0.274342
0.513813 0.283892
0.522649 0.293667
0.531541 0.303670
0.540489 0.313906
0.549496 0.324380
0.558561 0.335095
0.567687 0.346058
0.576874 0.357273
0.586124 0.368745
0.595438 0.380479
0.604818 0.392482
0.614264 0.404758
0.623778 0.417313
0.633362 0.430155
0.643017 0.443288
0.652745 0.456721
0.662548 0.470459
0.672427 0.484509
0.682384 0.498880
0.692421 0.513579
0.702540 0.528614
0.712743 0.543993
0.723032 0.559725
0.733410 0.575819
0.743878 0.592284
0.754439 0.609131
0.765095 0.626370
0.775850 0.644012
0.786706 0.662067
0.797666 0.680548
0.808733 0.699468
0.819909 0.718720
0.831200 0.738554
0.842607 0.758866
0.854135 0.779673
0.865788 0.800991
0.877569 0.822837
0.889484 0.845228
0.901536 0.868184
0.913731 0.891725
0.926074 0.915871
0.938570 0.940645
0.951226 0.966072
0.964046 0.992177
0.977039 1.018987
0.990212 1.046532
1.003571 1.074842
1.017125 1.103952
1.030883 1.133896
1.044854 1.164715
1.059049 1.196450
1.073478 1.229147
1.088155 1.262854
1.103091 1.297626
1.118301 1.333521
1.133801 1.370603
1.149608 1.408943
1.165741 1.448619
1.182221 1.489717
1.199072 1.532332
1.216319 1.576572
1.233992 1.622558
1.252125 1.670426
1.270754 1.720329
1.289925 1.772446
1.309685 1.826981
1.330093 1.884173
1.351219 1.944300
1.373142 2.007696
1.395961 2.074763
1.419796 2.145990
1.444796 2.221987
1.471150 2.303532
1.499105 2.391637
1.528995 2.487667
1.561288 2.593536
1.596676 2.712086
1.636269 2.847860
1.682058 3.009011
1.738391 3.213145
1.820210 3.521850
