-1.663771 3.502641
-1.588069 3.194839
-1.535947 2.991175
-1.493582 2.830590
-1.456948 2.695319
-1.424206 2.577228
-1.394327 2.471783
-1.366672 2.376152
-1.340806 2.288424
-1.316423 2.207238
-1.293292 2.131583
-1.271239 2.060685
-1.250126 1.993935
-1.229841 1.930845
-1.210295 1.871165
-1.191412 1.814256
-1.173130 1.759994
-1.155393 1.708143
-1.138156 1.658498
-1.121379 1.610882
-1.105027 1.565142
-1.089069 1.521141
-1.073478 1.478760
-1.058230 1.437891
-1.043303 1.398440
-1.028678 1.360319
-1.014337 1.323451
-1.000263 1.287766
-0.986444 1.253200
-0.972865 1.219694
-0.959514 1.187195
-0.946380 1.155654
-0.933454 1.125025
-0.920724 1.095267
-0.908183 1.066340
-0.895823 1.038210
-0.883636 1.010841
-0.871614 0.984204
-0.859752 0.958269
-0.848042 0.933009
-0.836481 0.908399
-0.825060 0.884413
-0.813777 0.861031
-0.802626 0.838231
-0.791602 0.815992
-0.780701 0.794297
-0.769920 0.773126
-0.759254 0.752464
-0.748699 0.732294
-0.738253 0.712601
-0.727912 0.693371
-0.717672 0.674590
-0.707532 0.656245
-0.697487 0.638323
-0.687537 0.620813
-0.677677 0.603704
-0.667905 0.586985
-0.658220 0.570644
-0.648618 0.554673
-0.639098 0.539062
-0.629658 0.523803
-0.620295 0.508885
-0.611009 0.494302
-0.601796 0.480044
-0.592656 0.466105
-0.583586 0.452476
-0.574585 0.439152
-0.565652 0.426124
-0.556784 0.413387
-0.547981 0.400934
-0.539241 0.388758
-0.530563 0.376855
-0.521945 0.365218
-0.513387 0.353842
-0.504887 0.342721
-0.496443 0.331851
-0.488055 0.321226
-0.479722 0.310890
-0.471442 0.300740
-0.463215 0.290822
-0.455040 0.281131
-0.446915 0.271663
-0.438840 0.262413
-0.430814 0.253379
-0.422835 0.244555
-0.414904 0.235939
-0.407019 0.227526
-0.399179 0.219313
-0.391384 0.211297
-0.383633 0.203474
-0.375926 0.195841
-0.368260 0.188395
-0.360637 0.181133
-0.353054 0.174052
-0.345512 0.167149
-0.338010 0.160421
-0.330547 0.153865
-0.323122 0.147479
-0.315736 0.141259
-0.308386 0.135205
-0.301074 0.129395
-0.293798 0.123659
-0.286558 0.118080
-0.279353 0.112656
-0.272182 0.107385
-0.265046 0.102264
-0.257944 0.097292
-0.250875 0.092467
-0.243839 0.087786
-0.236835 0.083247
-0.229863 0.078848
-0.222922 0.074588
-0.216013 0.070465
-0.209134 0.066476
-0.202285 0.062620
-0.195467 0.058896
-0.188677 0.055301
-0.181917 0.051834
-0.175186 0.048493
-0.168482 0.045277
-0.161807 0.042184
-0.155160 0.039213
-0.148539 0.036361
-0.141946 0.033628
-0.135380 0.031012
-0.128839 0.028512
-0.122325 0.026126
-0.115836 0.023853
-0.109373 0.021692
-0.102935 0.019641
-0.096522 0.017699
-0.090133 0.015865
-0.083768 0.014137
-0.077428 0.012515
-0.071111 0.010996
-0.064817 0.009581
-0.058547 0.008268
-0.052300 0.007055
-0.046075 0.005989
-0.039873 0.004970
-0.033693 0.004048
-0.027535 0.003223
-0.021399 0.002493
-0.015284 0.001858
-0.009190 0.001316
-0.003118 0.000866
0.002934 0.000508
0.008965 0.000242
0.014976 0.000071
0.020966 -0.000010
0.023954 0.000000
0.026942 -0.000005
0.032932 0.000088
0.038943 0.000268
0.044974 0.000539
0.051026 0.000900
0.057098 0.001353
0.063192 0.001899
0.069307 0.002538
0.075443 0.003272
0.081601 0.004102
0.087781 0.005029
0.093983 0.006053
0.100208 0.007176
0.106455 0.008400
0.112725 0.009724
0.119019 0.011085
0.125336 0.012608
0.131676 0.014235
0.138041 0.015968
0.144430 0.017806
0.150843 0.019752
0.157281 0.021807
0.163744 0.023972
0.170233 0.026248
0.176747 0.028637
0.183287 0.031140
0.189854 0.033759
0.196447 0.036494
0.203068 0.039347
0.209715 0.042320
0.216390 0.045414
0.223093 0.048631
0.229825 0.051972
0.236585 0.055439
0.243374 0.059033
0.250193 0.062757
0.257042 0.066611
0.263921 0.070597
0.270830 0.074718
0.277771 0.078975
0.284743 0.083370
0.291747 0.087904
0.298783 0.092580
0.305852 0.097400
0.312954 0.102366
0.320090 0.107479
0.327261 0.112742
0.334466 0.118157
0.341706 0.123727
0.348982 0.129453
0.356294 0.135338
0.363643 0.141384
0.371030 0.147594
0.378454 0.153971
0.385918 0.160516
0.393420 0.167232
0.400962 0.174123
0.408544 0.181070
0.416168 0.188313
0.423833 0.195739
0.431541 0.203351
0.439292 0.211152
0.447087 0.219145
0.454927 0.227333
0.462812 0.235720
0.470743 0.244310
0.478722 0.253105
0.486748 0.262109
0.494823 0.271327
0.502948 0.280763
0.511123 0.290419
0.519350 0.300302
0.527630 0.310414
0.535963 0.320760
0.544351 0.331345
0.552794 0.342174
0.561295 0.353251
0.569853 0.364582
0.578471 0.376172
0.587149 0.388026
0.595889 0.400151
0.604692 0.412551
0.613559 0.425232
0.622493 0.438202
0.631494 0.451467
0.640564 0.465033
0.649704 0.478907
0.658917 0.493098
0.668203 0.507611
0.677566 0.522456
0.687006 0.537640
0.696526 0.553173
0.706128 0.569062
0.715813 0.585318
0.725585 0.601950
0.735444 0.618968
0.745395 0.636383
0.755440 0.654206
0.765580 0.672392
0.775819 0.691066
0.786161 0.710185
0.796607 0.729762
0.807161 0.749812
0.817828 0.770350
0.828609 0.791391
0.839510 0.812952
0.850534 0.835052
0.861685 0.857708
0.872968 0.880940
0.884388 0.904769
0.895950 0.929217
0.907660 0.954309
0.919522 0.980069
0.931544 1.006524
0.943731 1.033703
0.956091 1.061636
0.968632 1.090357
0.981362 1.119902
0.994288 1.150307
1.007422 1.181616
1.020773 1.213872
1.034352 1.247124
1.048171 1.281424
1.062245 1.316832
1.076586 1.353409
1.091211 1.391225
1.106138 1.430357
1.121386 1.470891
1.136977 1.512919
1.152935 1.556548
1.169287 1.601693
1.186064 1.648890
1.203301 1.698092
1.221037 1.749474
1.239320 1.803237
1.258203 1.859665
1.277749 1.918937
1.298034 1.981429
1.319147 2.047534
1.341200 2.117738
1.364331 2.192639
1.388714 2.273002
1.414580 2.359824
1.442235 2.454449
1.472114 2.558763
1.504856 2.675562
1.541489 2.809318
1.583855 2.968059
1.635976 3.169315
1.711679 3.473337
