-1.868297 3.532183
-1.784711 3.222364
-1.727162 3.017321
-1.680384 2.855623
-1.639935 2.719394
-1.603783 2.600453
-1.570793 2.494239
-1.540257 2.397901
-1.511698 2.309515
-1.484775 2.227714
-1.459236 2.151479
-1.434886 2.080032
-1.411574 2.012761
-1.389177 1.949172
-1.367595 1.888865
-1.346746 1.831503
-1.326559 1.776807
-1.306975 1.724537
-1.287943 1.674489
-1.269419 1.626484
-1.251364 1.580366
-1.233744 1.536000
-1.216530 1.493304
-1.199694 1.452090
-1.183212 1.412303
-1.167064 1.373857
-1.151229 1.336672
-1.135691 1.300678
-1.120432 1.265812
-1.105439 1.232013
-1.090698 1.199229
-1.076196 1.167409
-1.061923 1.136508
-1.047868 1.106485
-1.034021 1.077299
-1.020374 1.048915
-1.006917 1.021299
-0.993643 0.994420
-0.980546 0.968248
-0.967617 0.942757
-0.954851 0.917920
-0.942242 0.893713
-0.929783 0.870113
-0.917471 0.847101
-0.905299 0.824654
-0.893263 0.802755
-0.881359 0.781384
-0.869582 0.760527
-0.857928 0.740165
-0.846394 0.720284
-0.834975 0.700870
-0.823670 0.681909
-0.812473 0.663387
-0.801383 0.645292
-0.790396 0.627612
-0.779509 0.610335
-0.768720 0.593452
-0.758026 0.576951
-0.747424 0.560823
-0.736913 0.545057
-0.726490 0.529646
-0.716152 0.514580
-0.705898 0.499850
-0.695726 0.485449
-0.685634 0.471369
-0.675619 0.457603
-0.665681 0.444143
-0.655817 0.430983
-0.646026 0.418115
-0.636307 0.405534
-0.626657 0.393234
-0.617075 0.381207
-0.607560 0.369450
-0.598110 0.357955
-0.588724 0.346718
-0.579401 0.335734
-0.570140 0.324997
-0.560939 0.314504
-0.551797 0.304248
-0.542713 0.294225
-0.533687 0.284432
-0.524716 0.274863
-0.515800 0.265516
-0.506938 0.256385
-0.498128 0.247467
-0.489371 0.238758
-0.480665 0.230254
-0.472009 0.221952
-0.463402 0.213849
-0.454844 0.205941
-0.446333 0.198224
-0.437869 0.190696
-0.429452 0.183354
-0.421080 0.176194
-0.412752 0.169214
-0.404469 0.162411
-0.396228 0.155781
-0.388031 0.149323
-0.379875 0.143058
-0.371760 0.136934
-0.363687 0.130974
-0.355653 0.125174
-0.347658 0.119534
-0.339703 0.114050
-0.331786 0.108720
-0.323907 0.103542
-0.316065 0.098514
-0.308260 0.093634
-0.300491 0.088899
-0.292757 0.084309
-0.285059 0.079859
-0.277396 0.075550
-0.269767 0.071379
-0.262172 0.067343
-0.254610 0.063442
-0.247081 0.059674
-0.239585 0.056036
-0.232120 0.052528
-0.224688 0.049147
-0.217287 0.045892
-0.209916 0.042761
-0.202576 0.039754
-0.195267 0.036867
-0.187987 0.034100
-0.180736 0.031452
-0.173515 0.028921
-0.166322 0.026505
-0.159158 0.024203
-0.152021 0.022015
-0.144913 0.019938
-0.137832 0.017971
-0.130778 0.016113
-0.123750 0.014364
-0.116749 0.012720
-0.109775 0.011182
-0.102826 0.009748
-0.095903 0.008417
-0.089005 0.007188
-0.082132 0.006060
-0.075284 0.005031
-0.068460 0.004101
-0.061661 0.003268
-0.054885 0.002531
-0.048134 0.001890
-0.041405 0.001344
-0.034700 0.000890
-0.028019 0.000530
-0.021359 0.000260
-0.014723 0.000082
-0.008108 -0.000007
-0.004810 0.000000
-0.001511 -0.000007
0.005104 0.000081
0.011740 0.000260
0.018399 0.000529
0.025081 0.000889
0.031786 0.001342
0.038514 0.001889
0.045266 0.002530
0.052042 0.003266
0.058841 0.004099
0.065664 0.005029
0.072513 0.006058
0.079385 0.007187
0.086283 0.008416
0.093207 0.009747
0.100155 0.011181
0.107130 0.012718
0.114131 0.014362
0.121158 0.016111
0.128213 0.017969
0.135294 0.019935
0.142402 0.022011
0.149539 0.024199
0.156703 0.026500
0.163896 0.028914
0.171117 0.031444
0.178368 0.034091
0.185648 0.036857
0.192957 0.039742
0.200297 0.042748
0.207667 0.045877
0.215069 0.049130
0.222501 0.052510
0.229965 0.056016
0.237462 0.059652
0.244991 0.063418
0.252552 0.067317
0.260148 0.071351
0.267777 0.075520
0.275440 0.079827
0.283138 0.084274
0.290871 0.088863
0.298640 0.093595
0.306446 0.098473
0.314288 0.103499
0.322167 0.108674
0.330084 0.114002
0.338039 0.119483
0.346034 0.125122
0.354067 0.130918
0.362141 0.136876
0.370256 0.142998
0.378412 0.149285
0.386609 0.155742
0.394850 0.162369
0.403133 0.169170
0.411461 0.176149
0.419833 0.183306
0.428250 0.190646
0.436714 0.198172
0.445225 0.205886
0.453783 0.213792
0.462390 0.221893
0.471046 0.230192
0.479752 0.238693
0.488509 0.247399
0.497318 0.256315
0.506181 0.265443
0.515097 0.274787
0.524068 0.284309
0.533094 0.294098
0.542178 0.304116
0.551320 0.314367
0.560521 0.324856
0.569782 0.335588
0.579105 0.346567
0.588491 0.357799
0.597941 0.369288
0.607456 0.381041
0.617038 0.393061
0.626688 0.405356
0.636407 0.417931
0.646198 0.430792
0.656062 0.443946
0.666000 0.457399
0.676015 0.471159
0.686107 0.485232
0.696279 0.499625
0.706533 0.514347
0.716870 0.529405
0.727294 0.544809
0.737805 0.560566
0.748407 0.576686
0.759101 0.593178
0.769890 0.610052
0.780777 0.627318
0.791764 0.644989
0.802854 0.663073
0.814051 0.681585
0.825356 0.700536
0.836775 0.719939
0.848309 0.739808
0.859962 0.760157
0.871739 0.781002
0.883644 0.802360
0.895680 0.824246
0.907852 0.846678
0.920164 0.869677
0.932623 0.893261
0.945232 0.917453
0.957998 0.942274
0.970927 0.967749
0.984024 0.993903
0.997298 1.020764
1.010755 1.048362
1.024402 1.076726
1.038249 1.105850
1.052304 1.135852
1.066577 1.166730
1.081078 1.198526
1.095820 1.231286
1.110813 1.265059
1.126071 1.299899
1.141610 1.335865
1.157445 1.373020
1.173593 1.411437
1.190075 1.451192
1.206911 1.492372
1.224125 1.535073
1.241745 1.579404
1.259800 1.625483
1.278324 1.673449
1.297356 1.723456
1.316940 1.775681
1.337127 1.830330
1.357976 1.887642
1.379558 1.947896
1.401955 2.011428
1.425267 2.078638
1.449617 2.150018
1.475156 2.226182
1.502079 2.307905
1.530638 2.396205
1.561174 2.492449
1.594164 2.598556
1.630316 2.717375
1.670764 2.853461
1.717542 3.014986
1.775092 3.219802
1.858678 3.529266
