-0.168253 2.779398
-0.140731 2.215157
-0.121782 1.821906
-0.106379 1.503252
-0.093061 1.232410
-0.081157 0.996899
-0.070294 0.791176
-0.060240 0.611373
-0.050836 0.455885
-0.041971 0.323799
-0.033562 0.214878
-0.025544 0.128439
-0.017869 0.064457
-0.010494 0.022787
-0.003388 0.002533
0.000073 0.000000
0.003534 0.002788
0.010641 0.024231
0.018015 0.069247
0.025691 0.140248
0.033709 0.239218
0.042118 0.367728
0.050983 0.527613
0.060387 0.720625
0.070441 0.949587
0.081304 1.218150
0.093207 1.532352
0.106526 1.902207
0.121928 2.347761
0.140877 2.912372
0.168400 3.749594
