-1.839324 3.538000
-1.757247 3.227579
-1.700737 3.022146
-1.654804 2.860143
-1.615086 2.723663
-1.579587 2.604503
-1.547193 2.498096
-1.517208 2.401584
-1.489165 2.313041
-1.462728 2.231023
-1.437650 2.154658
-1.413740 2.083089
-1.390849 2.015703
-1.368857 1.952008
-1.347665 1.891599
-1.327192 1.834143
-1.307370 1.779356
-1.288139 1.727201
-1.269451 1.677065
-1.251261 1.628976
-1.233533 1.582778
-1.216231 1.538336
-1.199327 1.495527
-1.182795 1.454244
-1.166612 1.414391
-1.150755 1.375880
-1.135206 1.338634
-1.119948 1.302581
-1.104965 1.267657
-1.090243 1.233804
-1.075768 1.200966
-1.061528 1.169095
-1.047513 1.138144
-1.033711 1.108072
-1.020115 1.078840
-1.006714 1.050411
-0.993500 1.022751
-0.980466 0.995830
-0.967605 0.969617
-0.954910 0.944086
-0.942374 0.919210
-0.929993 0.894965
-0.917759 0.871330
-0.905669 0.848282
-0.893717 0.825801
-0.881898 0.803868
-0.870209 0.782465
-0.858645 0.761576
-0.847202 0.741184
-0.835876 0.721273
-0.824664 0.701830
-0.813562 0.682840
-0.802568 0.664290
-0.791678 0.646169
-0.780889 0.628462
-0.770199 0.611161
-0.759605 0.594253
-0.749104 0.577728
-0.738694 0.561576
-0.728372 0.545788
-0.718137 0.530354
-0.707986 0.515266
-0.697918 0.500515
-0.687929 0.486094
-0.678019 0.471994
-0.668186 0.458208
-0.658427 0.444729
-0.648741 0.431550
-0.639127 0.418665
-0.629583 0.406169
-0.620107 0.393848
-0.610698 0.381803
-0.601355 0.370026
-0.592076 0.358513
-0.582860 0.347258
-0.573705 0.336256
-0.564611 0.325502
-0.555576 0.314991
-0.546600 0.304719
-0.537680 0.294681
-0.528816 0.284872
-0.520007 0.275288
-0.511252 0.265926
-0.502550 0.256780
-0.493900 0.247848
-0.485301 0.239125
-0.476752 0.230608
-0.468252 0.222294
-0.459801 0.214178
-0.451397 0.206257
-0.443040 0.198529
-0.434729 0.190989
-0.426464 0.183635
-0.418243 0.176464
-0.410066 0.169474
-0.401932 0.162660
-0.393840 0.156020
-0.385790 0.149552
-0.377782 0.143253
-0.369814 0.137120
-0.361886 0.131152
-0.353997 0.125344
-0.346147 0.119696
-0.338336 0.114204
-0.330562 0.108867
-0.322825 0.103682
-0.315124 0.098648
-0.307460 0.093805
-0.299831 0.089063
-0.292238 0.084464
-0.284679 0.080007
-0.277154 0.075690
-0.269662 0.071512
-0.262204 0.067469
-0.254779 0.063562
-0.247386 0.059787
-0.240025 0.056143
-0.232696 0.052629
-0.225397 0.049242
-0.218130 0.045981
-0.210893 0.042845
-0.203685 0.039832
-0.196508 0.036941
-0.189359 0.034169
-0.182240 0.031516
-0.175149 0.028980
-0.168086 0.026559
-0.161051 0.024253
-0.154043 0.022060
-0.147063 0.019979
-0.140110 0.018008
-0.133183 0.016146
-0.126283 0.014392
-0.119408 0.012745
-0.112560 0.011203
-0.105736 0.009765
-0.098938 0.008453
-0.092165 0.007217
-0.085416 0.006082
-0.078691 0.005047
-0.071991 0.004111
-0.065314 0.003273
-0.058661 0.002532
-0.052032 0.001888
-0.045425 0.001341
-0.038841 0.000888
-0.032280 0.000528
-0.025741 0.000260
-0.019224 0.000082
-0.012729 -0.000007
-0.009490 0.000000
-0.006251 -0.000007
0.000244 0.000081
0.006761 0.000260
0.013300 0.000529
0.019861 0.000889
0.026445 0.001343
0.033051 0.001890
0.039681 0.002532
0.046334 0.003270
0.053011 0.004104
0.059711 0.005037
0.066436 0.006068
0.073184 0.007199
0.079958 0.008431
0.086756 0.009765
0.093579 0.011203
0.100428 0.012745
0.107302 0.014392
0.114203 0.016147
0.121130 0.018009
0.128083 0.019981
0.135063 0.022016
0.142071 0.024207
0.149106 0.026510
0.156168 0.028928
0.163259 0.031461
0.170379 0.034111
0.177527 0.036880
0.184705 0.039768
0.191912 0.042778
0.199150 0.045911
0.206417 0.049169
0.213715 0.052552
0.221045 0.056063
0.228406 0.059703
0.235799 0.063474
0.243224 0.067378
0.250682 0.071416
0.258173 0.075591
0.265698 0.079904
0.273257 0.084313
0.280851 0.088905
0.288480 0.093641
0.296144 0.098523
0.303844 0.103553
0.311581 0.108733
0.319355 0.114065
0.327167 0.119551
0.335017 0.125194
0.342906 0.130995
0.350834 0.136958
0.358802 0.143085
0.366810 0.149377
0.374860 0.155839
0.382951 0.162471
0.391085 0.169278
0.399262 0.176262
0.407483 0.183425
0.415749 0.190771
0.424060 0.198303
0.432417 0.206023
0.440820 0.213935
0.449272 0.222043
0.457771 0.230348
0.466320 0.238856
0.474919 0.247569
0.483570 0.256491
0.492272 0.265626
0.501027 0.274978
0.509836 0.284551
0.518699 0.294348
0.527619 0.304375
0.536596 0.314635
0.545631 0.325133
0.554725 0.335874
0.563879 0.346863
0.573096 0.358104
0.582375 0.369603
0.591718 0.381365
0.601127 0.393396
0.610602 0.405701
0.620147 0.418286
0.629761 0.431158
0.639446 0.444323
0.649205 0.457787
0.659039 0.471557
0.668949 0.485641
0.678937 0.500046
0.689006 0.514577
0.699157 0.529642
0.709392 0.545140
0.719713 0.560906
0.730123 0.577035
0.740624 0.593536
0.751219 0.610419
0.761909 0.627695
0.772698 0.645375
0.783588 0.663469
0.794582 0.681991
0.805683 0.700951
0.816895 0.720364
0.828221 0.740244
0.839664 0.760603
0.851229 0.781459
0.862918 0.802827
0.874737 0.824724
0.886689 0.847167
0.898779 0.870177
0.911012 0.893772
0.923394 0.917975
0.935930 0.942808
0.948625 0.968294
0.961486 0.994461
0.974520 1.021334
0.987733 1.048943
1.001134 1.077320
1.014731 1.106498
1.028532 1.136513
1.042548 1.167405
1.056787 1.199215
1.071262 1.231989
1.085985 1.265776
1.100968 1.300630
1.116226 1.336610
1.131775 1.373780
1.147631 1.412211
1.163815 1.451778
1.180347 1.492968
1.197251 1.535680
1.214552 1.580021
1.232281 1.626110
1.250471 1.674086
1.269159 1.724103
1.288389 1.776339
1.308212 1.830998
1.328684 1.888319
1.349876 1.948584
1.371869 2.012125
1.394760 2.079345
1.418670 2.150735
1.443748 2.226907
1.470185 2.308742
1.498228 2.397053
1.528212 2.493308
1.560606 2.599427
1.596106 2.718256
1.635824 2.854350
1.681757 3.015883
1.738267 3.220703
1.820343 3.530162
