-1.854506 3.485388
-1.771575 3.179649
-1.714476 2.977309
-1.668064 2.817743
-1.627933 2.683312
-1.592063 2.565941
-1.559332 2.461128
-1.529035 2.366062
-1.500700 2.278845
-1.473987 2.198124
-1.448648 2.122897
-1.424489 2.052395
-1.401359 1.986013
-1.379138 1.923266
-1.357725 1.863756
-1.337039 1.807153
-1.317010 1.753181
-1.297579 1.701604
-1.278696 1.652218
-1.260317 1.604848
-1.242404 1.559342
-1.224922 1.515563
-1.207842 1.473394
-1.191138 1.432727
-1.174785 1.393469
-1.158763 1.355533
-1.143053 1.318842
-1.127636 1.283327
-1.112496 1.248923
-1.097621 1.215574
-1.082995 1.183225
-1.068607 1.151828
-1.054446 1.121338
-1.040501 1.091714
-1.026762 1.062916
-1.013222 1.034909
-0.999870 1.007661
-0.986701 0.981139
-0.973705 0.955315
-0.960878 0.930163
-0.948212 0.905656
-0.935701 0.881834
-0.923340 0.858548
-0.911124 0.835840
-0.899047 0.813691
-0.887106 0.792081
-0.875295 0.770995
-0.863610 0.750413
-0.852047 0.730322
-0.840604 0.710705
-0.829275 0.691548
-0.818058 0.672838
-0.806949 0.654561
-0.795945 0.636706
-0.785044 0.619261
-0.774242 0.602214
-0.763538 0.585554
-0.752927 0.569272
-0.742409 0.553358
-0.731980 0.537802
-0.721638 0.522595
-0.711382 0.507729
-0.701208 0.493195
-0.691116 0.478985
-0.681102 0.465092
-0.671166 0.451508
-0.661306 0.438227
-0.651519 0.425242
-0.641805 0.412545
-0.632161 0.400131
-0.622587 0.388046
-0.613080 0.376178
-0.603639 0.364575
-0.594263 0.353232
-0.584951 0.342143
-0.575701 0.331303
-0.566513 0.320707
-0.557384 0.310351
-0.548313 0.300230
-0.539301 0.290340
-0.530345 0.280675
-0.521444 0.271233
-0.512598 0.262008
-0.503805 0.252997
-0.495065 0.244196
-0.486376 0.235602
-0.477738 0.227210
-0.469149 0.219017
-0.460610 0.211020
-0.452119 0.203216
-0.443675 0.195601
-0.435277 0.188172
-0.426926 0.180927
-0.418619 0.173861
-0.410357 0.166972
-0.402138 0.160259
-0.393962 0.153716
-0.385829 0.147343
-0.377737 0.141136
-0.369686 0.135094
-0.361675 0.129212
-0.353704 0.123490
-0.345773 0.117925
-0.337880 0.112514
-0.330025 0.107288
-0.322207 0.102178
-0.314426 0.097216
-0.306682 0.092400
-0.298974 0.087728
-0.291301 0.083198
-0.283664 0.078808
-0.276060 0.074556
-0.268491 0.070440
-0.260955 0.066458
-0.253453 0.062609
-0.245983 0.058890
-0.238545 0.055301
-0.231139 0.051839
-0.223765 0.048503
-0.216421 0.045292
-0.209109 0.042203
-0.201826 0.039235
-0.194574 0.036387
-0.187351 0.033657
-0.180157 0.031044
-0.172992 0.028546
-0.165856 0.026162
-0.158748 0.023891
-0.151667 0.021731
-0.144614 0.019681
-0.137589 0.017740
-0.130590 0.015907
-0.123617 0.014179
-0.116671 0.012557
-0.109751 0.011039
-0.102857 0.009623
-0.095988 0.008309
-0.089144 0.007096
-0.082325 0.005981
-0.075530 0.004966
-0.068760 0.004047
-0.062014 0.003225
-0.055292 0.002498
-0.048593 0.001865
-0.041917 0.001325
-0.035265 0.000878
-0.028635 0.000522
-0.022028 0.000256
-0.015443 0.000080
-0.008881 -0.000007
-0.005608 0.000000
-0.002335 -0.000007
0.004228 0.000081
0.010812 0.000257
0.017419 0.000523
0.024049 0.000879
0.030701 0.001327
0.037377 0.001867
0.044076 0.002500
0.050798 0.003228
0.057544 0.004050
0.064314 0.004969
0.071109 0.005985
0.077928 0.007100
0.084772 0.008314
0.091641 0.009628
0.098535 0.011044
0.105455 0.012563
0.112402 0.014186
0.119374 0.015914
0.126373 0.017748
0.133399 0.019690
0.140452 0.021740
0.147532 0.023857
0.154640 0.026127
0.161777 0.028509
0.168942 0.031005
0.176135 0.033617
0.183358 0.036345
0.190611 0.039192
0.197893 0.042158
0.205206 0.045245
0.212549 0.048455
0.219923 0.051789
0.227329 0.055248
0.234767 0.058836
0.242237 0.062552
0.249739 0.066399
0.257275 0.070378
0.264844 0.074492
0.272448 0.078741
0.280086 0.083129
0.287758 0.087656
0.295467 0.092325
0.303211 0.097138
0.310991 0.102096
0.318809 0.107203
0.326664 0.112459
0.334557 0.117867
0.342489 0.123430
0.350460 0.129149
0.358470 0.135027
0.366521 0.141067
0.374613 0.147270
0.382747 0.153640
0.390922 0.160179
0.399141 0.166889
0.407403 0.173774
0.415710 0.180836
0.424062 0.188078
0.432459 0.195503
0.440903 0.203114
0.449394 0.210914
0.457934 0.218907
0.466522 0.227095
0.475160 0.235482
0.483849 0.244071
0.492589 0.252867
0.501382 0.261873
0.510228 0.271093
0.519129 0.280530
0.528085 0.290189
0.537098 0.300074
0.546168 0.310189
0.555297 0.320539
0.564486 0.331128
0.573736 0.341961
0.583048 0.353044
0.592423 0.364380
0.601864 0.375976
0.611371 0.387837
0.620945 0.399969
0.630589 0.412376
0.640303 0.425067
0.650090 0.438046
0.659950 0.451215
0.669886 0.464789
0.679900 0.478672
0.689992 0.492871
0.700166 0.507395
0.710422 0.522250
0.720764 0.537446
0.731193 0.552991
0.741712 0.568893
0.752322 0.585163
0.763027 0.601809
0.773828 0.618843
0.784729 0.636275
0.795733 0.654116
0.806842 0.672378
0.818059 0.691073
0.829388 0.710214
0.840832 0.729815
0.852394 0.749890
0.864079 0.770454
0.875890 0.791523
0.887832 0.813114
0.899908 0.835244
0.912125 0.857932
0.924485 0.881198
0.936996 0.905063
0.949662 0.929549
0.962490 0.954680
0.975485 0.980482
0.988654 1.006980
1.002006 1.034205
1.015546 1.062187
1.029285 1.090959
1.043230 1.120557
1.057391 1.151019
1.071779 1.182386
1.086405 1.214705
1.101281 1.248022
1.116420 1.282393
1.131837 1.317873
1.147548 1.354528
1.163570 1.392426
1.179922 1.431645
1.196626 1.472222
1.213706 1.514346
1.231188 1.558076
1.249101 1.603532
1.267481 1.650849
1.286363 1.700179
1.305794 1.751697
1.325823 1.805606
1.346509 1.862141
1.367922 1.921580
1.390143 1.984251
1.413273 2.050550
1.437432 2.120964
1.462772 2.196095
1.489484 2.276711
1.517819 2.363814
1.548116 2.458752
1.580848 2.563421
1.616717 2.680629
1.656849 2.814867
1.703260 2.974201
1.760359 3.176237
1.843291 3.481498
