-1.870535 3.490652
-1.786738 3.184437
-1.729044 2.981777
-1.682149 2.821956
-1.641599 2.687310
-1.605355 2.569749
-1.572282 2.464767
-1.541670 2.369546
-1.513039 2.282186
-1.486048 2.201333
-1.460445 2.125982
-1.436034 2.055364
-1.412663 1.988872
-1.390210 1.926021
-1.368574 1.866413
-1.347672 1.809716
-1.327434 1.755654
-1.307801 1.703990
-1.288721 1.654522
-1.270150 1.607074
-1.252050 1.561491
-1.234386 1.517640
-1.217128 1.475400
-1.200250 1.434665
-1.183727 1.395341
-1.167538 1.357341
-1.151663 1.320589
-1.136086 1.285014
-1.120789 1.250553
-1.105758 1.217148
-1.090979 1.184745
-1.076441 1.153296
-1.062132 1.122755
-1.048042 1.093081
-1.034160 1.064236
-1.020478 1.036182
-1.006988 1.008888
-0.993681 0.982323
-0.980550 0.956456
-0.967589 0.931262
-0.954791 0.906715
-0.942150 0.882791
-0.929660 0.859468
-0.917317 0.836725
-0.905114 0.814541
-0.893048 0.792899
-0.881114 0.771780
-0.869307 0.751168
-0.857624 0.731046
-0.846061 0.711400
-0.834614 0.692215
-0.823280 0.673477
-0.812055 0.655175
-0.800937 0.637294
-0.789922 0.619825
-0.779008 0.602754
-0.768192 0.586072
-0.757471 0.569768
-0.746842 0.553832
-0.736305 0.538256
-0.725855 0.523029
-0.715492 0.508144
-0.705212 0.493592
-0.695014 0.479365
-0.684897 0.465455
-0.674857 0.451855
-0.664894 0.438558
-0.655005 0.425558
-0.645190 0.412847
-0.635445 0.400419
-0.625771 0.388268
-0.616165 0.376389
-0.606626 0.364775
-0.597152 0.353421
-0.587743 0.342322
-0.578397 0.331473
-0.569112 0.320869
-0.559888 0.310504
-0.550723 0.300375
-0.541617 0.290477
-0.532567 0.280805
-0.523574 0.271355
-0.514635 0.262123
-0.505751 0.253106
-0.496919 0.244299
-0.488140 0.235699
-0.479412 0.227301
-0.470734 0.219103
-0.462106 0.211134
-0.453526 0.203324
-0.444994 0.195704
-0.436509 0.188271
-0.428070 0.181021
-0.419677 0.173951
-0.411329 0.167058
-0.403024 0.160341
-0.394763 0.153795
-0.386545 0.147418
-0.378368 0.141208
-0.370234 0.135162
-0.362139 0.129278
-0.354085 0.123553
-0.346071 0.117985
-0.338096 0.112571
-0.330159 0.107310
-0.322260 0.102199
-0.314398 0.097236
-0.306573 0.092419
-0.298784 0.087746
-0.291032 0.083214
-0.283314 0.078823
-0.275632 0.074570
-0.267983 0.070453
-0.260369 0.066470
-0.252788 0.062620
-0.245240 0.058901
-0.237725 0.055311
-0.230242 0.051848
-0.222791 0.048511
-0.215371 0.045299
-0.207982 0.042209
-0.200624 0.039241
-0.193296 0.036392
-0.185998 0.033662
-0.178729 0.031048
-0.171489 0.028550
-0.164278 0.026166
-0.157096 0.023894
-0.149942 0.021734
-0.142815 0.019684
-0.135716 0.017742
-0.128644 0.015908
-0.121599 0.014181
-0.114581 0.012558
-0.107589 0.011040
-0.100622 0.009624
-0.093682 0.008310
-0.086766 0.007096
-0.079876 0.005982
-0.073011 0.004966
-0.066170 0.004048
-0.059354 0.003225
-0.052561 0.002498
-0.045793 0.001865
-0.039048 0.001326
-0.032326 0.000878
-0.025627 0.000522
-0.018951 0.000256
-0.012298 0.000080
-0.005667 -0.000007
-0.002360 0.000000
0.000948 -0.000007
0.007578 0.000080
0.014232 0.000257
0.020908 0.000523
0.027606 0.000879
0.034328 0.001326
0.041073 0.001866
0.047842 0.002499
0.054634 0.003227
0.061451 0.004049
0.068292 0.004968
0.075157 0.005984
0.082047 0.007098
0.088962 0.008312
0.095903 0.009627
0.102869 0.011043
0.109862 0.012561
0.116880 0.014184
0.123925 0.015912
0.130997 0.017746
0.138096 0.019687
0.145223 0.021738
0.152377 0.023898
0.159559 0.026170
0.166770 0.028554
0.174010 0.031053
0.181278 0.033667
0.188577 0.036398
0.195905 0.039246
0.203263 0.042215
0.210652 0.045305
0.218072 0.048518
0.225523 0.051855
0.233006 0.055318
0.240521 0.058908
0.248069 0.062628
0.255650 0.066478
0.263264 0.070461
0.270912 0.074579
0.278595 0.078832
0.286312 0.083224
0.294065 0.087756
0.301854 0.092429
0.309679 0.097247
0.317540 0.102210
0.325439 0.107322
0.333376 0.112584
0.341352 0.117998
0.349366 0.123566
0.357420 0.129292
0.365514 0.135176
0.373649 0.141223
0.381825 0.147433
0.390044 0.153810
0.398305 0.160357
0.406609 0.167075
0.414958 0.173968
0.423351 0.181039
0.431790 0.188289
0.440275 0.195724
0.448807 0.203344
0.457386 0.211154
0.466015 0.219157
0.474693 0.227356
0.483421 0.235755
0.492200 0.244357
0.501031 0.253165
0.509916 0.262183
0.518854 0.271416
0.527848 0.280867
0.536897 0.290541
0.546004 0.300440
0.555169 0.310571
0.564393 0.320937
0.573678 0.331543
0.583024 0.342393
0.592433 0.353494
0.601907 0.364849
0.611446 0.376464
0.621052 0.388345
0.630726 0.400498
0.640470 0.412927
0.650286 0.425640
0.660175 0.438642
0.670138 0.451940
0.680177 0.465542
0.690295 0.479453
0.700493 0.493682
0.710772 0.508236
0.721136 0.523101
0.731585 0.538330
0.742123 0.553908
0.752751 0.569845
0.763472 0.586151
0.774289 0.602835
0.785203 0.619908
0.796218 0.637380
0.807336 0.655262
0.818561 0.673567
0.829895 0.692306
0.841342 0.711493
0.852905 0.731141
0.864588 0.751265
0.876394 0.771880
0.888329 0.793001
0.900395 0.814646
0.912597 0.836831
0.924941 0.859577
0.937431 0.882903
0.950072 0.906829
0.962870 0.931379
0.975831 0.956575
0.988962 0.982444
1.002269 1.009013
1.015759 1.036309
1.029441 1.064365
1.043323 1.093214
1.057413 1.122891
1.071722 1.153435
1.086260 1.184888
1.101038 1.217294
1.116069 1.250702
1.131366 1.285167
1.146944 1.320745
1.162819 1.357501
1.179008 1.395504
1.195531 1.434833
1.212409 1.475571
1.229667 1.517815
1.247331 1.561671
1.265431 1.607258
1.284002 1.654711
1.303082 1.704185
1.322715 1.755853
1.342953 1.809921
1.363855 1.866623
1.385490 1.926237
1.407944 1.989094
1.431314 2.055592
1.455725 2.126217
1.481329 2.201576
1.508320 2.282436
1.536951 2.369805
1.567563 2.465035
1.600636 2.570027
1.636879 2.687599
1.677430 2.822258
1.724325 2.982095
1.782019 3.184774
1.865815 3.491019
