-1.880327 3.526140
-1.796372 3.216881
-1.738569 3.012207
-1.691585 2.850797
-1.650958 2.714811
-1.614646 2.596081
-1.581510 2.490054
-1.550840 2.393885
-1.522155 2.305655
-1.495113 2.223997
-1.469461 2.147896
-1.445004 2.076574
-1.421589 2.009420
-1.399093 1.945942
-1.377416 1.885738
-1.356475 1.828476
-1.336199 1.773874
-1.316528 1.721695
-1.297412 1.671732
-1.278806 1.623809
-1.260672 1.577771
-1.242974 1.533481
-1.225684 1.490819
-1.208773 1.449676
-1.192219 1.409958
-1.176000 1.371578
-1.160095 1.334457
-1.144488 1.298525
-1.129162 1.263719
-1.114102 1.229978
-1.099296 1.197250
-1.084731 1.165484
-1.070395 1.134636
-1.056278 1.104664
-1.042370 1.075528
-1.028662 1.047192
-1.015146 1.019623
-1.001814 0.992789
-0.988658 0.966662
-0.975672 0.941213
-0.962850 0.916418
-0.950185 0.892252
-0.937672 0.868693
-0.925305 0.845719
-0.913079 0.823330
-0.900990 0.801467
-0.889033 0.780132
-0.877204 0.759308
-0.865499 0.738980
-0.853914 0.719132
-0.842445 0.699750
-0.831090 0.680819
-0.819844 0.662327
-0.808705 0.644262
-0.797669 0.626611
-0.786734 0.609363
-0.775897 0.592507
-0.765156 0.576033
-0.754508 0.559930
-0.743950 0.544191
-0.733481 0.528804
-0.723098 0.513762
-0.712798 0.499056
-0.702581 0.484679
-0.692445 0.470622
-0.682386 0.456878
-0.672404 0.443440
-0.662497 0.430301
-0.652662 0.417454
-0.642900 0.404893
-0.633207 0.392612
-0.623583 0.380605
-0.614026 0.368866
-0.604534 0.357390
-0.595107 0.346171
-0.585743 0.335205
-0.576441 0.324485
-0.567200 0.314008
-0.558017 0.303769
-0.548893 0.293762
-0.539827 0.283985
-0.530816 0.274432
-0.521861 0.265099
-0.512960 0.255983
-0.504111 0.247079
-0.495315 0.238384
-0.486571 0.229894
-0.477877 0.221605
-0.469232 0.213515
-0.460636 0.205619
-0.452088 0.197915
-0.443587 0.190400
-0.435132 0.183069
-0.426723 0.175921
-0.418359 0.168952
-0.410039 0.162160
-0.401762 0.155541
-0.393528 0.149093
-0.385336 0.142814
-0.377186 0.136701
-0.369076 0.130751
-0.361007 0.124962
-0.352978 0.119331
-0.344987 0.113857
-0.337035 0.108537
-0.329121 0.103368
-0.321245 0.098350
-0.313405 0.093478
-0.305602 0.088752
-0.297834 0.084170
-0.290102 0.079729
-0.282405 0.075427
-0.274742 0.071264
-0.267113 0.067236
-0.259518 0.063342
-0.251956 0.059581
-0.244427 0.055950
-0.236930 0.052448
-0.229464 0.049073
-0.222030 0.045824
-0.214627 0.042699
-0.207255 0.039697
-0.199913 0.036816
-0.192601 0.034054
-0.185319 0.031411
-0.178065 0.028884
-0.170841 0.026472
-0.163645 0.024174
-0.156477 0.021989
-0.149337 0.019916
-0.142225 0.017952
-0.135139 0.016097
-0.128081 0.014349
-0.121049 0.012708
-0.114044 0.011172
-0.107064 0.009740
-0.100111 0.008410
-0.093182 0.007182
-0.086279 0.006055
-0.079401 0.005027
-0.072547 0.004098
-0.065718 0.003266
-0.058912 0.002530
-0.052131 0.001889
-0.045373 0.001343
-0.038638 0.000890
-0.031927 0.000530
-0.025238 0.000261
-0.018572 0.000082
-0.011929 -0.000007
-0.008616 0.000000
-0.005302 -0.000007
0.001341 0.000081
0.008007 0.000259
0.014696 0.000527
0.021407 0.000887
0.028142 0.001340
0.034900 0.001885
0.041681 0.002525
0.048486 0.003260
0.055316 0.004092
0.062170 0.005020
0.069048 0.006047
0.075951 0.007174
0.082879 0.008401
0.089833 0.009730
0.096813 0.011162
0.103818 0.012697
0.110850 0.014338
0.117908 0.016085
0.124994 0.017939
0.132106 0.019902
0.139246 0.021975
0.146414 0.024159
0.153610 0.026456
0.160834 0.028867
0.168088 0.031393
0.175370 0.034036
0.182682 0.036797
0.190024 0.039678
0.197396 0.042679
0.204799 0.045803
0.212233 0.049052
0.219698 0.052425
0.227196 0.055927
0.234725 0.059557
0.242287 0.063317
0.249882 0.067210
0.257511 0.071237
0.265174 0.075400
0.272871 0.079700
0.280603 0.084140
0.288370 0.088722
0.296174 0.093447
0.304013 0.098317
0.311890 0.103335
0.319804 0.108502
0.327756 0.113822
0.335746 0.119295
0.343776 0.124924
0.351845 0.130712
0.359955 0.136660
0.368105 0.142772
0.376297 0.149050
0.384531 0.155496
0.392807 0.162114
0.401128 0.168904
0.409492 0.175872
0.417901 0.183018
0.426356 0.190347
0.434857 0.197861
0.443405 0.205563
0.452001 0.213457
0.460645 0.221545
0.469340 0.229832
0.478084 0.238320
0.486880 0.247013
0.495728 0.255914
0.504630 0.265028
0.513585 0.274359
0.522596 0.283909
0.531662 0.293684
0.540786 0.303688
0.549968 0.313925
0.559210 0.324399
0.568512 0.335116
0.577876 0.346079
0.587303 0.357295
0.596795 0.368768
0.606352 0.380504
0.615976 0.392507
0.625669 0.404785
0.635431 0.417342
0.645266 0.430185
0.655173 0.443321
0.665155 0.456755
0.675214 0.470495
0.685350 0.484548
0.695567 0.498921
0.705866 0.513623
0.716250 0.528660
0.726719 0.544042
0.737277 0.559777
0.747925 0.575874
0.758666 0.592343
0.769503 0.609194
0.780438 0.626437
0.791474 0.644082
0.802613 0.662142
0.813859 0.680628
0.825214 0.699553
0.836683 0.718929
0.848268 0.738770
0.859973 0.759092
0.871802 0.779909
0.883759 0.801236
0.895848 0.823092
0.908074 0.845495
0.920440 0.868414
0.932954 0.891966
0.945619 0.916123
0.958441 0.940910
0.971427 0.966350
0.984582 0.992468
0.997915 1.019292
1.011431 1.046851
1.025138 1.075176
1.039046 1.104302
1.053164 1.134263
1.067500 1.165100
1.082065 1.196853
1.096871 1.229569
1.111931 1.263297
1.127257 1.298090
1.142864 1.334007
1.158768 1.371113
1.174988 1.409479
1.191542 1.449181
1.208453 1.490306
1.225743 1.532951
1.243441 1.577223
1.261575 1.623242
1.280181 1.671144
1.299297 1.721086
1.318967 1.773242
1.339244 1.827820
1.360185 1.885057
1.381862 1.945233
1.404357 2.008682
1.427772 2.075805
1.452229 2.147094
1.477882 2.223159
1.504924 2.304778
1.533609 2.392965
1.564279 2.489086
1.597415 2.595059
1.633727 2.713728
1.674354 2.849642
1.721338 3.010965
1.779141 3.215526
1.863096 3.524609
