-1.725194 2.758669
-1.460957 1.930339
-1.279029 1.445963
-1.131152 1.103382
-1.003285 0.844536
-0.888997 0.642352
-0.784708 0.481754
-0.688177 0.353587
-0.597894 0.251169
-0.512784 0.170735
-0.432047 0.108380
-0.355071 0.062315
-0.281375 0.030408
-0.210573 0.010502
-0.142348 0.001135
-0.109119 0.000000
-0.075889 0.001130
-0.007664 0.010337
0.063138 0.029615
0.136834 0.060253
0.213809 0.103822
0.294547 0.162964
0.379657 0.240562
0.469940 0.340013
0.566471 0.465492
0.670760 0.623441
0.785047 0.823027
0.912915 1.078492
1.060792 1.417010
1.242720 1.896812
1.506957 2.718243
