-1.762204 3.539939
-1.680478 3.229203
-1.624210 3.023572
-1.578473 2.861422
-1.538925 2.724821
-1.503577 2.605561
-1.471322 2.499066
-1.441466 2.402477
-1.413542 2.313866
-1.387218 2.231858
-1.362247 2.155434
-1.338439 2.083812
-1.315646 2.016378
-1.293748 1.952638
-1.272647 1.892187
-1.252261 1.834692
-1.232524 1.779870
-1.213376 1.727481
-1.194767 1.677320
-1.176655 1.629207
-1.159002 1.582988
-1.141775 1.538526
-1.124943 1.495698
-1.108482 1.454482
-1.092367 1.414609
-1.076578 1.376081
-1.061096 1.338818
-1.045903 1.302750
-1.030984 1.267812
-1.016325 1.233944
-1.001911 1.201093
-0.987733 1.169210
-0.973777 1.138248
-0.960035 1.108165
-0.946496 1.078922
-0.933153 1.050484
-0.919996 1.022815
-0.907017 0.995885
-0.894211 0.969664
-0.881570 0.944125
-0.869088 0.919242
-0.856760 0.894991
-0.844579 0.871349
-0.832540 0.848294
-0.820639 0.825808
-0.808871 0.803870
-0.797232 0.782462
-0.785717 0.761568
-0.774322 0.741171
-0.763045 0.721257
-0.751881 0.701810
-0.740827 0.682816
-0.729879 0.664264
-0.719036 0.646139
-0.708293 0.628430
-0.697649 0.611126
-0.687100 0.594215
-0.676644 0.577688
-0.666278 0.561534
-0.656001 0.545744
-0.645809 0.530308
-0.635702 0.515219
-0.625676 0.500467
-0.615731 0.486044
-0.605863 0.471943
-0.596071 0.458156
-0.586354 0.444677
-0.576710 0.431497
-0.567137 0.418611
-0.557634 0.406012
-0.548198 0.393693
-0.538830 0.381650
-0.529526 0.369876
-0.520287 0.358365
-0.511110 0.347113
-0.501995 0.336114
-0.492940 0.325362
-0.483943 0.314854
-0.475005 0.304584
-0.466123 0.294549
-0.457298 0.284743
-0.448526 0.275162
-0.439809 0.265802
-0.431144 0.256659
-0.422530 0.247730
-0.413968 0.239010
-0.405456 0.230495
-0.396992 0.222183
-0.388577 0.214070
-0.380209 0.206152
-0.371888 0.198467
-0.363613 0.190929
-0.355383 0.183576
-0.347197 0.176407
-0.339055 0.169417
-0.330955 0.162605
-0.322899 0.155967
-0.314883 0.149500
-0.306909 0.143202
-0.298975 0.137071
-0.291081 0.131104
-0.283226 0.125298
-0.275410 0.119651
-0.267631 0.114161
-0.259890 0.108825
-0.252187 0.103642
-0.244519 0.098609
-0.236888 0.093723
-0.229291 0.088984
-0.221730 0.084388
-0.214204 0.079935
-0.206711 0.075621
-0.199252 0.071446
-0.191825 0.067407
-0.184432 0.063502
-0.177071 0.059730
-0.169741 0.056089
-0.162443 0.052577
-0.155176 0.049193
-0.147939 0.045935
-0.140733 0.042802
-0.133556 0.039791
-0.126409 0.036902
-0.119292 0.034133
-0.112202 0.031482
-0.105142 0.028948
-0.098109 0.026530
-0.091104 0.024226
-0.084127 0.022035
-0.077176 0.019955
-0.070253 0.017986
-0.063356 0.016145
-0.056485 0.014390
-0.049640 0.012742
-0.042820 0.011200
-0.036026 0.009761
-0.029257 0.008426
-0.022512 0.007194
-0.015793 0.006062
-0.009097 0.005031
-0.002425 0.004099
0.004223 0.003265
0.010848 0.002528
0.017449 0.001888
0.024027 0.001341
0.030583 0.000889
0.037116 0.000529
0.043627 0.000260
0.050116 0.000081
0.056583 -0.000007
0.059809 0.000000
0.063034 -0.000007
0.069501 0.000082
0.075990 0.000260
0.082501 0.000529
0.089034 0.000890
0.095590 0.001344
0.102169 0.001891
0.108770 0.002533
0.115395 0.003270
0.122043 0.004104
0.128714 0.005036
0.135410 0.006066
0.142130 0.007196
0.148874 0.008427
0.155643 0.009760
0.162438 0.011196
0.169257 0.012736
0.176102 0.014382
0.182973 0.016134
0.189870 0.017994
0.196794 0.019964
0.203744 0.022043
0.210722 0.024235
0.217727 0.026539
0.224759 0.028911
0.231820 0.031442
0.238909 0.034090
0.246027 0.036857
0.253174 0.039743
0.260350 0.042750
0.267557 0.045881
0.274793 0.049135
0.282060 0.052516
0.289359 0.056024
0.296688 0.059661
0.304049 0.063429
0.311443 0.067329
0.318869 0.071364
0.326328 0.075535
0.333821 0.079843
0.341348 0.084292
0.348909 0.088882
0.356505 0.093616
0.364137 0.098495
0.371804 0.103522
0.379508 0.108699
0.387249 0.114028
0.395027 0.119511
0.402844 0.125151
0.410698 0.130949
0.418593 0.136908
0.426526 0.142994
0.434501 0.149281
0.442516 0.155738
0.450573 0.162365
0.458672 0.169166
0.466814 0.176144
0.475000 0.183302
0.483230 0.190641
0.491506 0.198167
0.499827 0.205880
0.508195 0.213786
0.516610 0.221886
0.525073 0.230184
0.533586 0.238684
0.542148 0.247390
0.550761 0.256304
0.559426 0.265431
0.568144 0.274774
0.576915 0.284338
0.585741 0.294126
0.594623 0.304144
0.603561 0.314394
0.612557 0.324882
0.621612 0.335613
0.630728 0.346591
0.639904 0.357821
0.649144 0.369309
0.658447 0.381060
0.667816 0.393078
0.677251 0.405371
0.686755 0.417944
0.696328 0.430803
0.705972 0.443954
0.715689 0.457404
0.725480 0.471161
0.735348 0.485230
0.745294 0.499620
0.755319 0.514338
0.765427 0.529392
0.775618 0.544791
0.785896 0.560544
0.796261 0.576658
0.806717 0.593145
0.817266 0.610014
0.827911 0.627274
0.838653 0.644938
0.849497 0.663016
0.860444 0.681521
0.871498 0.700464
0.882662 0.719859
0.893940 0.739719
0.905334 0.760060
0.916849 0.780896
0.928488 0.802243
0.940256 0.824119
0.952157 0.846540
0.964196 0.869527
0.976377 0.893099
0.988706 0.917278
1.001188 0.942085
1.013829 0.967546
1.026635 0.993685
1.039613 1.020530
1.052770 1.048110
1.066114 1.076457
1.079653 1.105604
1.093395 1.135587
1.107350 1.166445
1.121529 1.198220
1.135942 1.230958
1.150602 1.264707
1.165521 1.299522
1.180714 1.335461
1.196196 1.372589
1.211985 1.410975
1.228099 1.450699
1.244561 1.491846
1.261392 1.534512
1.278620 1.578804
1.296273 1.624844
1.314385 1.672767
1.332993 1.722728
1.352141 1.774806
1.371879 1.829400
1.392264 1.886652
1.413365 1.946843
1.435264 2.010306
1.458057 2.077441
1.481865 2.148741
1.506836 2.224815
1.533160 2.306441
1.561083 2.394632
1.590939 2.490754
1.623195 2.596724
1.658543 2.715384
1.698091 2.851281
1.743828 3.012575
1.800096 3.217087
1.881822 3.526064
