-1.872724 3.528798
-1.790821 3.219195
-1.734431 3.014302
-1.688595 2.852724
-1.648961 2.716601
-1.613537 2.597754
-1.581211 2.491625
-1.551291 2.395365
-1.523307 2.307054
-1.496926 2.225321
-1.471901 2.149152
-1.448041 2.077767
-1.425199 2.010555
-1.403253 1.946994
-1.382106 1.886741
-1.361676 1.829632
-1.341896 1.774981
-1.322706 1.722754
-1.304058 1.672747
-1.285906 1.624783
-1.268215 1.578704
-1.250950 1.534377
-1.234082 1.491678
-1.217585 1.450502
-1.201436 1.410751
-1.185613 1.372339
-1.170097 1.335189
-1.154871 1.299229
-1.139920 1.264395
-1.125228 1.230628
-1.110784 1.197875
-1.096575 1.166086
-1.082589 1.135215
-1.068817 1.105220
-1.055249 1.076063
-1.041876 1.047707
-1.028691 1.020118
-1.015684 0.993266
-1.002850 0.967121
-0.990182 0.941655
-0.977673 0.916843
-0.965318 0.892660
-0.953110 0.869085
-0.941045 0.846096
-0.929119 0.823673
-0.917325 0.801796
-0.905661 0.780448
-0.894121 0.759613
-0.882702 0.739273
-0.871400 0.719413
-0.860211 0.700019
-0.849133 0.681078
-0.838162 0.662576
-0.827295 0.644501
-0.816530 0.626840
-0.805862 0.609583
-0.795290 0.592718
-0.784811 0.576235
-0.774423 0.560125
-0.764124 0.544377
-0.753910 0.528982
-0.743781 0.513933
-0.733734 0.499220
-0.723766 0.484836
-0.713877 0.470772
-0.704065 0.457021
-0.694326 0.443577
-0.684661 0.430432
-0.675067 0.417579
-0.665543 0.405012
-0.656088 0.392726
-0.646699 0.380821
-0.637375 0.369074
-0.628116 0.357590
-0.618919 0.346364
-0.609784 0.335390
-0.600709 0.324663
-0.591694 0.314179
-0.582736 0.303933
-0.573835 0.293920
-0.564990 0.284136
-0.556200 0.274576
-0.547463 0.265238
-0.538779 0.256116
-0.530147 0.247206
-0.521567 0.238505
-0.513036 0.230010
-0.504554 0.221716
-0.496121 0.213621
-0.487735 0.205721
-0.479395 0.198012
-0.471102 0.190491
-0.462854 0.183156
-0.454651 0.176004
-0.446491 0.169031
-0.438374 0.162234
-0.430300 0.155611
-0.422267 0.149160
-0.414275 0.142877
-0.406324 0.136760
-0.398413 0.130806
-0.390541 0.125014
-0.382708 0.119380
-0.374913 0.113902
-0.367155 0.108579
-0.359435 0.103407
-0.351750 0.098385
-0.344102 0.093511
-0.336490 0.088782
-0.328912 0.084197
-0.321369 0.079754
-0.313860 0.075450
-0.306385 0.071284
-0.298943 0.067253
-0.291533 0.063400
-0.284156 0.059634
-0.276810 0.055999
-0.269496 0.052493
-0.262213 0.049115
-0.254961 0.045862
-0.247739 0.042734
-0.240547 0.039728
-0.233385 0.036843
-0.226252 0.034079
-0.219147 0.031432
-0.212071 0.028902
-0.205023 0.026488
-0.198003 0.024188
-0.191010 0.022000
-0.184045 0.019924
-0.177106 0.017958
-0.170194 0.016101
-0.163309 0.014351
-0.156449 0.012708
-0.149614 0.011170
-0.142805 0.009736
-0.136022 0.008405
-0.129263 0.007176
-0.122528 0.006071
-0.115818 0.005038
-0.109132 0.004103
-0.102469 0.003266
-0.095830 0.002526
-0.089215 0.001882
-0.082622 0.001334
-0.076052 0.000881
-0.069505 0.000523
-0.062980 0.000257
-0.056477 0.000080
-0.049996 -0.000008
-0.046763 0.000000
-0.043531 -0.000007
-0.037050 0.000082
-0.030547 0.000260
-0.024022 0.000529
-0.017474 0.000889
-0.010904 0.001342
-0.004312 0.001888
0.002304 0.002529
0.008943 0.003265
0.015606 0.004098
0.022292 0.005029
0.029002 0.006058
0.035736 0.007187
0.042495 0.008417
0.049279 0.009749
0.056088 0.011184
0.062922 0.012723
0.069782 0.014367
0.076668 0.016118
0.083580 0.017977
0.090519 0.019945
0.097484 0.021977
0.104477 0.024163
0.111497 0.026461
0.118545 0.028874
0.125621 0.031402
0.132725 0.034047
0.139859 0.036810
0.147021 0.039692
0.154213 0.042696
0.161435 0.045822
0.168687 0.049073
0.175970 0.052449
0.183284 0.055952
0.190629 0.059585
0.198007 0.063302
0.205416 0.067196
0.212859 0.071223
0.220334 0.075386
0.227843 0.079687
0.235386 0.084128
0.242964 0.088710
0.250576 0.093435
0.258224 0.098306
0.265908 0.103324
0.273629 0.108492
0.281386 0.113811
0.289182 0.119285
0.297015 0.124914
0.304887 0.130702
0.312798 0.136652
0.320749 0.142764
0.328741 0.149042
0.336773 0.155488
0.344848 0.162106
0.352965 0.168897
0.361124 0.175864
0.369328 0.183011
0.377576 0.190340
0.385869 0.197854
0.394208 0.205556
0.402594 0.213450
0.411028 0.221539
0.419509 0.229825
0.428040 0.238313
0.436621 0.247006
0.445253 0.255907
0.453937 0.265021
0.462673 0.274351
0.471464 0.283901
0.480309 0.293676
0.489210 0.303679
0.498167 0.313915
0.507183 0.324389
0.516258 0.335105
0.525393 0.346068
0.534590 0.357283
0.543849 0.368755
0.553173 0.380490
0.562561 0.392492
0.572017 0.404768
0.581541 0.417324
0.591135 0.430166
0.600800 0.443300
0.610538 0.456733
0.620351 0.470471
0.630240 0.484522
0.640207 0.498765
0.650255 0.513461
0.660384 0.528492
0.670597 0.543868
0.680897 0.559597
0.691285 0.575687
0.701764 0.592149
0.712336 0.608993
0.723003 0.626228
0.733769 0.643866
0.744636 0.661918
0.755607 0.680396
0.766685 0.699311
0.777874 0.718679
0.789175 0.738511
0.800594 0.758823
0.812134 0.779629
0.823799 0.800947
0.835592 0.822792
0.847519 0.845182
0.859584 0.868138
0.871791 0.891677
0.884147 0.915823
0.896656 0.940597
0.909324 0.966024
0.922158 0.992128
0.935164 1.018938
0.948350 1.046482
0.961723 1.074792
0.975291 1.103901
0.989063 1.133846
1.003048 1.164665
1.017258 1.196400
1.031702 1.229097
1.046393 1.262804
1.061345 1.297576
1.076571 1.333472
1.092086 1.370554
1.107910 1.408895
1.124059 1.448572
1.140556 1.489670
1.157424 1.532287
1.174689 1.576529
1.192380 1.622516
1.210531 1.670385
1.229180 1.720087
1.248370 1.772200
1.268150 1.826733
1.288580 1.883921
1.309727 1.944045
1.331672 2.007439
1.354515 2.074553
1.378374 2.145779
1.403400 2.221776
1.429780 2.303321
1.457765 2.391426
1.487685 2.487456
1.520011 2.593327
1.555435 2.711879
1.595069 2.847657
1.640905 3.008813
1.697295 3.213157
1.779198 3.521898
