-1.874743 3.530935
-1.790695 3.221261
-1.732828 3.016311
-1.685791 2.854683
-1.645119 2.718514
-1.608767 2.599624
-1.575595 2.493454
-1.544890 2.397155
-1.516173 2.308805
-1.489101 2.227036
-1.463421 2.150831
-1.438936 2.079413
-1.415495 2.012167
-1.392975 1.948603
-1.371274 1.888318
-1.350309 1.830977
-1.330011 1.776301
-1.310319 1.724051
-1.291181 1.674020
-1.272555 1.626032
-1.254400 1.579931
-1.236683 1.535580
-1.219373 1.492859
-1.202444 1.451661
-1.185872 1.411888
-1.169634 1.373455
-1.153712 1.336284
-1.138087 1.300303
-1.122744 1.265449
-1.107668 1.231662
-1.092845 1.198889
-1.078264 1.167080
-1.063912 1.136189
-1.049779 1.106176
-1.035856 1.077000
-1.022133 1.048647
-1.008602 1.021040
-0.995255 0.994169
-0.982085 0.968005
-0.969084 0.942521
-0.956248 0.917691
-0.943569 0.893491
-0.931041 0.869899
-0.918661 0.846893
-0.906422 0.824452
-0.894319 0.802559
-0.882349 0.781195
-0.870507 0.760343
-0.858789 0.739987
-0.847191 0.720112
-0.835710 0.700703
-0.824341 0.681746
-0.813083 0.663229
-0.801931 0.645139
-0.790883 0.627464
-0.779936 0.610192
-0.769088 0.593313
-0.758334 0.576816
-0.747674 0.560692
-0.737105 0.544930
-0.726624 0.529523
-0.716229 0.514460
-0.705919 0.499734
-0.695691 0.485337
-0.685542 0.471261
-0.675473 0.457498
-0.665479 0.444041
-0.655561 0.430884
-0.645716 0.418020
-0.635943 0.405442
-0.626239 0.393144
-0.616604 0.381120
-0.607037 0.369365
-0.597535 0.357874
-0.588097 0.346639
-0.578723 0.335658
-0.569410 0.324923
-0.560158 0.314432
-0.550966 0.304178
-0.541832 0.294158
-0.532755 0.284367
-0.523735 0.274801
-0.514769 0.265456
-0.505858 0.256327
-0.497000 0.247411
-0.488195 0.238704
-0.479440 0.230202
-0.470736 0.221903
-0.462082 0.213801
-0.453476 0.205895
-0.444919 0.198180
-0.436408 0.190654
-0.427944 0.183314
-0.419526 0.176156
-0.411152 0.169177
-0.402823 0.162376
-0.394537 0.155748
-0.386294 0.149292
-0.378093 0.143004
-0.369934 0.136882
-0.361815 0.130924
-0.353737 0.125127
-0.345699 0.119489
-0.337699 0.114007
-0.329739 0.108680
-0.321816 0.103504
-0.313930 0.098479
-0.306082 0.093601
-0.298270 0.088868
-0.290494 0.084280
-0.282753 0.079833
-0.275048 0.075525
-0.267376 0.071356
-0.259739 0.067323
-0.252136 0.063424
-0.244565 0.059657
-0.237027 0.056022
-0.229522 0.052515
-0.222048 0.049136
-0.214606 0.045882
-0.207195 0.042753
-0.199815 0.039747
-0.192464 0.036862
-0.185144 0.034096
-0.177854 0.031449
-0.170592 0.028919
-0.163360 0.026504
-0.156156 0.024204
-0.148980 0.022016
-0.141832 0.019939
-0.134712 0.017973
-0.127619 0.016115
-0.120553 0.014366
-0.113513 0.012722
-0.106500 0.011184
-0.099513 0.009750
-0.092551 0.008419
-0.085615 0.007190
-0.078704 0.006061
-0.071818 0.005032
-0.064957 0.004101
-0.058120 0.003268
-0.051307 0.002532
-0.044518 0.001891
-0.037753 0.001344
-0.031011 0.000890
-0.024292 0.000530
-0.017596 0.000260
-0.010922 0.000082
-0.004272 -0.000007
-0.000955 0.000000
0.002363 -0.000007
0.009013 0.000081
0.015687 0.000260
0.022383 0.000529
0.029102 0.000890
0.035844 0.001343
0.042609 0.001889
0.049398 0.002530
0.056211 0.003267
0.063048 0.004100
0.069909 0.005030
0.076795 0.006059
0.083706 0.007187
0.090642 0.008416
0.097604 0.009747
0.104591 0.011181
0.111604 0.012719
0.118644 0.014362
0.125710 0.016112
0.132803 0.017969
0.139923 0.019935
0.147071 0.022011
0.154247 0.024199
0.161451 0.026499
0.168683 0.028914
0.175945 0.031444
0.183235 0.034091
0.190555 0.036856
0.197906 0.039741
0.205286 0.042747
0.212697 0.045876
0.220139 0.049129
0.227613 0.052508
0.235118 0.056014
0.242656 0.059650
0.250227 0.063416
0.257830 0.067315
0.265467 0.071348
0.273139 0.075517
0.280844 0.079824
0.288585 0.084270
0.296361 0.088859
0.304173 0.093590
0.312021 0.098468
0.319907 0.103493
0.327830 0.108668
0.335790 0.113995
0.343790 0.119477
0.351828 0.125114
0.359906 0.130911
0.368025 0.136868
0.376184 0.142989
0.384385 0.149276
0.392628 0.155732
0.400914 0.162359
0.409243 0.169160
0.417617 0.176137
0.426035 0.183295
0.434499 0.190634
0.443010 0.198159
0.451567 0.205873
0.460173 0.213778
0.468827 0.221878
0.477531 0.230177
0.486286 0.238678
0.495091 0.247383
0.503949 0.256298
0.512860 0.265425
0.521826 0.274769
0.530846 0.284334
0.539923 0.294124
0.549057 0.304142
0.558249 0.314394
0.567501 0.324884
0.576814 0.335616
0.586188 0.346596
0.595626 0.357828
0.605128 0.369318
0.614695 0.381071
0.624330 0.393092
0.634034 0.405388
0.643807 0.417963
0.653652 0.430825
0.663570 0.443980
0.673564 0.457434
0.683633 0.471195
0.693781 0.485268
0.704010 0.499663
0.714320 0.514386
0.724715 0.529445
0.735196 0.544850
0.745765 0.560608
0.756425 0.576729
0.767179 0.593222
0.778027 0.610098
0.788974 0.627366
0.800022 0.645038
0.811174 0.663124
0.822432 0.681637
0.833801 0.700590
0.845282 0.719994
0.856880 0.739865
0.868598 0.760217
0.880440 0.781064
0.892410 0.802424
0.904513 0.824312
0.916752 0.846747
0.929133 0.869748
0.941660 0.893335
0.954339 0.917529
0.967175 0.942353
0.980176 0.967831
0.993346 0.993988
1.006693 1.020853
1.020224 1.048454
1.033947 1.076822
1.047870 1.105991
1.062003 1.135998
1.076355 1.166881
1.090936 1.198683
1.105759 1.231448
1.120835 1.265226
1.136178 1.300072
1.151803 1.336044
1.167725 1.373206
1.183963 1.411630
1.200535 1.451392
1.217464 1.492580
1.234774 1.535289
1.252491 1.579628
1.270646 1.625717
1.289272 1.673692
1.308410 1.723709
1.328102 1.775945
1.348400 1.830606
1.369365 1.887929
1.391066 1.948152
1.413586 2.011697
1.437027 2.078921
1.461512 2.150317
1.487192 2.226497
1.514264 2.308239
1.542981 2.396559
1.573686 2.492825
1.606858 2.598958
1.643210 2.717806
1.683882 2.853926
1.730919 3.015493
1.788786 3.220365
1.872834 3.529916
