-1.855320 3.486619
-1.771601 3.180790
-1.713960 2.978385
-1.667107 2.818765
-1.626594 2.684342
-1.590384 2.566925
-1.557341 2.462071
-1.526757 2.366966
-1.498152 2.279711
-1.471186 2.198956
-1.445606 2.123697
-1.421217 2.053164
-1.397868 1.986753
-1.375435 1.924023
-1.353819 1.864485
-1.332937 1.807856
-1.312717 1.753858
-1.293102 1.702256
-1.274040 1.652846
-1.255486 1.605454
-1.237402 1.559925
-1.219754 1.516125
-1.202512 1.473935
-1.185649 1.433248
-1.169142 1.393970
-1.152967 1.356015
-1.137107 1.319306
-1.121544 1.283772
-1.106261 1.249351
-1.091244 1.215985
-1.076479 1.183620
-1.061954 1.152207
-1.047658 1.121701
-1.033581 1.092061
-1.019712 1.063249
-1.006043 1.035228
-0.992564 1.007965
-0.979270 0.981430
-0.966151 0.955593
-0.953202 0.930428
-0.940415 0.905908
-0.927786 0.882012
-0.915308 0.858715
-0.902975 0.835997
-0.890784 0.813838
-0.878729 0.792220
-0.866805 0.771124
-0.855010 0.750535
-0.843337 0.730435
-0.831785 0.710810
-0.820348 0.691646
-0.809025 0.672929
-0.797810 0.654646
-0.786702 0.636784
-0.775697 0.619333
-0.764793 0.602280
-0.753987 0.585616
-0.743276 0.569328
-0.732657 0.553409
-0.722129 0.537849
-0.711689 0.522637
-0.701335 0.507767
-0.691065 0.493229
-0.680876 0.479016
-0.670768 0.465120
-0.660738 0.451533
-0.650784 0.438250
-0.640904 0.425261
-0.631097 0.412562
-0.621362 0.400146
-0.611697 0.388007
-0.602099 0.376138
-0.592569 0.364535
-0.583104 0.353192
-0.573704 0.342103
-0.564366 0.331263
-0.555090 0.320668
-0.545874 0.310313
-0.536718 0.300192
-0.527619 0.290302
-0.518578 0.280639
-0.509593 0.271197
-0.500663 0.261973
-0.491786 0.252963
-0.482963 0.244163
-0.474192 0.235570
-0.465471 0.227179
-0.456802 0.218988
-0.448181 0.210992
-0.439609 0.203190
-0.431085 0.195576
-0.422608 0.188148
-0.414177 0.180904
-0.405791 0.173840
-0.397450 0.166953
-0.389154 0.160241
-0.380900 0.153700
-0.372689 0.147328
-0.364521 0.141123
-0.356393 0.135082
-0.348306 0.129202
-0.340260 0.123481
-0.332253 0.117917
-0.324285 0.112508
-0.316355 0.107251
-0.308463 0.102143
-0.300609 0.097184
-0.292791 0.092370
-0.285009 0.087700
-0.277264 0.083172
-0.269553 0.078783
-0.261878 0.074533
-0.254237 0.070418
-0.246629 0.066438
-0.239055 0.062591
-0.231514 0.058874
-0.224006 0.055286
-0.216530 0.051826
-0.209086 0.048491
-0.201672 0.045281
-0.194290 0.042193
-0.186939 0.039226
-0.179617 0.036379
-0.172326 0.033650
-0.165064 0.031038
-0.157831 0.028541
-0.150627 0.026158
-0.143451 0.023888
-0.136303 0.021729
-0.129183 0.019679
-0.122091 0.017739
-0.115025 0.015906
-0.107987 0.014179
-0.100975 0.012557
-0.093989 0.011040
-0.087029 0.009624
-0.080095 0.008311
-0.073186 0.007097
-0.066302 0.005983
-0.059443 0.004968
-0.052608 0.004049
-0.045798 0.003227
-0.039012 0.002500
-0.032249 0.001867
-0.025510 0.001327
-0.018795 0.000880
-0.012102 0.000523
-0.005432 0.000257
0.001215 0.000081
0.007840 -0.000007
0.011144 0.000000
0.014448 -0.000008
0.021073 0.000080
0.027720 0.000255
0.034390 0.000521
0.041083 0.000876
0.047798 0.001323
0.054537 0.001862
0.061300 0.002494
0.068086 0.003220
0.074896 0.004042
0.081731 0.004959
0.088590 0.005974
0.095473 0.007087
0.102382 0.008299
0.109317 0.009612
0.116277 0.011027
0.123263 0.012544
0.130275 0.014165
0.137313 0.015891
0.144379 0.017723
0.151471 0.019662
0.158591 0.021711
0.165739 0.023869
0.172915 0.026138
0.180119 0.028520
0.187352 0.031017
0.194614 0.033628
0.201905 0.036356
0.209227 0.039202
0.216578 0.042168
0.223960 0.045255
0.231373 0.048464
0.238818 0.051798
0.246294 0.055258
0.253802 0.058844
0.261343 0.062560
0.268917 0.066407
0.276524 0.070386
0.284166 0.074500
0.291841 0.078749
0.299552 0.083137
0.307297 0.087664
0.315079 0.092333
0.322897 0.097116
0.330751 0.102074
0.338643 0.107180
0.346573 0.112436
0.354541 0.117844
0.362548 0.123407
0.370594 0.129126
0.378681 0.135004
0.386808 0.141044
0.394977 0.147248
0.403188 0.153618
0.411442 0.160157
0.419738 0.166868
0.428079 0.173753
0.436465 0.180816
0.444896 0.188059
0.453373 0.195484
0.461897 0.203097
0.470469 0.210898
0.479089 0.218892
0.487759 0.227081
0.496479 0.235470
0.505251 0.244062
0.514074 0.252860
0.522950 0.261869
0.531881 0.271091
0.540866 0.280531
0.549907 0.290193
0.559005 0.300081
0.568162 0.310200
0.577378 0.320553
0.586654 0.331147
0.595991 0.341985
0.605392 0.353072
0.614857 0.364413
0.624387 0.376015
0.633985 0.387881
0.643650 0.400019
0.653385 0.412433
0.663192 0.425130
0.673071 0.438116
0.683026 0.451398
0.693056 0.464983
0.703164 0.478877
0.713353 0.493088
0.723623 0.507624
0.733977 0.522492
0.744417 0.537701
0.754945 0.553260
0.765563 0.569177
0.776275 0.585461
0.787081 0.602124
0.797985 0.619174
0.808990 0.636624
0.820098 0.654483
0.831312 0.672763
0.842636 0.691478
0.854073 0.710640
0.865625 0.730262
0.877298 0.750359
0.889093 0.770946
0.901017 0.792039
0.913072 0.813655
0.925263 0.835811
0.937595 0.858526
0.950074 0.881819
0.962703 0.905713
0.975490 0.930229
0.988439 0.955391
1.001558 0.981225
1.014852 1.007757
1.028331 1.035016
1.042000 1.063033
1.055869 1.091842
1.069946 1.121478
1.084242 1.151980
1.098767 1.183389
1.113531 1.215750
1.128549 1.249112
1.143832 1.283528
1.159395 1.319057
1.175255 1.355762
1.191429 1.393712
1.207937 1.432985
1.224800 1.473667
1.242042 1.515852
1.259690 1.559646
1.277774 1.605169
1.296328 1.652556
1.315390 1.701959
1.335005 1.753555
1.355224 1.807546
1.376107 1.864168
1.397723 1.923698
1.420156 1.986467
1.443505 2.052871
1.467894 2.123395
1.493474 2.198646
1.520440 2.279392
1.549045 2.366636
1.579629 2.461731
1.612672 2.566573
1.648882 2.683977
1.689395 2.818444
1.736248 2.978051
1.793889 3.180439
1.877608 3.486119
