-1.327891 2.989390
-1.110774 2.088327
-0.961289 1.561835
-0.839783 1.190143
-0.734717 0.909155
-0.640811 0.689801
-0.555119 0.515960
-0.475802 0.377748
-0.401619 0.267794
-0.331686 0.181099
-0.265346 0.114608
-0.202097 0.065356
-0.141544 0.031478
-0.083368 0.010887
-0.027309 0.001187
-0.000005 0.000000
0.027299 0.001159
0.083358 0.010232
0.141534 0.028716
0.202087 0.057246
0.265336 0.097340
0.331676 0.150387
0.401609 0.218768
0.475792 0.305498
0.555109 0.414017
0.640801 0.549629
0.734707 0.719986
0.839773 0.937632
0.961279 1.225174
1.110764 1.631768
1.327881 2.327701
