-0.929289 24.964663
-0.877526 22.641911
-0.841886 21.045111
-0.812917 19.750938
-0.787868 18.635834
-0.765479 17.643286
-0.745049 16.741964
-0.726139 15.911701
-0.708452 15.139850
-0.691779 14.416478
-0.675963 13.734940
-0.660883 13.089908
-0.646447 12.476831
-0.632577 11.892832
-0.619211 11.334871
-0.606300 10.800777
-0.593798 10.288651
-0.581670 9.797025
-0.569884 9.324423
-0.558412 8.869680
-0.547231 8.432083
-0.536319 8.010355
-0.525658 7.603837
-0.515232 7.212069
-0.505025 6.834489
-0.495025 6.470158
-0.485218 6.119212
-0.475596 5.780773
-0.466146 5.454620
-0.456861 5.140389
-0.447732 4.837837
-0.438751 4.546925
-0.429912 4.267046
-0.421208 3.998108
-0.412633 3.740215
-0.404181 3.492696
-0.395848 3.255633
-0.387628 3.028846
-0.379516 2.812209
-0.371510 2.605487
-0.363604 2.408679
-0.355795 2.221570
-0.348080 2.044019
-0.340455 1.875879
-0.332917 1.716998
-0.325463 1.567216
-0.318091 1.426364
-0.310798 1.294440
-0.303581 1.170867
-0.296438 1.055651
-0.289366 0.948557
-0.282365 0.849295
-0.268563 0.673276
-0.261759 0.596196
-0.255017 0.525616
-0.248335 0.461451
-0.241712 0.403272
-0.235147 0.350891
-0.228638 0.304046
-0.222183 0.261957
-0.215781 0.224503
-0.209431 0.191344
-0.203131 0.162099
-0.196881 0.136411
-0.190679 0.114040
-0.184525 0.094625
-0.178416 0.078033
-0.172353 0.063607
-0.166333 0.051303
-0.160357 0.040882
-0.154423 0.032125
-0.148531 0.024831
-0.142679 0.018916
-0.136866 0.013994
-0.131093 0.010043
-0.125357 0.006930
-0.119659 0.004536
-0.113998 0.002789
-0.108372 0.001508
-0.102782 0.000706
-0.097226 0.000198
-0.091705 0.000006
-0.086217 0.000069
-0.080761 0.000332
-0.075338 0.000748
-0.069946 0.001204
-0.064586 0.001774
-0.059256 0.002388
-0.053956 0.003021
-0.048685 0.003600
-0.043444 0.004200
-0.038231 0.004765
-0.033046 0.005281
-0.027889 0.005738
-0.022759 0.006130
-0.017656 0.006449
-0.012579 0.006691
-0.007528 0.006854
-0.002503 0.006935
0.002503 0.006935
0.007528 0.006854
0.012579 0.006691
0.017656 0.006449
0.022759 0.006130
0.027889 0.005738
0.033046 0.005281
0.038231 0.004765
0.043444 0.004200
0.048685 0.003600
0.053956 0.003021
0.059256 0.002388
0.064586 0.001774
0.069946 0.001204
0.075338 0.000748
0.080761 0.000332
0.086217 0.000069
0.090477 0.000000
0.091705 0.000006
0.097226 0.000198
0.102782 0.000706
0.108372 0.001508
0.113998 0.002789
0.119659 0.004536
0.125357 0.006930
0.131093 0.010043
0.136866 0.013994
0.142679 0.018916
0.148531 0.024831
0.154423 0.032125
0.160357 0.040882
0.166333 0.051303
0.172353 0.063607
0.178416 0.078033
0.184525 0.094625
0.190679 0.114040
0.196881 0.136411
0.203131 0.162099
0.209431 0.191344
0.215781 0.224503
0.222183 0.261957
0.228638 0.304046
0.235147 0.350891
0.241712 0.403272
0.248335 0.461451
0.255017 0.525616
0.261759 0.596196
0.268563 0.673276
0.282365 0.849295
0.289366 0.948557
0.296438 1.055651
0.303581 1.170867
0.310798 1.294440
0.318091 1.426364
0.325463 1.567216
0.332917 1.716998
0.340455 1.875879
0.348080 2.044019
0.355795 2.221570
0.363604 2.408679
0.371510 2.605487
0.379516 2.812209
0.387628 3.028846
0.395848 3.255633
0.404181 3.492696
0.412633 3.740215
0.421208 3.998108
0.429912 4.267046
0.438751 4.546925
0.447732 4.837837
0.456861 5.140389
0.466146 5.454620
0.475596 5.780773
0.485218 6.119212
0.495025 6.470158
0.505025 6.834489
0.515232 7.212069
0.525658 7.603837
0.536319 8.010355
0.547231 8.432083
0.558412 8.869680
0.569884 9.324423
0.581670 9.797025
0.593798 10.288651
0.606300 10.800777
0.619211 11.334871
0.632577 11.892832
0.646447 12.476831
0.660883 13.089908
0.675963 13.734940
0.691779 14.416478
0.708452 15.139850
0.726139 15.911701
0.745049 16.741964
0.765479 17.643286
0.787868 18.635834
0.812917 19.750938
0.841886 21.045111
0.877526 22.641911
0.929289 24.964663
