-1.896187 3.558319
-1.811371 3.245035
-1.752976 3.037729
-1.705510 2.874264
-1.664467 2.736561
-1.627783 2.616344
-1.594308 2.509000
-1.563323 2.411645
-1.534344 2.322382
-1.507025 2.239729
-1.481109 2.162707
-1.456402 2.090528
-1.432747 2.022573
-1.410020 1.958344
-1.388121 1.897432
-1.366966 1.839502
-1.346482 1.784267
-1.326610 1.731487
-1.307298 1.680953
-1.288501 1.632487
-1.270181 1.585930
-1.252302 1.541145
-1.234834 1.498009
-1.217751 1.456414
-1.201027 1.416262
-1.184641 1.377466
-1.168573 1.339946
-1.152806 1.303632
-1.137323 1.268457
-1.122109 1.234363
-1.107151 1.201295
-1.092436 1.169202
-1.077953 1.138039
-1.063692 1.107764
-1.049641 1.078335
-1.035793 1.049718
-1.022138 1.021879
-1.008670 0.994784
-0.995379 0.968519
-0.982260 0.942826
-0.969307 0.917795
-0.956512 0.893403
-0.943870 0.869627
-0.931376 0.846445
-0.919025 0.823838
-0.906813 0.801787
-0.894733 0.780273
-0.882783 0.759279
-0.870958 0.738790
-0.859254 0.718789
-0.847668 0.699263
-0.836196 0.680196
-0.824835 0.661576
-0.813581 0.643391
-0.802433 0.625627
-0.791386 0.608274
-0.780438 0.591320
-0.769586 0.574755
-0.758829 0.558569
-0.748163 0.542752
-0.737586 0.527294
-0.727097 0.512187
-0.716692 0.497423
-0.706371 0.482992
-0.696130 0.468887
-0.685968 0.455100
-0.675884 0.441624
-0.665875 0.428452
-0.655940 0.415577
-0.646077 0.403021
-0.636285 0.390720
-0.626562 0.378697
-0.616907 0.366947
-0.607319 0.355463
-0.597795 0.344240
-0.588335 0.333272
-0.578937 0.322555
-0.569601 0.312084
-0.560325 0.301853
-0.551107 0.291858
-0.541948 0.282095
-0.532845 0.272558
-0.523798 0.263244
-0.514805 0.254149
-0.505866 0.245269
-0.496980 0.236599
-0.488146 0.228136
-0.479363 0.219876
-0.470629 0.211816
-0.461945 0.203952
-0.453310 0.196281
-0.444721 0.188799
-0.436180 0.181504
-0.427685 0.174392
-0.419235 0.167460
-0.410829 0.160706
-0.402468 0.154126
-0.394150 0.147717
-0.385874 0.141477
-0.377640 0.135404
-0.369447 0.129494
-0.361295 0.123746
-0.353184 0.118156
-0.345111 0.112722
-0.337078 0.107443
-0.329083 0.102315
-0.321125 0.097336
-0.313205 0.092505
-0.305322 0.087819
-0.297475 0.083276
-0.289664 0.078875
-0.281888 0.074612
-0.274146 0.070487
-0.266439 0.066497
-0.258766 0.062640
-0.251127 0.058915
-0.243520 0.055320
-0.235946 0.051853
-0.228404 0.048513
-0.220894 0.045297
-0.213415 0.042205
-0.205968 0.039235
-0.198551 0.036384
-0.191164 0.033652
-0.183806 0.031038
-0.176479 0.028539
-0.169180 0.026154
-0.161911 0.023883
-0.154669 0.021723
-0.147456 0.019673
-0.140271 0.017732
-0.133113 0.015899
-0.125982 0.014172
-0.118878 0.012550
-0.111801 0.011032
-0.104750 0.009617
-0.097725 0.008304
-0.090726 0.007091
-0.083752 0.005978
-0.076803 0.004963
-0.069879 0.004045
-0.062979 0.003223
-0.056104 0.002497
-0.049253 0.001864
-0.042426 0.001325
-0.035623 0.000878
-0.028843 0.000522
-0.022085 0.000257
-0.015351 0.000080
-0.008640 -0.000007
-0.005292 0.000000
-0.001945 -0.000008
0.004767 0.000080
0.011501 0.000256
0.018258 0.000521
0.025038 0.000876
0.031842 0.001323
0.038669 0.001862
0.045520 0.002493
0.052395 0.003219
0.059294 0.004040
0.066218 0.004957
0.073167 0.005971
0.080141 0.007084
0.087140 0.008296
0.094166 0.009608
0.101217 0.011021
0.108294 0.012537
0.115398 0.014158
0.122528 0.015883
0.129686 0.017714
0.136872 0.019653
0.144085 0.021700
0.151326 0.023858
0.158596 0.026127
0.165894 0.028509
0.173222 0.031005
0.180579 0.033616
0.187966 0.036344
0.195383 0.039191
0.202831 0.042157
0.210310 0.045245
0.217820 0.048456
0.225362 0.051792
0.232936 0.055253
0.240542 0.058843
0.248182 0.062527
0.255855 0.066377
0.263562 0.070360
0.271303 0.074478
0.279079 0.078733
0.286890 0.083126
0.294738 0.087660
0.302621 0.092337
0.310541 0.097159
0.318498 0.102127
0.326493 0.107244
0.334527 0.112513
0.342599 0.117935
0.350711 0.123513
0.358863 0.129249
0.367056 0.135146
0.375289 0.141206
0.383565 0.147431
0.391883 0.153825
0.400245 0.160390
0.408650 0.167129
0.417100 0.174044
0.425596 0.181139
0.434137 0.188417
0.442725 0.195880
0.451361 0.203532
0.460045 0.211376
0.468778 0.219416
0.477562 0.227654
0.486396 0.236096
0.495282 0.244743
0.504221 0.253600
0.513213 0.262671
0.522261 0.271960
0.531363 0.281471
0.540523 0.291209
0.549740 0.301177
0.559017 0.311380
0.568353 0.321822
0.577751 0.332510
0.587210 0.343447
0.596734 0.354639
0.606323 0.366091
0.615978 0.377809
0.625701 0.389799
0.635493 0.402065
0.645355 0.414615
0.655290 0.427455
0.665299 0.440591
0.675384 0.454030
0.685545 0.467780
0.695786 0.481847
0.706108 0.496239
0.716513 0.510964
0.727002 0.526031
0.737579 0.541447
0.748245 0.557223
0.759002 0.573367
0.769853 0.589889
0.780801 0.606799
0.791848 0.624107
0.802997 0.641825
0.814250 0.659965
0.825611 0.678538
0.837083 0.697557
0.848670 0.717035
0.860373 0.736987
0.872198 0.757427
0.884149 0.778370
0.896228 0.799833
0.908441 0.821833
0.920792 0.844387
0.933286 0.867515
0.945927 0.891237
0.958722 0.915574
0.971676 0.940549
0.984795 0.966186
0.998085 0.992510
1.011554 1.019548
1.025208 1.047331
1.039057 1.075889
1.053107 1.105256
1.067369 1.135470
1.081852 1.166569
1.096567 1.198596
1.111525 1.231597
1.126738 1.265622
1.142221 1.300725
1.157989 1.336966
1.174056 1.374410
1.190442 1.413128
1.207166 1.453199
1.224250 1.494710
1.241717 1.537760
1.259596 1.582455
1.277917 1.628919
1.296713 1.677289
1.316025 1.727722
1.335897 1.780397
1.356381 1.835523
1.377537 1.893339
1.399436 1.954130
1.422162 2.018234
1.445817 2.086055
1.470525 2.158092
1.496440 2.234964
1.523759 2.317456
1.552738 2.406594
1.583723 2.503685
1.617198 2.610821
1.653882 2.730805
1.694926 2.868241
1.742391 3.031392
1.800787 3.238232
1.885602 3.550912
