-1.865711 3.472291
-1.782231 3.167779
-1.724756 2.966244
-1.678037 2.807309
-1.637640 2.673407
-1.601534 2.556496
-1.568586 2.452093
-1.538089 2.357396
-1.509566 2.270516
-1.482678 2.190108
-1.457170 2.115170
-1.432852 2.044939
-1.409569 1.978811
-1.387201 1.916304
-1.365647 1.857020
-1.344824 1.800633
-1.324663 1.746866
-1.305104 1.695483
-1.286096 1.646283
-1.267595 1.599092
-1.249563 1.553756
-1.231966 1.510142
-1.214773 1.468131
-1.197959 1.427616
-1.181498 1.388504
-1.165370 1.350709
-1.149556 1.314154
-1.134037 1.278771
-1.118798 1.244495
-1.103824 1.211268
-1.089101 1.179039
-1.074618 1.147758
-1.060363 1.117380
-1.046326 1.087864
-1.032497 1.059171
-1.018867 1.031267
-1.005427 1.004118
-0.992170 0.977693
-0.979089 0.951963
-0.966177 0.926902
-0.953427 0.902485
-0.940834 0.878748
-0.928392 0.855546
-0.916095 0.832920
-0.903938 0.810851
-0.891918 0.789319
-0.880028 0.768308
-0.868266 0.747801
-0.856627 0.727781
-0.845108 0.708234
-0.833704 0.689146
-0.822413 0.670502
-0.811231 0.652356
-0.800155 0.634563
-0.789181 0.617178
-0.778308 0.600189
-0.767533 0.583587
-0.756852 0.567361
-0.746264 0.551501
-0.735766 0.535998
-0.725356 0.520843
-0.715032 0.506028
-0.704791 0.491543
-0.694632 0.477382
-0.684553 0.463536
-0.674551 0.449998
-0.664625 0.436762
-0.654774 0.423820
-0.644996 0.411166
-0.635288 0.398794
-0.625650 0.386697
-0.616081 0.374871
-0.606578 0.363308
-0.597140 0.352004
-0.587766 0.340953
-0.578455 0.330151
-0.569206 0.319592
-0.560016 0.309272
-0.550886 0.299186
-0.541814 0.289330
-0.532799 0.279698
-0.523839 0.270288
-0.514934 0.261095
-0.506083 0.252115
-0.497285 0.243345
-0.488539 0.234780
-0.479844 0.226417
-0.471199 0.218252
-0.462603 0.210283
-0.454056 0.202506
-0.445556 0.194917
-0.437103 0.187513
-0.428696 0.180292
-0.420335 0.173251
-0.412018 0.166386
-0.403745 0.159695
-0.395515 0.153175
-0.387328 0.146824
-0.379182 0.140639
-0.371078 0.134616
-0.363015 0.128755
-0.354991 0.123053
-0.347007 0.117506
-0.339062 0.112114
-0.331155 0.106873
-0.323286 0.101782
-0.315454 0.096838
-0.307658 0.092039
-0.299899 0.087384
-0.292176 0.082870
-0.284487 0.078495
-0.276834 0.074258
-0.269214 0.070157
-0.261629 0.066189
-0.254077 0.062354
-0.246557 0.058649
-0.239071 0.055072
-0.231616 0.051623
-0.224193 0.048299
-0.216801 0.045099
-0.209440 0.042021
-0.202109 0.039064
-0.194809 0.036226
-0.187538 0.033506
-0.180297 0.030902
-0.173085 0.028413
-0.165901 0.026065
-0.158746 0.023801
-0.151619 0.021649
-0.144519 0.019606
-0.137447 0.017672
-0.130402 0.015844
-0.123384 0.014123
-0.116392 0.012507
-0.109426 0.010994
-0.102486 0.009583
-0.095571 0.008274
-0.088682 0.007065
-0.081818 0.005955
-0.074979 0.004943
-0.068164 0.004028
-0.061373 0.003209
-0.054606 0.002485
-0.047863 0.001854
-0.041144 0.001317
-0.034447 0.000872
-0.027774 0.000518
-0.021123 0.000254
-0.014495 0.000079
-0.007889 -0.000008
-0.004594 0.000000
-0.001300 -0.000007
0.005306 0.000081
0.011935 0.000258
0.018585 0.000524
0.025259 0.000880
0.031955 0.001327
0.038675 0.001866
0.045418 0.002498
0.052185 0.003224
0.058975 0.004045
0.065790 0.004962
0.072630 0.005976
0.079494 0.007087
0.086383 0.008298
0.093297 0.009610
0.100237 0.011022
0.107203 0.012537
0.114195 0.014155
0.121214 0.015879
0.128259 0.017708
0.135331 0.019644
0.142430 0.021689
0.149558 0.023843
0.156713 0.026109
0.163896 0.028486
0.171109 0.030977
0.178350 0.033584
0.185621 0.036306
0.192921 0.039147
0.200252 0.042107
0.207613 0.045166
0.215004 0.048369
0.222427 0.051695
0.229882 0.055147
0.237369 0.058726
0.244888 0.062434
0.252441 0.066272
0.260026 0.070242
0.267645 0.074346
0.275299 0.078585
0.282987 0.082962
0.290711 0.087479
0.298470 0.092137
0.306265 0.096938
0.314097 0.101885
0.321966 0.106979
0.329873 0.112222
0.337819 0.117617
0.345803 0.123166
0.353826 0.128872
0.361890 0.134736
0.369994 0.140760
0.378139 0.146949
0.386327 0.153303
0.394557 0.159826
0.402830 0.166519
0.411147 0.173387
0.419508 0.180431
0.427915 0.187655
0.436368 0.195062
0.444868 0.202654
0.453415 0.210434
0.462011 0.218407
0.470656 0.226574
0.479351 0.234940
0.488097 0.243508
0.496895 0.252282
0.505746 0.261265
0.514651 0.270462
0.523610 0.279875
0.532626 0.289509
0.541698 0.299369
0.550828 0.309459
0.560017 0.319782
0.569267 0.330344
0.578578 0.341150
0.587952 0.352204
0.597389 0.363512
0.606892 0.375078
0.616462 0.386908
0.626100 0.399008
0.635807 0.411384
0.645586 0.424042
0.655437 0.436987
0.665363 0.450227
0.675364 0.463769
0.685444 0.477618
0.695603 0.491784
0.705844 0.506272
0.716168 0.521092
0.726578 0.536251
0.737076 0.551758
0.747664 0.567621
0.758344 0.583852
0.769120 0.600458
0.779993 0.617450
0.790966 0.634840
0.802042 0.652637
0.813225 0.670854
0.824516 0.689504
0.835920 0.708598
0.847439 0.728152
0.859078 0.748177
0.870840 0.768691
0.882729 0.789608
0.894750 0.811144
0.906906 0.833218
0.919203 0.855848
0.931646 0.879055
0.944239 0.902860
0.956989 0.927284
0.969901 0.952351
0.982982 0.978087
0.996239 1.004518
1.009678 1.031674
1.023308 1.059585
1.037138 1.088284
1.051175 1.117807
1.065430 1.148192
1.079913 1.179481
1.094635 1.211718
1.109609 1.244952
1.124848 1.279236
1.140368 1.314628
1.156182 1.351190
1.172310 1.388994
1.188770 1.428115
1.205585 1.468638
1.222778 1.510659
1.240375 1.554282
1.258407 1.599627
1.276908 1.646829
1.295915 1.696038
1.315474 1.747384
1.335636 1.801161
1.356458 1.857558
1.378013 1.916851
1.400381 1.979370
1.423663 2.045509
1.447982 2.115752
1.473489 2.190701
1.500378 2.271123
1.528901 2.358017
1.559398 2.452729
1.592345 2.557148
1.628452 2.674078
1.668849 2.808000
1.715567 2.966959
1.773043 3.168524
1.856523 3.473080
