-1.850887 3.487891
-1.768067 3.181926
-1.711046 2.979406
-1.664697 2.819701
-1.624619 2.685155
-1.588798 2.567684
-1.556111 2.462785
-1.525855 2.367641
-1.497558 2.280352
-1.470882 2.199566
-1.445576 2.124280
-1.421450 2.053722
-1.398352 1.987289
-1.376160 1.924493
-1.354777 1.864937
-1.334118 1.808292
-1.314116 1.754279
-1.294712 1.702663
-1.275855 1.653240
-1.257500 1.605836
-1.239611 1.560296
-1.222153 1.516486
-1.205096 1.474287
-1.188415 1.433591
-1.172084 1.394305
-1.156084 1.356342
-1.140394 1.319625
-1.124998 1.284085
-1.109879 1.249658
-1.095024 1.216286
-1.080418 1.183915
-1.066049 1.152497
-1.051907 1.121987
-1.037981 1.092342
-1.024261 1.063526
-1.010739 1.035501
-0.997405 1.008234
-0.984253 0.981695
-0.971276 0.955855
-0.958466 0.930686
-0.945817 0.906164
-0.933323 0.882264
-0.920979 0.858965
-0.908779 0.836244
-0.896719 0.814082
-0.884793 0.792461
-0.872998 0.771362
-0.861329 0.750769
-0.849782 0.730666
-0.838354 0.711039
-0.827040 0.691871
-0.815838 0.673151
-0.804745 0.654924
-0.793756 0.637058
-0.782869 0.619601
-0.772083 0.602543
-0.761392 0.585874
-0.750796 0.569581
-0.740292 0.553657
-0.729877 0.538091
-0.719549 0.522875
-0.709307 0.507999
-0.699147 0.493456
-0.689068 0.479238
-0.679068 0.465337
-0.669146 0.451745
-0.659298 0.438456
-0.649525 0.425462
-0.639824 0.412758
-0.630193 0.400336
-0.620632 0.388192
-0.611138 0.376318
-0.601710 0.364710
-0.592347 0.353361
-0.583047 0.342267
-0.573810 0.331422
-0.564633 0.320822
-0.555517 0.310461
-0.546459 0.300336
-0.537458 0.290441
-0.528514 0.280811
-0.519626 0.271364
-0.510791 0.262135
-0.502010 0.253120
-0.493282 0.244315
-0.484605 0.235717
-0.475978 0.227321
-0.467402 0.219125
-0.458874 0.211125
-0.450394 0.203317
-0.441962 0.195699
-0.433576 0.188267
-0.425235 0.181018
-0.416940 0.173950
-0.408689 0.167059
-0.400481 0.160342
-0.392316 0.153797
-0.384194 0.147422
-0.376113 0.141213
-0.368073 0.135168
-0.360073 0.129284
-0.352113 0.123560
-0.344192 0.117992
-0.336309 0.112579
-0.328465 0.107319
-0.320658 0.102208
-0.312888 0.097245
-0.305154 0.092428
-0.297456 0.087755
-0.289794 0.083224
-0.282166 0.078833
-0.274573 0.074580
-0.267014 0.070463
-0.259489 0.066480
-0.251996 0.062630
-0.244536 0.058910
-0.237109 0.055320
-0.229713 0.051858
-0.222349 0.048521
-0.215015 0.045308
-0.207713 0.042218
-0.200440 0.039249
-0.193197 0.036400
-0.185984 0.033670
-0.178800 0.031056
-0.171645 0.028557
-0.164518 0.026172
-0.157419 0.023901
-0.150349 0.021740
-0.143305 0.019689
-0.136289 0.017748
-0.129300 0.015913
-0.122337 0.014186
-0.115400 0.012563
-0.108489 0.011044
-0.101604 0.009628
-0.094744 0.008313
-0.087910 0.007099
-0.081100 0.005985
-0.074314 0.004969
-0.067553 0.004050
-0.060816 0.003227
-0.054103 0.002500
-0.047413 0.001866
-0.040747 0.001327
-0.034103 0.000879
-0.027483 0.000523
-0.020885 0.000257
-0.014309 0.000080
-0.007755 -0.000007
-0.004487 0.000000
-0.001218 -0.000007
0.005336 0.000080
0.011911 0.000256
0.018510 0.000522
0.025130 0.000878
0.031774 0.001326
0.038440 0.001866
0.045130 0.002499
0.051843 0.003226
0.058580 0.004048
0.065341 0.004967
0.072127 0.005983
0.078936 0.007097
0.085771 0.008311
0.092631 0.009625
0.099516 0.011041
0.106427 0.012560
0.113363 0.014182
0.120326 0.015910
0.127316 0.017744
0.134332 0.019685
0.141375 0.021736
0.148446 0.023896
0.155545 0.026167
0.162672 0.028551
0.169827 0.031050
0.177011 0.033663
0.184224 0.036352
0.191467 0.039199
0.198739 0.042165
0.206042 0.045253
0.213375 0.048463
0.220740 0.051798
0.228136 0.055258
0.235563 0.058846
0.243023 0.062562
0.250516 0.066410
0.258041 0.070390
0.265600 0.074504
0.273193 0.078754
0.280821 0.083143
0.288483 0.087671
0.296181 0.092340
0.303915 0.097154
0.311685 0.102113
0.319492 0.107220
0.327336 0.112477
0.335219 0.117886
0.343140 0.123449
0.351100 0.129169
0.359099 0.135048
0.367140 0.141089
0.375221 0.147293
0.383343 0.153663
0.391508 0.160203
0.399715 0.166914
0.407967 0.173800
0.416262 0.180862
0.424602 0.188105
0.432988 0.195531
0.441421 0.203143
0.449901 0.210943
0.458429 0.218937
0.467005 0.227126
0.475632 0.235514
0.484309 0.244104
0.493037 0.252901
0.501818 0.261908
0.510652 0.271128
0.519541 0.280566
0.528485 0.290226
0.537486 0.300111
0.546544 0.310227
0.555660 0.320578
0.564837 0.331168
0.574074 0.342002
0.583374 0.353085
0.592737 0.364423
0.602164 0.376019
0.611659 0.387881
0.621220 0.400014
0.630851 0.412422
0.640552 0.425113
0.650325 0.438093
0.660172 0.451368
0.670095 0.464945
0.680095 0.478831
0.690174 0.493033
0.700333 0.507560
0.710576 0.522419
0.720904 0.537618
0.731319 0.553166
0.741823 0.569071
0.752419 0.585344
0.763109 0.601994
0.773896 0.619032
0.784783 0.636467
0.795771 0.654312
0.806865 0.672577
0.818067 0.691276
0.829381 0.710330
0.840809 0.729932
0.852356 0.750008
0.864025 0.770573
0.875820 0.791644
0.887746 0.813235
0.899806 0.835366
0.912006 0.858056
0.924350 0.881323
0.936844 0.905188
0.949493 0.929675
0.962303 0.954807
0.975280 0.980609
0.988432 1.007108
1.001765 1.034333
1.015288 1.062316
1.029008 1.091088
1.042934 1.120686
1.057076 1.151148
1.071444 1.182515
1.086051 1.214833
1.100906 1.248151
1.116025 1.282521
1.131421 1.318001
1.147111 1.354654
1.163111 1.392552
1.179441 1.431769
1.196123 1.472393
1.213180 1.514517
1.230638 1.558247
1.248527 1.603703
1.266881 1.651019
1.285739 1.700348
1.305143 1.751865
1.325145 1.805773
1.345803 1.862306
1.367187 1.921743
1.389378 1.984411
1.412477 2.050707
1.436603 2.121117
1.461909 2.196243
1.488585 2.276854
1.516882 2.363950
1.547138 2.458881
1.579825 2.563541
1.615646 2.680737
1.655723 2.814961
1.702072 2.974276
1.759094 3.176285
1.841913 3.481501
