-1.875306 3.529218
-1.791287 3.219688
-1.733441 3.014834
-1.686421 2.853282
-1.645763 2.717177
-1.609424 2.598343
-1.576263 2.492223
-1.545570 2.395970
-1.516863 2.307662
-1.489800 2.225933
-1.464129 2.149765
-1.439653 2.078380
-1.416220 2.011167
-1.393708 1.947633
-1.372015 1.887377
-1.351057 1.830064
-1.330766 1.775415
-1.311081 1.723189
-1.291950 1.673183
-1.273330 1.625218
-1.255182 1.579139
-1.237471 1.534810
-1.220168 1.492110
-1.203245 1.450932
-1.186678 1.411179
-1.170446 1.372765
-1.154529 1.335611
-1.138910 1.299672
-1.123573 1.264834
-1.108502 1.231063
-1.093684 1.198305
-1.079108 1.166511
-1.064761 1.135636
-1.050633 1.105636
-1.036715 1.076474
-1.022997 1.048113
-1.009470 1.020519
-0.996128 0.993661
-0.982963 0.967511
-0.969967 0.942039
-0.957135 0.917222
-0.944461 0.893034
-0.931938 0.869454
-0.919561 0.846459
-0.907327 0.824030
-0.895228 0.802148
-0.883263 0.780794
-0.871425 0.759953
-0.859711 0.739607
-0.848117 0.719742
-0.836640 0.700343
-0.825275 0.681396
-0.814021 0.662888
-0.802873 0.644807
-0.791829 0.627140
-0.780886 0.609877
-0.770041 0.593007
-0.759292 0.576519
-0.748635 0.560403
-0.738070 0.544649
-0.727593 0.529249
-0.717202 0.514195
-0.706895 0.499476
-0.696670 0.485086
-0.686525 0.471017
-0.676459 0.457261
-0.666470 0.443812
-0.656555 0.430661
-0.646713 0.417803
-0.636943 0.405232
-0.627243 0.392940
-0.617612 0.380923
-0.608047 0.369174
-0.598549 0.357688
-0.589115 0.346460
-0.579744 0.335484
-0.570434 0.324755
-0.561186 0.314269
-0.551997 0.304021
-0.542866 0.294006
-0.533792 0.284220
-0.524775 0.274659
-0.515813 0.265318
-0.506905 0.256194
-0.498050 0.247283
-0.489247 0.238580
-0.480496 0.230083
-0.471795 0.221788
-0.463144 0.213691
-0.454542 0.205788
-0.445987 0.198078
-0.437479 0.190556
-0.429018 0.183219
-0.420603 0.176065
-0.412232 0.169090
-0.403906 0.162292
-0.395623 0.155668
-0.387383 0.149215
-0.379185 0.142930
-0.371028 0.136812
-0.362913 0.130857
-0.354838 0.125063
-0.346802 0.119427
-0.338805 0.113949
-0.330847 0.108624
-0.322927 0.103451
-0.315045 0.098428
-0.307199 0.093552
-0.299390 0.088822
-0.291617 0.084236
-0.283879 0.079791
-0.276176 0.075486
-0.268507 0.071319
-0.260873 0.067288
-0.253272 0.063391
-0.245704 0.059626
-0.238169 0.055992
-0.230666 0.052488
-0.223195 0.049110
-0.215756 0.045859
-0.208347 0.042731
-0.200969 0.039726
-0.193622 0.036843
-0.186304 0.034079
-0.179016 0.031433
-0.171757 0.028904
-0.164528 0.026490
-0.157326 0.024191
-0.150153 0.022004
-0.143008 0.019929
-0.135890 0.017963
-0.128799 0.016107
-0.121735 0.014358
-0.114698 0.012716
-0.107688 0.011178
-0.100703 0.009745
-0.093744 0.008414
-0.086810 0.007186
-0.079902 0.006058
-0.073018 0.005029
-0.066159 0.004099
-0.059325 0.003267
-0.052514 0.002530
-0.045728 0.001889
-0.038965 0.001343
-0.032225 0.000890
-0.025509 0.000529
-0.018815 0.000260
-0.012144 0.000082
-0.005496 -0.000007
-0.002180 0.000000
0.001136 -0.000007
0.007785 0.000081
0.014456 0.000260
0.021149 0.000529
0.027866 0.000889
0.034606 0.001342
0.041368 0.001888
0.048155 0.002529
0.054966 0.003265
0.061800 0.004097
0.068659 0.005027
0.075542 0.006056
0.082451 0.007184
0.089385 0.008412
0.096344 0.009742
0.103328 0.011175
0.110339 0.012712
0.117376 0.014355
0.124440 0.016103
0.131531 0.017960
0.138648 0.019925
0.145794 0.022000
0.152967 0.024187
0.160168 0.026486
0.167398 0.028899
0.174657 0.031428
0.181945 0.034073
0.189263 0.036837
0.196610 0.039720
0.203988 0.042725
0.211396 0.045852
0.218836 0.049103
0.226307 0.052480
0.233810 0.055985
0.241345 0.059619
0.248913 0.063383
0.256514 0.067279
0.264148 0.071310
0.271817 0.075477
0.279520 0.079782
0.287257 0.084226
0.295031 0.088812
0.302840 0.093541
0.310686 0.098416
0.318568 0.103439
0.326488 0.108611
0.334446 0.113935
0.342443 0.119414
0.350478 0.125048
0.358554 0.130841
0.366669 0.136796
0.374826 0.142913
0.383024 0.149197
0.391264 0.155649
0.399547 0.162273
0.407873 0.169070
0.416244 0.176044
0.424659 0.183197
0.433120 0.190533
0.441628 0.198054
0.450182 0.205763
0.458785 0.213664
0.467436 0.221760
0.476137 0.230054
0.484888 0.238550
0.493691 0.247251
0.502546 0.256161
0.511454 0.265283
0.520416 0.274622
0.529433 0.284182
0.538507 0.293966
0.547637 0.303979
0.556826 0.314225
0.566075 0.324709
0.575384 0.335436
0.584755 0.346409
0.594190 0.357635
0.603688 0.369119
0.613253 0.380865
0.622884 0.392880
0.632584 0.405169
0.642354 0.417738
0.652196 0.430593
0.662110 0.443740
0.672100 0.457187
0.682166 0.470940
0.692311 0.485005
0.702536 0.499392
0.712842 0.514107
0.723233 0.529158
0.733711 0.544554
0.744276 0.560304
0.754933 0.576416
0.765682 0.592900
0.776527 0.609766
0.787470 0.627025
0.798514 0.644686
0.809662 0.662763
0.820916 0.681266
0.832280 0.700208
0.843758 0.719602
0.855351 0.739461
0.867065 0.759801
0.878903 0.780637
0.890869 0.801985
0.902967 0.823861
0.915202 0.846283
0.927579 0.869271
0.940101 0.892845
0.952776 0.917026
0.965608 0.941836
0.978604 0.967299
0.991769 0.993442
1.005111 1.020291
1.018638 1.047876
1.032356 1.076229
1.046274 1.105382
1.060402 1.135372
1.074749 1.166237
1.089325 1.198021
1.104143 1.230767
1.119213 1.264527
1.134551 1.299353
1.150170 1.335304
1.166087 1.372445
1.182319 1.410847
1.198885 1.450587
1.215808 1.491751
1.233112 1.534436
1.250823 1.578750
1.268971 1.624812
1.287591 1.672760
1.306722 1.722748
1.326407 1.774903
1.346698 1.829532
1.367655 1.886821
1.389349 1.947053
1.411861 2.010561
1.435294 2.077747
1.459769 2.149101
1.485441 2.225237
1.512504 2.306932
1.541210 2.395200
1.571904 2.491410
1.605064 2.597482
1.641404 2.716261
1.682061 2.852301
1.729081 3.013773
1.786928 3.218525
1.870946 3.527894
