-1.864229 3.467812
-1.780804 3.163870
-1.723366 2.962708
-1.676678 2.804063
-1.636307 2.670404
-1.600224 2.553702
-1.567298 2.449485
-1.536821 2.354956
-1.508317 2.268229
-1.481446 2.187959
-1.455956 2.113152
-1.431653 2.043041
-1.408385 1.977026
-1.386032 1.914623
-1.364492 1.855440
-1.343682 1.799146
-1.323534 1.745467
-1.303988 1.694169
-1.284993 1.645049
-1.266504 1.597934
-1.248484 1.552671
-1.230898 1.509126
-1.213717 1.467181
-1.196913 1.426729
-1.180464 1.387678
-1.164346 1.349941
-1.148542 1.313442
-1.133033 1.278112
-1.117804 1.243887
-1.102839 1.210710
-1.088127 1.178528
-1.073653 1.147292
-1.059408 1.116958
-1.045380 1.087484
-1.031559 1.058833
-1.017938 1.030968
-1.004507 1.003856
-0.991259 0.977467
-0.978187 0.951773
-0.965283 0.926745
-0.952542 0.902359
-0.939956 0.878592
-0.927522 0.855420
-0.915233 0.832824
-0.903085 0.810782
-0.891072 0.789277
-0.879191 0.768291
-0.867436 0.747808
-0.855805 0.727811
-0.844293 0.708285
-0.832897 0.689217
-0.821613 0.670592
-0.810438 0.652398
-0.799369 0.634623
-0.788403 0.617255
-0.777537 0.600283
-0.766769 0.583696
-0.756095 0.567483
-0.745514 0.551636
-0.735023 0.536146
-0.724620 0.521002
-0.714302 0.506196
-0.704068 0.491721
-0.693915 0.477568
-0.683843 0.463730
-0.673847 0.450199
-0.663928 0.436969
-0.654084 0.424033
-0.644311 0.411384
-0.634610 0.399016
-0.624979 0.386923
-0.615415 0.375099
-0.605919 0.363539
-0.596487 0.352237
-0.587120 0.341188
-0.577815 0.330387
-0.568571 0.319829
-0.559388 0.309508
-0.550264 0.299422
-0.541197 0.289565
-0.532188 0.279933
-0.523234 0.270521
-0.514335 0.261327
-0.505490 0.252345
-0.496698 0.243572
-0.487957 0.235004
-0.479268 0.226638
-0.470629 0.218471
-0.462038 0.210498
-0.453497 0.202717
-0.445002 0.195125
-0.436555 0.187717
-0.428154 0.180492
-0.419798 0.173447
-0.411486 0.166578
-0.403219 0.159883
-0.394994 0.153358
-0.386812 0.147002
-0.378672 0.140812
-0.370573 0.134786
-0.362515 0.128920
-0.354497 0.123233
-0.346518 0.117682
-0.338578 0.112284
-0.330676 0.107038
-0.322812 0.101942
-0.314985 0.096993
-0.307195 0.092190
-0.299441 0.087529
-0.291722 0.083011
-0.284039 0.078631
-0.276390 0.074389
-0.268776 0.070283
-0.261195 0.066311
-0.253648 0.062470
-0.246134 0.058761
-0.238652 0.055180
-0.231202 0.051726
-0.223784 0.048397
-0.216397 0.045193
-0.209041 0.042111
-0.201715 0.039149
-0.194419 0.036307
-0.187153 0.033583
-0.179917 0.030976
-0.172709 0.028483
-0.165530 0.026105
-0.158380 0.023838
-0.151257 0.021683
-0.144162 0.019638
-0.137095 0.017701
-0.130054 0.015871
-0.123040 0.014147
-0.116053 0.012528
-0.109092 0.011013
-0.102156 0.009601
-0.095246 0.008289
-0.088362 0.007078
-0.081502 0.005967
-0.074667 0.004953
-0.067857 0.004037
-0.061070 0.003216
-0.054308 0.002491
-0.047569 0.001859
-0.040854 0.001321
-0.034162 0.000875
-0.027493 0.000520
-0.020847 0.000255
-0.014223 0.000080
-0.007621 -0.000008
-0.004329 0.000000
-0.001036 -0.000007
0.005565 0.000081
0.012189 0.000257
0.018836 0.000523
0.025505 0.000879
0.032197 0.001326
0.038912 0.001865
0.045651 0.002497
0.052413 0.003223
0.059199 0.004045
0.066010 0.004962
0.072845 0.005977
0.079704 0.007089
0.086589 0.008301
0.093499 0.009613
0.100434 0.011027
0.107396 0.012543
0.114383 0.014162
0.121397 0.015887
0.128437 0.017718
0.135505 0.019656
0.142600 0.021702
0.149722 0.023859
0.156873 0.026126
0.164052 0.028506
0.171259 0.030999
0.178496 0.033608
0.185762 0.036333
0.193057 0.039176
0.200383 0.042139
0.207739 0.045222
0.215126 0.048428
0.222545 0.051757
0.229994 0.055213
0.237476 0.058795
0.244991 0.062506
0.252538 0.066347
0.260119 0.070321
0.267733 0.074429
0.275382 0.078672
0.283065 0.083053
0.290783 0.087573
0.298537 0.092235
0.306328 0.097018
0.314154 0.101968
0.322019 0.107066
0.329920 0.112313
0.337860 0.117712
0.345839 0.123265
0.353858 0.128974
0.361916 0.134841
0.370015 0.140870
0.378155 0.147061
0.386337 0.153419
0.394561 0.159945
0.402829 0.166642
0.411140 0.173513
0.419496 0.180560
0.427898 0.187787
0.436345 0.195196
0.444839 0.202791
0.453381 0.210574
0.461971 0.218549
0.470611 0.226718
0.479300 0.235086
0.488041 0.243656
0.496833 0.252431
0.505678 0.261415
0.514577 0.270612
0.523531 0.280026
0.532540 0.289661
0.541606 0.299520
0.550730 0.309609
0.559914 0.319932
0.569157 0.330493
0.578462 0.341296
0.587830 0.352348
0.597261 0.363653
0.606758 0.375216
0.616322 0.387043
0.625953 0.399138
0.635654 0.411509
0.645426 0.424161
0.655271 0.437101
0.665190 0.450334
0.675185 0.463867
0.685258 0.477709
0.695411 0.491865
0.705645 0.506343
0.715962 0.521152
0.726366 0.536300
0.736857 0.551794
0.747438 0.567644
0.758111 0.583860
0.768880 0.600451
0.779746 0.617427
0.790712 0.634799
0.801781 0.652577
0.812956 0.670775
0.824239 0.689403
0.835636 0.708476
0.847148 0.728005
0.858779 0.748006
0.870533 0.768494
0.882415 0.789484
0.894427 0.810993
0.906576 0.833039
0.918865 0.855640
0.931299 0.878816
0.943884 0.902587
0.956626 0.926977
0.969530 0.952009
0.982602 0.977708
0.995850 1.004102
1.009281 1.031217
1.022902 1.059087
1.036722 1.087743
1.050750 1.117222
1.064996 1.147561
1.079469 1.178802
1.094182 1.210989
1.109147 1.244171
1.124376 1.278401
1.139885 1.313736
1.155689 1.350241
1.171806 1.387984
1.188256 1.427041
1.205060 1.467499
1.222241 1.509450
1.239827 1.553001
1.257847 1.598271
1.276335 1.645393
1.295331 1.694520
1.314877 1.745825
1.335025 1.799512
1.355834 1.855813
1.377374 1.915005
1.399728 1.977416
1.422995 2.043440
1.447298 2.113561
1.472789 2.188379
1.499660 2.268659
1.528164 2.355397
1.558641 2.449939
1.591567 2.554170
1.627650 2.670886
1.668020 2.804562
1.714708 2.963227
1.772147 3.164415
1.855572 3.468394
