-1.860173 3.481419
-1.776688 3.176097
-1.719209 2.974025
-1.672488 2.814667
-1.632089 2.680409
-1.595980 2.563187
-1.563031 2.458507
-1.532532 2.363559
-1.504008 2.276448
-1.477118 2.195826
-1.451609 2.120689
-1.427289 2.050272
-1.404005 1.983969
-1.381636 1.921295
-1.360080 1.861855
-1.339256 1.805318
-1.319094 1.751459
-1.299534 1.699939
-1.280525 1.650608
-1.262023 1.603291
-1.243990 1.557834
-1.226392 1.514104
-1.209198 1.471980
-1.192383 1.431357
-1.175921 1.392141
-1.159793 1.354245
-1.143977 1.317593
-1.128457 1.282115
-1.113217 1.247748
-1.098242 1.214433
-1.083519 1.182117
-1.069035 1.150753
-1.054780 1.120294
-1.040742 1.090700
-1.026912 1.061931
-1.013281 1.033952
-0.999840 1.006731
-0.986583 0.980302
-0.973501 0.954502
-0.960588 0.929372
-0.947838 0.904888
-0.935244 0.881024
-0.922800 0.857760
-0.910503 0.835074
-0.898346 0.812945
-0.886324 0.791357
-0.874435 0.770290
-0.862672 0.749728
-0.851032 0.729655
-0.839512 0.710056
-0.828108 0.690917
-0.816816 0.672225
-0.805633 0.653965
-0.794556 0.636127
-0.783582 0.618697
-0.772709 0.601666
-0.761933 0.585022
-0.751252 0.568755
-0.740663 0.552855
-0.730165 0.537313
-0.719754 0.522120
-0.709429 0.507268
-0.699188 0.492747
-0.689028 0.478550
-0.678948 0.464670
-0.668946 0.451099
-0.659019 0.437830
-0.649168 0.424890
-0.639389 0.412204
-0.629681 0.399801
-0.620042 0.387674
-0.610472 0.375818
-0.600969 0.364227
-0.591530 0.352895
-0.582156 0.341817
-0.572845 0.330988
-0.563594 0.320403
-0.554405 0.310058
-0.545274 0.299947
-0.536201 0.290067
-0.527185 0.280412
-0.518225 0.270979
-0.509320 0.261764
-0.500469 0.252762
-0.491670 0.243970
-0.482924 0.235385
-0.474228 0.227002
-0.465582 0.218817
-0.456986 0.210829
-0.448438 0.203033
-0.439938 0.195426
-0.431485 0.188004
-0.423077 0.180766
-0.414715 0.173708
-0.406398 0.166827
-0.398124 0.160120
-0.389894 0.153585
-0.381706 0.147218
-0.373561 0.141018
-0.365456 0.134982
-0.357392 0.129107
-0.349368 0.123390
-0.341383 0.117831
-0.333438 0.112426
-0.325530 0.107172
-0.317661 0.102069
-0.309828 0.097113
-0.302032 0.092303
-0.294273 0.087637
-0.286549 0.083112
-0.278860 0.078727
-0.271206 0.074480
-0.263586 0.070368
-0.256000 0.066391
-0.248448 0.062547
-0.240928 0.058833
-0.233441 0.055247
-0.225986 0.051790
-0.218562 0.048457
-0.211170 0.045249
-0.203809 0.042164
-0.196478 0.039199
-0.189177 0.036354
-0.181906 0.033627
-0.174664 0.031017
-0.167451 0.028522
-0.160268 0.026140
-0.153112 0.023872
-0.145984 0.021714
-0.138884 0.019666
-0.131812 0.017727
-0.124766 0.015895
-0.117747 0.014170
-0.110755 0.012549
-0.103789 0.011032
-0.096848 0.009617
-0.089934 0.008305
-0.083044 0.007092
-0.076179 0.005979
-0.069340 0.004964
-0.062524 0.004046
-0.055733 0.003224
-0.048966 0.002497
-0.042223 0.001865
-0.035503 0.001326
-0.028806 0.000878
-0.022132 0.000522
-0.015481 0.000257
-0.008852 0.000080
-0.002246 -0.000007
0.001049 0.000000
0.004344 -0.000007
0.010950 0.000080
0.017578 0.000256
0.024229 0.000521
0.030903 0.000877
0.037600 0.001324
0.044320 0.001863
0.051063 0.002496
0.057831 0.003222
0.064622 0.004044
0.071437 0.004961
0.078277 0.005976
0.085141 0.007090
0.092031 0.008302
0.098946 0.009615
0.105886 0.011029
0.112852 0.012546
0.119845 0.014167
0.126863 0.015893
0.133909 0.017697
0.140982 0.019636
0.148082 0.021683
0.155209 0.023840
0.162365 0.026108
0.169549 0.028488
0.176761 0.030983
0.184003 0.033593
0.191274 0.036319
0.198575 0.039163
0.205906 0.042127
0.213267 0.045212
0.220660 0.048420
0.228083 0.051751
0.235538 0.055208
0.243025 0.058793
0.250545 0.062507
0.258098 0.066351
0.265684 0.070327
0.273304 0.074438
0.280957 0.078684
0.288646 0.083069
0.296370 0.087593
0.304130 0.092259
0.311925 0.097068
0.319758 0.102023
0.327628 0.107126
0.335535 0.112379
0.343481 0.117784
0.351465 0.123342
0.359489 0.129058
0.367553 0.134932
0.375658 0.140968
0.383804 0.147168
0.391991 0.153533
0.400222 0.160068
0.408495 0.166774
0.416813 0.173654
0.425175 0.180712
0.433582 0.187949
0.442035 0.195370
0.450536 0.202976
0.459083 0.210771
0.467680 0.218759
0.476325 0.226942
0.485021 0.235325
0.493767 0.243910
0.502566 0.252701
0.511417 0.261701
0.520323 0.270916
0.529283 0.280348
0.538299 0.290001
0.547371 0.299881
0.556502 0.309991
0.565692 0.320335
0.574942 0.330919
0.584253 0.341747
0.593628 0.352823
0.603066 0.364154
0.612569 0.375745
0.622140 0.387600
0.631778 0.399725
0.641486 0.412127
0.651265 0.424812
0.661117 0.437785
0.671043 0.451053
0.681045 0.464623
0.691125 0.478503
0.701285 0.492699
0.711526 0.507219
0.721851 0.522071
0.732262 0.537263
0.742760 0.552804
0.753349 0.568703
0.764030 0.584969
0.774806 0.601613
0.785680 0.618643
0.796654 0.636072
0.807730 0.653909
0.818913 0.672168
0.830205 0.690860
0.841610 0.709998
0.853130 0.729596
0.864769 0.749668
0.876532 0.770230
0.888422 0.791296
0.900443 0.812884
0.912600 0.835011
0.924898 0.857697
0.937341 0.880960
0.949935 0.904823
0.962685 0.929307
0.975598 0.954436
0.988680 0.980235
1.001938 1.006732
1.015378 1.033815
1.029009 1.061791
1.042839 1.090558
1.056877 1.120151
1.071133 1.150608
1.085616 1.181970
1.100340 1.214284
1.115315 1.247597
1.130555 1.281962
1.146074 1.317438
1.161890 1.354089
1.178019 1.391982
1.194480 1.431197
1.211296 1.471818
1.228489 1.513939
1.246088 1.557668
1.264121 1.603122
1.282622 1.650437
1.301631 1.699766
1.321191 1.751284
1.341354 1.805193
1.362177 1.861729
1.383733 1.921168
1.406102 1.983840
1.429386 2.050142
1.453706 2.120559
1.479215 2.195694
1.506105 2.276315
1.534630 2.363425
1.565128 2.458372
1.598078 2.563051
1.634186 2.680273
1.674585 2.814529
1.721306 2.973886
1.778785 3.175957
1.862270 3.481279
