-1.926742 3.533209
-1.845122 3.223222
-1.788926 3.018076
-1.743249 2.856301
-1.703752 2.720011
-1.668450 2.601018
-1.636236 2.494759
-1.606419 2.398382
-1.578531 2.309962
-1.552242 2.228056
-1.527303 2.151796
-1.503526 2.080327
-1.480762 2.013035
-1.458892 1.949428
-1.437818 1.889104
-1.417459 1.831726
-1.397747 1.777016
-1.378624 1.724733
-1.360039 1.674672
-1.341951 1.626656
-1.324321 1.580726
-1.307115 1.536344
-1.290306 1.493595
-1.273866 1.452369
-1.257772 1.412570
-1.242004 1.374113
-1.226541 1.336918
-1.211368 1.300915
-1.196468 1.266039
-1.181828 1.232231
-1.167433 1.199439
-1.153273 1.167611
-1.139336 1.136703
-1.125611 1.106673
-1.112090 1.077480
-1.098764 1.049090
-1.085624 1.021468
-1.072662 0.994584
-1.059873 0.968407
-1.047248 0.942910
-1.034782 0.918068
-1.022469 0.893857
-1.010304 0.870253
-0.998281 0.847236
-0.986395 0.824786
-0.974643 0.802883
-0.963018 0.781509
-0.951518 0.760648
-0.940139 0.740283
-0.928876 0.720400
-0.917726 0.700983
-0.906687 0.682018
-0.895754 0.663494
-0.884924 0.645396
-0.874195 0.627714
-0.863565 0.610436
-0.853029 0.593550
-0.842587 0.577047
-0.832235 0.560917
-0.821970 0.545150
-0.811792 0.529737
-0.801698 0.514669
-0.791685 0.499938
-0.781752 0.485535
-0.771898 0.471454
-0.762119 0.457686
-0.752414 0.444225
-0.742783 0.431064
-0.733222 0.418195
-0.723731 0.405613
-0.714308 0.393311
-0.704951 0.381284
-0.695660 0.369525
-0.686432 0.358029
-0.677267 0.346792
-0.668164 0.335806
-0.659120 0.325069
-0.650136 0.314574
-0.641209 0.304317
-0.632339 0.294294
-0.623524 0.284500
-0.614765 0.274931
-0.606058 0.265582
-0.597404 0.256451
-0.588802 0.247532
-0.580251 0.238822
-0.571750 0.230318
-0.563297 0.222015
-0.554893 0.213911
-0.546536 0.206002
-0.538226 0.198285
-0.529961 0.190756
-0.521742 0.183519
-0.513566 0.176355
-0.505435 0.169371
-0.497346 0.162563
-0.489299 0.155930
-0.481295 0.149468
-0.473331 0.143174
-0.465407 0.137047
-0.457523 0.131083
-0.449678 0.125281
-0.441872 0.119638
-0.434104 0.114151
-0.426373 0.108818
-0.418679 0.103638
-0.411022 0.098607
-0.403400 0.093725
-0.395814 0.088988
-0.388262 0.084394
-0.380745 0.079943
-0.373262 0.075631
-0.365813 0.071458
-0.358396 0.067420
-0.351012 0.063517
-0.343660 0.059746
-0.336340 0.056106
-0.329052 0.052596
-0.321794 0.049213
-0.314567 0.045955
-0.307370 0.042823
-0.300203 0.039855
-0.293065 0.036963
-0.285956 0.034192
-0.278876 0.031539
-0.271825 0.029003
-0.264801 0.026582
-0.257805 0.024276
-0.250837 0.022083
-0.243895 0.020001
-0.236981 0.018030
-0.230093 0.016168
-0.223230 0.014413
-0.216394 0.012765
-0.209584 0.011223
-0.202798 0.009785
-0.196038 0.008449
-0.189302 0.007216
-0.182591 0.006083
-0.175904 0.005050
-0.169241 0.004116
-0.162601 0.003279
-0.155985 0.002557
-0.149393 0.001907
-0.142823 0.001352
-0.136275 0.000893
-0.129751 0.000528
-0.123248 0.000259
-0.116768 0.000082
-0.110309 -0.000007
-0.107088 0.000000
-0.103866 -0.000008
-0.097408 0.000079
-0.090927 0.000256
-0.084425 0.000523
-0.077900 0.000883
-0.071353 0.001336
-0.064783 0.001883
-0.058190 0.002524
-0.051574 0.003262
-0.044934 0.004097
-0.038271 0.005030
-0.031584 0.006022
-0.024873 0.007149
-0.018137 0.008377
-0.011377 0.009706
-0.004592 0.011139
0.002219 0.012675
0.009055 0.014317
0.015917 0.016066
0.022806 0.017922
0.029720 0.019887
0.036662 0.021962
0.043630 0.024149
0.050626 0.026449
0.057649 0.028863
0.064701 0.031392
0.071781 0.034039
0.078890 0.036761
0.086027 0.039643
0.093194 0.042646
0.100391 0.045771
0.107619 0.049021
0.114876 0.052397
0.122165 0.055900
0.129485 0.059532
0.136837 0.063295
0.144221 0.067190
0.151637 0.071220
0.159087 0.075385
0.166570 0.079688
0.174087 0.084131
0.181638 0.088716
0.189225 0.093444
0.196846 0.098317
0.204504 0.103339
0.212198 0.108510
0.219929 0.113833
0.227697 0.119309
0.235503 0.124943
0.243348 0.130735
0.251232 0.136688
0.259155 0.142804
0.267119 0.149087
0.275124 0.155537
0.283171 0.162159
0.291259 0.168955
0.299391 0.175928
0.307566 0.183080
0.315786 0.190414
0.324050 0.197933
0.332361 0.205641
0.340718 0.213541
0.349122 0.221635
0.357574 0.229808
0.366076 0.238298
0.374627 0.246993
0.383229 0.255897
0.391883 0.265014
0.400589 0.274346
0.409349 0.283899
0.418164 0.293677
0.427034 0.303683
0.435961 0.313922
0.444945 0.324399
0.453989 0.335118
0.463092 0.346085
0.472257 0.357303
0.481485 0.368779
0.490776 0.380517
0.500132 0.392524
0.509555 0.404804
0.519047 0.417364
0.528607 0.430210
0.538239 0.443348
0.547944 0.456785
0.557722 0.470528
0.567577 0.484584
0.577510 0.498960
0.587523 0.513664
0.597617 0.528705
0.607795 0.544089
0.618059 0.559827
0.628411 0.575927
0.638854 0.592399
0.649389 0.609253
0.660020 0.626498
0.670749 0.644147
0.681578 0.662209
0.692511 0.680698
0.703551 0.699625
0.714701 0.719004
0.725964 0.738848
0.737343 0.759172
0.748843 0.779991
0.760468 0.801321
0.772220 0.823179
0.784106 0.845584
0.796129 0.868553
0.808294 0.892107
0.820607 0.916267
0.833073 0.941056
0.845697 0.966498
0.858487 0.992618
0.871448 1.019444
0.884588 1.047005
0.897915 1.075332
0.911436 1.104459
0.925161 1.134422
0.939098 1.165259
0.953258 1.197014
0.967653 1.229730
0.982293 1.263458
0.997193 1.298251
1.012366 1.334168
1.027828 1.371273
1.043597 1.409637
1.059691 1.449338
1.076131 1.490461
1.092940 1.533103
1.110146 1.577372
1.127776 1.623387
1.145864 1.671284
1.164448 1.721220
1.183572 1.773169
1.203284 1.827733
1.223643 1.884955
1.244717 1.945115
1.266587 2.008546
1.289351 2.075649
1.313128 2.146915
1.338066 2.222955
1.364356 2.304545
1.392243 2.392699
1.422061 2.488782
1.454275 2.594712
1.489577 2.713405
1.529074 2.849260
1.574751 3.010508
1.630947 3.214966
1.712567 3.523877
