-1.822819 3.492615
-1.741171 3.186085
-1.684957 2.983285
-1.639264 2.823319
-1.599754 2.688558
-1.564440 2.570902
-1.532215 2.465838
-1.502388 2.370547
-1.474491 2.283125
-1.448192 2.202217
-1.423245 2.126817
-1.399460 2.056155
-1.376689 1.989624
-1.354811 1.926736
-1.333730 1.867095
-1.313365 1.810368
-1.293646 1.756278
-1.274516 1.704589
-1.255926 1.655097
-1.237831 1.607627
-1.220195 1.562024
-1.202984 1.518154
-1.186169 1.475897
-1.169723 1.435147
-1.153624 1.395808
-1.137850 1.357794
-1.122382 1.321029
-1.107204 1.285443
-1.092299 1.250971
-1.077654 1.217555
-1.063255 1.185143
-1.049089 1.153684
-1.035148 1.123135
-1.021418 1.093453
-1.007893 1.064600
-0.994562 1.036588
-0.981417 1.009286
-0.968451 0.982713
-0.955658 0.956840
-0.943029 0.931640
-0.930559 0.907087
-0.918242 0.883157
-0.906072 0.859828
-0.894045 0.837079
-0.882156 0.814890
-0.870399 0.793243
-0.858771 0.772119
-0.847267 0.751501
-0.835883 0.731374
-0.824617 0.711723
-0.813463 0.692533
-0.802420 0.673791
-0.791483 0.655483
-0.780650 0.637597
-0.769918 0.620122
-0.759283 0.603047
-0.748744 0.586360
-0.738298 0.570051
-0.727943 0.554110
-0.717675 0.538528
-0.707494 0.523296
-0.697396 0.508406
-0.687380 0.493848
-0.677444 0.479616
-0.667585 0.465701
-0.657803 0.452096
-0.648096 0.438794
-0.638461 0.425788
-0.628897 0.413072
-0.619402 0.400638
-0.609976 0.388482
-0.600616 0.376598
-0.591322 0.364979
-0.582092 0.353620
-0.572924 0.342516
-0.563817 0.331661
-0.554770 0.321051
-0.545783 0.310682
-0.536853 0.300547
-0.527980 0.290644
-0.519162 0.280967
-0.510400 0.271512
-0.501690 0.262276
-0.493034 0.253285
-0.484429 0.244473
-0.475874 0.235867
-0.467370 0.227464
-0.458915 0.219261
-0.450508 0.211254
-0.442148 0.203440
-0.433835 0.195816
-0.425567 0.188378
-0.417345 0.181123
-0.409167 0.174049
-0.401033 0.167152
-0.392941 0.160431
-0.384892 0.153881
-0.376885 0.147500
-0.368918 0.141286
-0.360992 0.135237
-0.353105 0.129349
-0.345258 0.123621
-0.337449 0.118049
-0.329678 0.112632
-0.321945 0.107368
-0.314248 0.102253
-0.306588 0.097287
-0.298964 0.092467
-0.291375 0.087791
-0.283821 0.083257
-0.276301 0.078863
-0.268816 0.074607
-0.261364 0.070487
-0.253945 0.066502
-0.246558 0.062650
-0.239204 0.058928
-0.231881 0.055336
-0.224590 0.051871
-0.217330 0.048533
-0.210101 0.045318
-0.202901 0.042227
-0.195732 0.039257
-0.188591 0.036407
-0.181480 0.033675
-0.174398 0.031059
-0.167344 0.028560
-0.160318 0.026174
-0.153320 0.023901
-0.146349 0.021740
-0.139405 0.019689
-0.132488 0.017746
-0.125598 0.015912
-0.118734 0.014183
-0.111895 0.012560
-0.105082 0.011041
-0.098294 0.009625
-0.091532 0.008310
-0.084794 0.007096
-0.078080 0.005981
-0.071391 0.004965
-0.064726 0.004046
-0.058084 0.003224
-0.051466 0.002496
-0.044871 0.001864
-0.038299 0.001324
-0.031749 0.000877
-0.025222 0.000521
-0.018718 0.000255
-0.012235 0.000080
-0.005774 -0.000008
-0.002552 0.000000
0.000671 -0.000007
0.007132 0.000081
0.013614 0.000258
0.020119 0.000525
0.026646 0.000882
0.033196 0.001330
0.039768 0.001871
0.046363 0.002505
0.052981 0.003233
0.059623 0.004057
0.066288 0.004977
0.072977 0.005994
0.079691 0.007109
0.086429 0.008325
0.093191 0.009640
0.099979 0.011058
0.106792 0.012578
0.113630 0.014202
0.120495 0.015931
0.127385 0.017767
0.134302 0.019710
0.141246 0.021762
0.148217 0.023924
0.155215 0.026197
0.162241 0.028583
0.169295 0.031083
0.176377 0.033699
0.183488 0.036396
0.190628 0.039245
0.197798 0.042215
0.204997 0.045305
0.212227 0.048518
0.219487 0.051855
0.226778 0.055319
0.234101 0.058909
0.241455 0.062629
0.248841 0.066479
0.256261 0.070463
0.263713 0.074580
0.271198 0.078833
0.278718 0.083225
0.286272 0.087756
0.293861 0.092429
0.301485 0.097246
0.309145 0.102209
0.316841 0.107320
0.324575 0.112580
0.332346 0.117993
0.340155 0.123560
0.348002 0.129284
0.355889 0.135167
0.363815 0.141211
0.371781 0.147419
0.379789 0.153794
0.387838 0.160338
0.395930 0.167053
0.404064 0.173943
0.412242 0.181010
0.420464 0.188257
0.428732 0.195687
0.437045 0.203303
0.445405 0.211108
0.453812 0.219106
0.462267 0.227300
0.470771 0.235692
0.479326 0.244288
0.487931 0.253089
0.496587 0.262101
0.505296 0.271326
0.514059 0.280769
0.522877 0.290434
0.531750 0.300324
0.540680 0.310445
0.549667 0.320801
0.558714 0.331396
0.567820 0.342236
0.576988 0.353324
0.586219 0.364667
0.595513 0.376269
0.604873 0.388136
0.614299 0.400273
0.623794 0.412687
0.633358 0.425384
0.642993 0.438369
0.652700 0.451650
0.662482 0.465233
0.672341 0.479124
0.682277 0.493333
0.692293 0.507865
0.702391 0.522730
0.712572 0.537935
0.722840 0.553488
0.733195 0.569400
0.743641 0.585679
0.754180 0.602335
0.764815 0.619378
0.775547 0.636820
0.786380 0.654670
0.797317 0.672942
0.808360 0.691647
0.819514 0.710797
0.830780 0.730408
0.842164 0.750493
0.853668 0.771067
0.865296 0.792146
0.877053 0.813746
0.888942 0.835886
0.900969 0.858584
0.913139 0.881860
0.925456 0.905735
0.937926 0.930231
0.950554 0.955372
0.963348 0.981184
0.976314 1.007692
0.989459 1.034927
1.002790 1.062814
1.016315 1.091593
1.030044 1.121198
1.043986 1.151667
1.058151 1.183042
1.072551 1.215367
1.087196 1.248691
1.102101 1.283068
1.117279 1.318555
1.132747 1.355215
1.148521 1.393119
1.164620 1.432343
1.181065 1.472973
1.197881 1.515103
1.215092 1.558839
1.232728 1.604301
1.250822 1.651623
1.269413 1.700957
1.288543 1.752479
1.308262 1.806392
1.328627 1.862929
1.349708 1.922370
1.371586 1.985041
1.394357 2.051340
1.418142 2.121752
1.443089 2.196880
1.469388 2.277490
1.497285 2.364585
1.527112 2.459514
1.559337 2.564168
1.594651 2.681357
1.634161 2.815570
1.679854 2.974867
1.736068 3.176797
1.817716 3.481955
