-0.161554 3.988036
-0.135129 3.093745
-0.116936 2.490273
-0.102148 2.014524
-0.089360 1.619515
-0.077931 1.284502
-0.067502 0.998514
-0.057848 0.755161
-0.048820 0.550450
-0.040309 0.381664
-0.032235 0.246684
-0.024537 0.143669
-0.017167 0.070281
-0.010086 0.024074
-0.003264 0.002571
0.000059 0.000000
0.003383 0.002710
0.010205 0.023324
0.017286 0.065042
0.024656 0.127775
0.032353 0.211413
0.040427 0.316033
0.048939 0.441179
0.057967 0.587004
0.067621 0.754013
0.078050 0.943475
0.089479 1.158231
0.102267 1.403176
0.117055 1.688225
0.135248 2.035972
0.161673 2.527069
