-1.520782 2.986199
-1.272126 2.088120
-1.100927 1.562405
-0.961770 1.191068
-0.841443 0.910454
-0.733895 0.691378
-0.635756 0.517716
-0.544917 0.379548
-0.459958 0.269645
-0.379866 0.182799
-0.303890 0.115688
-0.231454 0.065891
-0.162104 0.031678
-0.095477 0.010827
-0.031275 0.001158
-0.000005 0.000000
0.031265 0.001128
0.095467 0.010107
0.162094 0.028651
0.231444 0.057462
0.303880 0.098230
0.379856 0.152699
0.459948 0.223167
0.544907 0.312821
0.635746 0.425391
0.733885 0.566452
0.841433 0.744296
0.961760 0.971979
1.100917 1.273398
1.272116 1.699922
1.520772 2.428821
