-1.853798 3.486916
-1.770102 3.181069
-1.712478 2.978652
-1.665638 2.819021
-1.625137 2.684535
-1.588937 2.567114
-1.555903 2.462256
-1.525328 2.367147
-1.496731 2.279890
-1.469773 2.199132
-1.444199 2.123869
-1.419818 2.053334
-1.396475 1.987030
-1.374049 1.924249
-1.352439 1.864707
-1.331562 1.808073
-1.311349 1.754071
-1.291739 1.702465
-1.272682 1.653051
-1.254133 1.605654
-1.236055 1.560122
-1.218412 1.516318
-1.201175 1.474125
-1.184317 1.433434
-1.167813 1.394153
-1.151644 1.356194
-1.135788 1.319481
-1.120229 1.283945
-1.104950 1.249521
-1.089938 1.216151
-1.075177 1.183783
-1.060656 1.152367
-1.046365 1.121859
-1.032291 1.092216
-1.018426 1.063401
-1.004761 1.035377
-0.991286 1.008111
-0.977995 0.981573
-0.964880 0.955734
-0.951935 0.930566
-0.939152 0.906044
-0.926526 0.882145
-0.914051 0.858846
-0.901722 0.836125
-0.889534 0.813964
-0.877483 0.792343
-0.865563 0.771245
-0.853770 0.750653
-0.842101 0.730551
-0.830552 0.710924
-0.819119 0.691758
-0.807798 0.673038
-0.796587 0.654753
-0.785482 0.636890
-0.774480 0.619436
-0.763579 0.602381
-0.752776 0.585714
-0.742068 0.569425
-0.731452 0.553504
-0.720927 0.537941
-0.710490 0.522728
-0.700139 0.507855
-0.689872 0.493315
-0.679686 0.479100
-0.669581 0.465202
-0.659553 0.451614
-0.649602 0.438328
-0.639725 0.425338
-0.629921 0.412637
-0.620189 0.400219
-0.610526 0.388078
-0.600932 0.376207
-0.591404 0.364602
-0.581942 0.353257
-0.572544 0.342167
-0.563209 0.331325
-0.553935 0.320728
-0.544722 0.310371
-0.535568 0.300249
-0.526473 0.290358
-0.517434 0.280692
-0.508451 0.271249
-0.499523 0.262024
-0.490650 0.253012
-0.481829 0.244211
-0.473060 0.235616
-0.464342 0.227224
-0.455675 0.219031
-0.447057 0.211034
-0.438487 0.203230
-0.429965 0.195615
-0.421491 0.188186
-0.413062 0.180941
-0.404679 0.173875
-0.396340 0.166987
-0.388046 0.160273
-0.379795 0.153731
-0.371586 0.147358
-0.363420 0.141152
-0.355295 0.135110
-0.347210 0.129229
-0.339166 0.123507
-0.331161 0.117942
-0.323195 0.112531
-0.315268 0.107273
-0.307378 0.102164
-0.299526 0.097204
-0.291710 0.092389
-0.283931 0.087742
-0.276188 0.083212
-0.268480 0.078822
-0.260806 0.074571
-0.253167 0.070455
-0.245562 0.066474
-0.237990 0.062625
-0.230451 0.058907
-0.222945 0.055318
-0.215471 0.051856
-0.208029 0.048520
-0.200618 0.045309
-0.193238 0.042220
-0.185888 0.039252
-0.178569 0.036404
-0.171280 0.033673
-0.164020 0.031060
-0.156789 0.028562
-0.149586 0.026178
-0.142413 0.023907
-0.135267 0.021747
-0.128149 0.019697
-0.121059 0.017755
-0.113995 0.015921
-0.106959 0.014193
-0.099948 0.012571
-0.092965 0.011052
-0.086007 0.009636
-0.079074 0.008321
-0.072167 0.007107
-0.065285 0.005992
-0.058428 0.004976
-0.051596 0.004056
-0.044787 0.003233
-0.038003 0.002505
-0.031243 0.001872
-0.024506 0.001331
-0.017792 0.000883
-0.011101 0.000526
-0.004433 0.000259
0.002212 0.000082
0.008835 -0.000007
0.012138 0.000000
0.015442 -0.000008
0.022065 0.000079
0.028710 0.000254
0.035378 0.000518
0.042069 0.000873
0.048782 0.001319
0.055519 0.001858
0.062280 0.002489
0.069064 0.003215
0.075872 0.004036
0.082705 0.004953
0.089562 0.005967
0.096444 0.007079
0.103351 0.008291
0.110283 0.009603
0.117241 0.011017
0.124225 0.012534
0.131235 0.014154
0.138272 0.015880
0.145335 0.017711
0.152426 0.019650
0.159544 0.021698
0.166689 0.023856
0.173863 0.026125
0.181065 0.028506
0.188296 0.031002
0.195556 0.033613
0.202846 0.036340
0.210165 0.039186
0.217515 0.042151
0.224895 0.045238
0.232306 0.048447
0.239748 0.051780
0.247222 0.055239
0.254728 0.058826
0.262267 0.062541
0.269839 0.066388
0.277444 0.070366
0.285083 0.074453
0.292756 0.078702
0.300465 0.083088
0.308208 0.087615
0.315987 0.092283
0.323803 0.097095
0.331655 0.102053
0.339545 0.107159
0.347472 0.112415
0.355438 0.117823
0.363443 0.123385
0.371487 0.129104
0.379571 0.134982
0.387697 0.141022
0.395863 0.147226
0.404072 0.153596
0.412323 0.160135
0.420617 0.166846
0.428956 0.173731
0.437339 0.180794
0.445768 0.188036
0.454242 0.195462
0.462764 0.203075
0.471334 0.210876
0.479952 0.218870
0.488619 0.227060
0.497337 0.235449
0.506105 0.244041
0.514926 0.252839
0.523800 0.261848
0.532728 0.271070
0.541711 0.280510
0.550749 0.290173
0.559845 0.300061
0.568999 0.310180
0.578212 0.320534
0.587485 0.331128
0.596821 0.341966
0.606219 0.353054
0.615681 0.364396
0.625208 0.375998
0.634803 0.387865
0.644466 0.400003
0.654198 0.412418
0.664002 0.425115
0.673879 0.438102
0.683830 0.451385
0.693858 0.464970
0.703963 0.478865
0.714149 0.493077
0.724416 0.507613
0.734767 0.522482
0.745204 0.537692
0.755729 0.553251
0.766345 0.569169
0.777053 0.585455
0.787856 0.602118
0.798757 0.619169
0.809759 0.636619
0.820864 0.654479
0.832075 0.672761
0.843396 0.691476
0.854829 0.710639
0.866378 0.730262
0.878047 0.750360
0.889840 0.770948
0.901760 0.792042
0.913811 0.813659
0.925999 0.835816
0.938328 0.858532
0.950803 0.881827
0.963429 0.905722
0.976211 0.930239
0.989157 0.955402
1.002272 0.981237
1.015563 1.007770
1.029037 1.035031
1.042703 1.063049
1.056568 1.091860
1.070642 1.121497
1.084933 1.152000
1.099454 1.183411
1.114214 1.215773
1.129227 1.249137
1.144506 1.283556
1.160065 1.319086
1.175921 1.355793
1.192090 1.393745
1.208593 1.433020
1.225451 1.473704
1.242689 1.515891
1.260332 1.559634
1.278410 1.605158
1.296959 1.652546
1.316016 1.701951
1.335625 1.753548
1.355839 1.807540
1.376716 1.864164
1.398326 1.923696
1.420752 1.986466
1.444095 2.052871
1.468476 2.123398
1.494049 2.198651
1.521008 2.279399
1.549605 2.366645
1.580180 2.461691
1.613213 2.566535
1.649413 2.683940
1.689915 2.818409
1.736754 2.978018
1.794379 3.180410
1.878075 3.486219
