-1.901165 3.552999
-1.816444 3.240336
-1.758114 3.033436
-1.710701 2.870288
-1.669704 2.732851
-1.633061 2.612864
-1.599623 2.505724
-1.568673 2.408553
-1.539726 2.319410
-1.512438 2.236913
-1.486551 2.160036
-1.461871 2.087992
-1.438243 2.020163
-1.415542 1.956052
-1.393667 1.895252
-1.372535 1.837427
-1.352074 1.782292
-1.332224 1.729607
-1.312934 1.679163
-1.294159 1.630783
-1.275859 1.584425
-1.258000 1.539716
-1.240551 1.496652
-1.223487 1.455126
-1.206782 1.415040
-1.190414 1.376308
-1.174365 1.338849
-1.158615 1.302593
-1.143149 1.267475
-1.127953 1.233435
-1.113011 1.200418
-1.098313 1.168376
-1.083846 1.137262
-1.069600 1.107033
-1.055566 1.077649
-1.041733 1.049076
-1.028094 1.021278
-1.014640 0.994223
-1.001364 0.967883
-0.988260 0.942230
-0.975321 0.917238
-0.962540 0.892883
-0.949913 0.869142
-0.937433 0.845994
-0.925096 0.823420
-0.912897 0.801399
-0.900831 0.779915
-0.888894 0.758950
-0.877082 0.738487
-0.865392 0.718512
-0.853818 0.699010
-0.842359 0.679967
-0.831011 0.661369
-0.819770 0.643205
-0.808634 0.625461
-0.797599 0.608152
-0.786663 0.591215
-0.775824 0.574667
-0.765079 0.558496
-0.754425 0.542693
-0.743860 0.527249
-0.733382 0.512155
-0.722989 0.497403
-0.712679 0.482983
-0.702450 0.468889
-0.692299 0.455112
-0.682226 0.441646
-0.672229 0.428483
-0.662305 0.415616
-0.652453 0.403040
-0.642672 0.390747
-0.632960 0.378731
-0.623316 0.366987
-0.613738 0.355509
-0.604225 0.344292
-0.594775 0.333329
-0.585388 0.322617
-0.576063 0.312149
-0.566797 0.301922
-0.557590 0.291930
-0.548440 0.282170
-0.539347 0.272636
-0.530310 0.263324
-0.521328 0.254230
-0.512399 0.245351
-0.503523 0.236682
-0.494699 0.228220
-0.485925 0.219960
-0.477201 0.211900
-0.468527 0.204036
-0.459901 0.196365
-0.451322 0.188883
-0.442791 0.181587
-0.434305 0.174474
-0.425864 0.167541
-0.417468 0.160785
-0.409116 0.154203
-0.400807 0.147793
-0.392541 0.141552
-0.384316 0.135477
-0.376133 0.129565
-0.367990 0.123814
-0.359887 0.118222
-0.351824 0.112787
-0.343799 0.107505
-0.335813 0.102375
-0.327865 0.097394
-0.319953 0.092560
-0.312079 0.087872
-0.304241 0.083327
-0.296438 0.078923
-0.288671 0.074658
-0.280938 0.070530
-0.273240 0.066538
-0.265575 0.062679
-0.257944 0.058951
-0.250346 0.055354
-0.242781 0.051885
-0.235247 0.048542
-0.227746 0.045325
-0.220275 0.042231
-0.212836 0.039258
-0.205427 0.036406
-0.198048 0.033672
-0.190699 0.031056
-0.183380 0.028555
-0.176089 0.026169
-0.168828 0.023896
-0.161595 0.021734
-0.154390 0.019683
-0.147212 0.017740
-0.140062 0.015906
-0.132940 0.014178
-0.125844 0.012555
-0.118774 0.011036
-0.111731 0.009620
-0.104714 0.008306
-0.097723 0.007093
-0.090756 0.005979
-0.083815 0.004963
-0.076899 0.004045
-0.070007 0.003223
-0.063140 0.002496
-0.056297 0.001863
-0.049477 0.001324
-0.042681 0.000877
-0.035909 0.000521
-0.029159 0.000256
-0.022432 0.000080
-0.015728 -0.000008
-0.012385 0.000000
-0.009041 -0.000007
-0.002337 0.000081
0.004390 0.000257
0.011139 0.000523
0.017912 0.000879
0.024708 0.001327
0.031527 0.001867
0.038371 0.002500
0.045238 0.003227
0.052130 0.004049
0.059046 0.004968
0.065987 0.005984
0.072953 0.007098
0.079945 0.008311
0.086962 0.009625
0.094005 0.011041
0.101074 0.012559
0.108170 0.014182
0.115293 0.015909
0.122443 0.017743
0.129620 0.019684
0.136825 0.021734
0.144058 0.023895
0.151320 0.026167
0.158610 0.028551
0.165930 0.031050
0.173279 0.033665
0.180657 0.036396
0.188066 0.039246
0.195506 0.042216
0.202976 0.045307
0.210478 0.048521
0.218011 0.051860
0.225577 0.055326
0.233175 0.058919
0.240806 0.062642
0.248470 0.066467
0.256169 0.070454
0.263901 0.074576
0.271669 0.078835
0.279471 0.083232
0.287309 0.087771
0.295184 0.092452
0.303095 0.097278
0.311044 0.102250
0.319030 0.107372
0.327054 0.112645
0.335118 0.118071
0.343220 0.123653
0.351363 0.129393
0.359547 0.135294
0.367771 0.141358
0.376038 0.147587
0.384347 0.153985
0.392699 0.160554
0.401095 0.167296
0.409535 0.174215
0.418021 0.181313
0.426553 0.188594
0.435131 0.196060
0.443758 0.203715
0.452432 0.211562
0.461156 0.219605
0.469929 0.227846
0.478753 0.236289
0.487630 0.244938
0.496558 0.253797
0.505541 0.262870
0.514578 0.272160
0.523671 0.281672
0.532820 0.291409
0.542027 0.301377
0.551293 0.311580
0.560619 0.322022
0.570006 0.332709
0.579455 0.343645
0.588968 0.354835
0.598546 0.366285
0.608191 0.378000
0.617903 0.389986
0.627684 0.402248
0.637535 0.414794
0.647459 0.427629
0.657457 0.440759
0.667530 0.454192
0.677680 0.467935
0.687910 0.481994
0.698220 0.496378
0.708613 0.511094
0.719091 0.526151
0.729655 0.541558
0.740309 0.557322
0.751055 0.573454
0.761894 0.589963
0.772830 0.606859
0.783864 0.624152
0.795000 0.641855
0.806241 0.659978
0.817590 0.678533
0.829049 0.697534
0.840622 0.716993
0.852313 0.736924
0.864125 0.757343
0.876061 0.778263
0.888127 0.799702
0.900327 0.821677
0.912664 0.844206
0.925143 0.867307
0.937771 0.891001
0.950551 0.915310
0.963491 0.940255
0.976595 0.965861
0.989870 0.992153
1.003324 1.019159
1.016963 1.046908
1.030796 1.075431
1.044831 1.104763
1.059077 1.134939
1.073544 1.165999
1.088242 1.197986
1.103183 1.230945
1.118380 1.264927
1.133845 1.299985
1.149595 1.336179
1.165645 1.373574
1.182012 1.412242
1.198717 1.452260
1.215782 1.493717
1.233230 1.536709
1.251089 1.581344
1.269389 1.627745
1.288165 1.676049
1.307455 1.726413
1.327305 1.779016
1.347766 1.834065
1.368898 1.891801
1.390772 1.952507
1.413473 2.016520
1.437102 2.084246
1.461782 2.156180
1.487668 2.232941
1.514957 2.315314
1.543903 2.404323
1.574853 2.501350
1.608291 2.608331
1.644934 2.728141
1.685931 2.865377
1.733344 3.028288
1.791674 3.234889
1.876395 3.547105
