-1.847479 3.484324
-1.765521 3.178621
-1.709092 2.976307
-1.663226 2.816961
-1.623565 2.682543
-1.588117 2.565184
-1.555770 2.460384
-1.525829 2.365329
-1.497826 2.278123
-1.471427 2.197414
-1.446385 2.122198
-1.422510 2.051707
-1.399652 1.985336
-1.377691 1.922599
-1.356530 1.863099
-1.336087 1.806507
-1.316293 1.752545
-1.297090 1.700977
-1.278429 1.651601
-1.260266 1.604241
-1.242562 1.558744
-1.225286 1.514975
-1.208407 1.472815
-1.191898 1.432158
-1.175738 1.392908
-1.159904 1.354981
-1.144378 1.318299
-1.129142 1.282792
-1.114180 1.248398
-1.099479 1.215057
-1.085025 1.182717
-1.070806 1.151328
-1.056811 1.120846
-1.043030 1.091230
-1.029453 1.062440
-1.016071 1.034441
-1.002876 1.007201
-0.989861 0.980687
-0.977019 0.954871
-0.964342 0.929726
-0.951824 0.905227
-0.939461 0.881349
-0.927245 0.858155
-0.915172 0.835453
-0.903237 0.813311
-0.891436 0.791708
-0.879763 0.770627
-0.868216 0.750052
-0.856789 0.729966
-0.845480 0.710355
-0.834284 0.691204
-0.823198 0.672500
-0.812220 0.654230
-0.801346 0.636380
-0.790572 0.618941
-0.779898 0.601899
-0.769319 0.585246
-0.758833 0.568969
-0.748438 0.553060
-0.738131 0.537510
-0.727911 0.522308
-0.717775 0.507447
-0.707721 0.492919
-0.697747 0.478714
-0.687851 0.464827
-0.678032 0.451248
-0.668287 0.437972
-0.658615 0.424992
-0.649015 0.412300
-0.639485 0.399891
-0.630022 0.387759
-0.620627 0.375897
-0.611297 0.364300
-0.602032 0.352963
-0.592829 0.341880
-0.583688 0.331047
-0.574607 0.320457
-0.565585 0.310107
-0.556621 0.299992
-0.547714 0.290107
-0.538863 0.280449
-0.530067 0.271012
-0.521325 0.261792
-0.512635 0.252787
-0.503997 0.243992
-0.495411 0.235403
-0.486874 0.227016
-0.478386 0.218829
-0.469947 0.210837
-0.461556 0.203038
-0.453211 0.195428
-0.444912 0.188004
-0.436659 0.180786
-0.428450 0.173725
-0.420284 0.166840
-0.412162 0.160130
-0.404082 0.153592
-0.396044 0.147223
-0.388047 0.141020
-0.380091 0.134981
-0.372174 0.129104
-0.364297 0.123386
-0.356458 0.117824
-0.348658 0.112417
-0.340895 0.107162
-0.333169 0.102056
-0.325480 0.097099
-0.317827 0.092288
-0.310209 0.087620
-0.302626 0.083094
-0.295078 0.078708
-0.287564 0.074460
-0.280084 0.070348
-0.272637 0.066370
-0.265222 0.062524
-0.257840 0.058810
-0.250489 0.055224
-0.243171 0.051766
-0.235883 0.048434
-0.228626 0.045225
-0.221399 0.042140
-0.214202 0.039175
-0.207035 0.036330
-0.199897 0.033604
-0.192787 0.030993
-0.185707 0.028499
-0.178654 0.026118
-0.171629 0.023849
-0.164632 0.021692
-0.157662 0.019645
-0.150718 0.017707
-0.143802 0.015876
-0.136911 0.014151
-0.130047 0.012531
-0.123208 0.011015
-0.116394 0.009601
-0.109606 0.008289
-0.102842 0.007078
-0.096103 0.005965
-0.089389 0.004951
-0.082698 0.004035
-0.076031 0.003214
-0.069388 0.002488
-0.062767 0.001857
-0.056170 0.001319
-0.049596 0.000873
-0.043044 0.000518
-0.036515 0.000254
-0.030007 0.000079
-0.023522 -0.000008
-0.020287 0.000000
-0.017053 -0.000007
-0.010567 0.000082
-0.004060 0.000259
0.002470 0.000526
0.009022 0.000883
0.015596 0.001331
0.022193 0.001872
0.028813 0.002505
0.035457 0.003233
0.042124 0.004056
0.048814 0.004976
0.055529 0.005992
0.062268 0.007107
0.069032 0.008321
0.075820 0.009635
0.082633 0.011051
0.089472 0.012570
0.096337 0.014192
0.103227 0.015920
0.110144 0.017754
0.117087 0.019695
0.124057 0.021745
0.131055 0.023904
0.138080 0.026175
0.145132 0.028522
0.152213 0.031018
0.159322 0.033629
0.166460 0.036357
0.173628 0.039203
0.180825 0.042168
0.188051 0.045255
0.195308 0.048464
0.202596 0.051797
0.209915 0.055256
0.217265 0.058842
0.224648 0.062557
0.232062 0.066403
0.239509 0.070381
0.246990 0.074493
0.254504 0.078742
0.262052 0.083128
0.269635 0.087653
0.277252 0.092321
0.284906 0.097131
0.292595 0.102088
0.300321 0.107192
0.308084 0.112446
0.315884 0.117852
0.323723 0.123413
0.331600 0.129129
0.339516 0.135005
0.347473 0.141042
0.355470 0.147242
0.363508 0.153609
0.371588 0.160145
0.379710 0.166852
0.387875 0.173733
0.396084 0.180792
0.404338 0.188030
0.412637 0.195451
0.420981 0.203058
0.429373 0.210854
0.437812 0.218842
0.446300 0.227026
0.454836 0.235408
0.463423 0.243994
0.472061 0.252785
0.480750 0.261785
0.489493 0.271000
0.498289 0.280432
0.507140 0.290085
0.516047 0.299964
0.525010 0.310073
0.534032 0.320417
0.543113 0.331000
0.552254 0.341827
0.561457 0.352902
0.570723 0.364232
0.580053 0.375821
0.589448 0.387674
0.598910 0.399798
0.608441 0.412198
0.618041 0.424880
0.627713 0.437851
0.637457 0.451116
0.647277 0.464684
0.657172 0.478560
0.667146 0.492753
0.677200 0.507270
0.687337 0.522118
0.697557 0.537306
0.707863 0.552843
0.718258 0.568738
0.728744 0.584999
0.739323 0.601637
0.749998 0.618662
0.760771 0.636085
0.771645 0.653917
0.782624 0.672169
0.793709 0.690854
0.804905 0.709985
0.816215 0.729576
0.827641 0.749640
0.839189 0.770193
0.850861 0.791250
0.862663 0.812829
0.874598 0.834836
0.886671 0.857508
0.898886 0.880758
0.911250 0.904607
0.923767 0.929076
0.936444 0.954189
0.949287 0.979972
0.962302 1.006452
0.975496 1.033657
0.988878 1.061619
1.002455 1.090370
1.016237 1.119946
1.030232 1.150386
1.044451 1.181730
1.058905 1.214024
1.073606 1.247317
1.088567 1.281661
1.103803 1.317115
1.119330 1.353741
1.135164 1.391610
1.151324 1.430799
1.167832 1.471392
1.184711 1.513484
1.201988 1.557182
1.219691 1.602603
1.237855 1.649884
1.256516 1.699176
1.275718 1.750654
1.295512 1.804521
1.315955 1.861012
1.337117 1.920403
1.359077 1.983024
1.381935 2.049270
1.405811 2.119626
1.430853 2.194695
1.457251 2.275245
1.485254 2.362274
1.515195 2.457132
1.547542 2.561712
1.582991 2.678817
1.622651 2.812938
1.668518 2.972130
1.724946 3.173982
1.806904 3.478960
