-1.864702 3.531189
-1.781487 3.221443
-1.724193 3.016450
-1.677623 2.854791
-1.637354 2.718597
-1.601362 2.599686
-1.568518 2.493499
-1.538118 2.397186
-1.509686 2.308824
-1.482882 2.227043
-1.457456 2.150829
-1.433214 2.079401
-1.410006 2.012148
-1.387708 1.948577
-1.366222 1.888286
-1.345465 1.830940
-1.325368 1.776259
-1.305871 1.724004
-1.286923 1.673970
-1.268481 1.625978
-1.250507 1.579874
-1.232965 1.535520
-1.215827 1.492797
-1.199066 1.451596
-1.182657 1.411822
-1.166580 1.373387
-1.150816 1.336214
-1.135346 1.300232
-1.120155 1.265377
-1.105228 1.231589
-1.090553 1.198815
-1.076116 1.167005
-1.061906 1.136115
-1.047913 1.106101
-1.034128 1.076924
-1.020541 1.048549
-1.007144 1.020943
-0.993929 0.994072
-0.980889 0.967909
-0.968018 0.942426
-0.955309 0.917597
-0.942755 0.893398
-0.930352 0.869807
-0.918094 0.846802
-0.905976 0.824362
-0.893994 0.802470
-0.882142 0.781107
-0.870418 0.760257
-0.858816 0.739902
-0.847333 0.720028
-0.835965 0.700620
-0.824709 0.681709
-0.813563 0.663192
-0.802522 0.645103
-0.791583 0.627428
-0.780745 0.610156
-0.770003 0.593278
-0.759357 0.576782
-0.748802 0.560658
-0.738337 0.544897
-0.727960 0.529490
-0.717669 0.514428
-0.707460 0.499703
-0.697333 0.485307
-0.687286 0.471231
-0.677316 0.457469
-0.667422 0.444013
-0.657602 0.430856
-0.647854 0.417993
-0.638178 0.405415
-0.628570 0.393118
-0.619031 0.381095
-0.609558 0.369341
-0.600150 0.357850
-0.590806 0.346617
-0.581525 0.335636
-0.572304 0.324902
-0.563144 0.314411
-0.554043 0.304159
-0.544999 0.294139
-0.536013 0.284349
-0.527082 0.274783
-0.518205 0.265438
-0.509382 0.256310
-0.500612 0.247395
-0.491894 0.238688
-0.483226 0.230187
-0.474608 0.221888
-0.466040 0.213787
-0.457519 0.205881
-0.449047 0.198167
-0.440621 0.190642
-0.432240 0.183301
-0.423905 0.176144
-0.415615 0.169166
-0.407368 0.162365
-0.399164 0.155737
-0.391003 0.149281
-0.382883 0.142994
-0.374805 0.136872
-0.366767 0.130914
-0.358769 0.125118
-0.350810 0.119480
-0.342890 0.113998
-0.335008 0.108671
-0.327163 0.103495
-0.319356 0.098470
-0.311586 0.093592
-0.303851 0.088860
-0.296152 0.084271
-0.288488 0.079824
-0.280859 0.075517
-0.273264 0.071348
-0.265702 0.067315
-0.258174 0.063443
-0.250678 0.059675
-0.243215 0.056038
-0.235784 0.052530
-0.228385 0.049150
-0.221016 0.045895
-0.213678 0.042765
-0.206371 0.039757
-0.199094 0.036870
-0.191846 0.034104
-0.184628 0.031455
-0.177439 0.028924
-0.170278 0.026507
-0.163145 0.024205
-0.156041 0.022016
-0.148964 0.019938
-0.141914 0.017970
-0.134891 0.016112
-0.127895 0.014361
-0.120925 0.012717
-0.113981 0.011178
-0.107063 0.009744
-0.100171 0.008412
-0.093303 0.007183
-0.086461 0.006055
-0.079643 0.005027
-0.072850 0.004097
-0.066081 0.003265
-0.059335 0.002529
-0.052614 0.001889
-0.045915 0.001343
-0.039240 0.000890
-0.032588 0.000529
-0.025958 0.000260
-0.019351 0.000082
-0.012766 -0.000007
-0.009482 0.000000
-0.006198 -0.000007
0.000387 0.000081
0.006995 0.000259
0.013624 0.000528
0.020277 0.000888
0.026952 0.001341
0.033650 0.001887
0.040372 0.002527
0.047117 0.003263
0.053886 0.004095
0.060680 0.005025
0.067497 0.006053
0.074340 0.007181
0.081207 0.008409
0.088100 0.009739
0.095018 0.011172
0.101961 0.012709
0.108931 0.014352
0.115927 0.016100
0.122950 0.017957
0.130000 0.019922
0.137077 0.021997
0.144182 0.024184
0.151314 0.026483
0.158475 0.028897
0.165665 0.031426
0.172883 0.034072
0.180130 0.036836
0.187408 0.039719
0.194715 0.042724
0.202053 0.045852
0.209421 0.049104
0.216821 0.052481
0.224252 0.055987
0.231715 0.059621
0.239210 0.063386
0.246739 0.067283
0.254300 0.071314
0.261895 0.075482
0.269525 0.079787
0.277189 0.084233
0.284888 0.088819
0.292622 0.093550
0.300393 0.098426
0.308200 0.103449
0.316044 0.108623
0.323926 0.113948
0.331846 0.119427
0.339805 0.125063
0.347803 0.130857
0.355841 0.136813
0.363920 0.142932
0.372039 0.149217
0.380201 0.155671
0.388404 0.162295
0.396651 0.169094
0.404942 0.176069
0.413277 0.183224
0.421657 0.190561
0.430083 0.198084
0.438556 0.205795
0.447076 0.213698
0.455645 0.221795
0.464262 0.230050
0.472930 0.238546
0.481649 0.247248
0.490419 0.256158
0.499242 0.265281
0.508118 0.274621
0.517049 0.284181
0.526036 0.293966
0.535079 0.303979
0.544181 0.314226
0.553341 0.324711
0.562561 0.335438
0.571843 0.346412
0.581187 0.357639
0.590594 0.369123
0.600067 0.380870
0.609607 0.392885
0.619214 0.405174
0.628891 0.417744
0.638638 0.430599
0.648458 0.443747
0.658352 0.457194
0.668322 0.470947
0.678370 0.485014
0.688497 0.499401
0.698705 0.514116
0.708997 0.529168
0.719374 0.544564
0.729839 0.560314
0.740393 0.576426
0.751040 0.592911
0.761781 0.609777
0.772620 0.627036
0.783558 0.644698
0.794599 0.662774
0.805746 0.681230
0.817002 0.700171
0.828369 0.719564
0.839852 0.739422
0.851454 0.759761
0.863179 0.780596
0.875030 0.801942
0.887013 0.823817
0.899131 0.846238
0.911389 0.869224
0.923792 0.892796
0.936345 0.916975
0.949055 0.941783
0.961926 0.967245
0.974966 0.993385
0.988180 1.020232
1.001577 1.047815
1.015164 1.076165
1.028950 1.105315
1.042942 1.135302
1.057152 1.166164
1.071589 1.197944
1.086265 1.230688
1.101192 1.264443
1.116383 1.299266
1.131852 1.335213
1.147617 1.372349
1.163694 1.410746
1.180102 1.450480
1.196863 1.491639
1.214001 1.534319
1.231543 1.578626
1.249518 1.624682
1.267960 1.672622
1.286907 1.722603
1.306404 1.774801
1.326502 1.829421
1.347259 1.886703
1.368745 1.946925
1.391042 2.010423
1.414251 2.077597
1.438492 2.148940
1.463919 2.225062
1.490722 2.306741
1.519155 2.394993
1.549555 2.491184
1.582398 2.597234
1.618390 2.715988
1.658659 2.851998
1.705230 3.013433
1.762524 3.218135
1.845739 3.527424
