-1.852942 3.464725
-1.769538 3.161045
-1.712114 2.960056
-1.665438 2.801548
-1.625078 2.668004
-1.589005 2.551403
-1.556087 2.447276
-1.525618 2.352829
-1.497121 2.266176
-1.470257 2.185977
-1.444773 2.111233
-1.420476 2.041183
-1.397215 1.975225
-1.374867 1.912877
-1.353333 1.853745
-1.332529 1.797500
-1.312386 1.743868
-1.292844 1.692614
-1.273854 1.643537
-1.255370 1.596463
-1.237355 1.551239
-1.219773 1.507732
-1.202596 1.465824
-1.185797 1.425408
-1.169352 1.386390
-1.153238 1.348686
-1.137438 1.312219
-1.121933 1.276920
-1.106708 1.242725
-1.091748 1.209577
-1.077039 1.177423
-1.062569 1.146215
-1.048327 1.115907
-1.034302 1.086459
-1.020486 1.057833
-1.006868 1.029992
-0.993441 1.002905
-0.980196 0.976539
-0.967127 0.950867
-0.954226 0.925861
-0.941488 0.901497
-0.928906 0.877750
-0.916475 0.854599
-0.904189 0.832022
-0.892044 0.810000
-0.880034 0.788514
-0.868156 0.767547
-0.856405 0.747081
-0.844777 0.727102
-0.833268 0.707593
-0.821874 0.688542
-0.810593 0.669934
-0.799421 0.651757
-0.788355 0.633998
-0.777392 0.616645
-0.766529 0.599688
-0.755763 0.583116
-0.745092 0.566919
-0.734514 0.551087
-0.724026 0.535610
-0.713625 0.520480
-0.703310 0.505689
-0.693079 0.491227
-0.682929 0.477087
-0.672858 0.463262
-0.662866 0.449745
-0.652949 0.436527
-0.643107 0.423604
-0.633337 0.410967
-0.623639 0.398611
-0.614010 0.386530
-0.604449 0.374718
-0.594954 0.363169
-0.585525 0.351878
-0.576160 0.340840
-0.566858 0.330049
-0.557616 0.319502
-0.548436 0.309192
-0.539314 0.299116
-0.530250 0.289269
-0.521242 0.279646
-0.512291 0.270244
-0.503395 0.261059
-0.494552 0.252111
-0.485762 0.243346
-0.477023 0.234788
-0.468336 0.226430
-0.459699 0.218271
-0.451111 0.210307
-0.442571 0.202534
-0.434079 0.194949
-0.425634 0.187549
-0.417235 0.180332
-0.408881 0.173294
-0.400572 0.166432
-0.392306 0.159744
-0.384084 0.153226
-0.375904 0.146877
-0.367766 0.140693
-0.359669 0.134673
-0.351613 0.128813
-0.343597 0.123112
-0.335620 0.117567
-0.327682 0.112175
-0.319782 0.106935
-0.311920 0.101844
-0.304095 0.096900
-0.296307 0.092102
-0.288555 0.087447
-0.280839 0.082933
-0.273157 0.078558
-0.265511 0.074321
-0.257898 0.070219
-0.250320 0.066251
-0.242774 0.062415
-0.235262 0.058709
-0.227782 0.055132
-0.220334 0.051682
-0.212918 0.048357
-0.205532 0.045156
-0.198178 0.042077
-0.190854 0.039119
-0.183561 0.036280
-0.176297 0.033558
-0.169062 0.030954
-0.161856 0.028464
-0.154679 0.026087
-0.147530 0.023823
-0.140410 0.021670
-0.133317 0.019627
-0.126251 0.017691
-0.119212 0.015863
-0.112200 0.014141
-0.105215 0.012524
-0.098255 0.011010
-0.091321 0.009599
-0.084413 0.008288
-0.077530 0.007078
-0.070672 0.005968
-0.063839 0.004955
-0.057031 0.004039
-0.050246 0.003218
-0.043485 0.002493
-0.036748 0.001862
-0.030035 0.001324
-0.023345 0.000877
-0.016677 0.000522
-0.010033 0.000257
-0.003411 0.000081
0.003189 -0.000007
0.006481 0.000000
0.009773 -0.000008
0.016373 0.000079
0.022995 0.000255
0.029639 0.000519
0.036307 0.000874
0.042997 0.001319
0.049711 0.001857
0.056447 0.002487
0.063208 0.003212
0.069993 0.004031
0.076801 0.004946
0.083635 0.005958
0.090492 0.007068
0.097375 0.008278
0.104283 0.009587
0.111217 0.010998
0.118177 0.012511
0.125162 0.014127
0.132174 0.015848
0.139213 0.017676
0.146279 0.019610
0.153372 0.021653
0.160493 0.023805
0.167641 0.026068
0.174818 0.028444
0.182024 0.030933
0.189259 0.033537
0.196523 0.036257
0.203816 0.039095
0.211140 0.042052
0.218495 0.045130
0.225880 0.048330
0.233296 0.051654
0.240744 0.055104
0.248224 0.058680
0.255736 0.062385
0.263282 0.066220
0.270860 0.070187
0.278473 0.074288
0.286119 0.078524
0.293801 0.082898
0.301517 0.087411
0.309269 0.092065
0.317057 0.096862
0.324882 0.101805
0.332744 0.106895
0.340644 0.112134
0.348582 0.117524
0.356559 0.123069
0.364575 0.128769
0.372631 0.134628
0.380728 0.140647
0.388866 0.146829
0.397046 0.153143
0.405268 0.159659
0.413534 0.166346
0.421843 0.173206
0.430197 0.180242
0.438596 0.187458
0.447042 0.194855
0.455534 0.202438
0.464073 0.210209
0.472661 0.218172
0.481298 0.226329
0.489986 0.234684
0.498724 0.243241
0.507514 0.252003
0.516357 0.260974
0.525253 0.270158
0.534205 0.279557
0.543212 0.289178
0.552276 0.299023
0.561398 0.309097
0.570579 0.319405
0.579820 0.329951
0.589122 0.340739
0.598487 0.351775
0.607916 0.363064
0.617411 0.374610
0.626972 0.386420
0.636601 0.398499
0.646299 0.410853
0.656069 0.423487
0.665911 0.436409
0.675828 0.449624
0.685820 0.463139
0.695891 0.476962
0.706041 0.491099
0.716272 0.505558
0.726587 0.520347
0.736988 0.535474
0.747476 0.550949
0.758054 0.566778
0.768725 0.582973
0.779491 0.599542
0.790354 0.616496
0.801317 0.633846
0.812383 0.651602
0.823555 0.669777
0.834836 0.688382
0.846230 0.707431
0.857739 0.726936
0.869367 0.746912
0.881118 0.767375
0.892997 0.788340
0.905006 0.809823
0.917152 0.831842
0.929437 0.854416
0.941868 0.877564
0.954450 0.901308
0.967189 0.925669
0.980089 0.950672
0.993158 0.976341
1.006403 1.002704
1.019830 1.029789
1.033448 1.057626
1.047264 1.086250
1.061289 1.115695
1.075531 1.145999
1.090001 1.177205
1.104710 1.209355
1.119670 1.242500
1.134896 1.276692
1.150400 1.311988
1.166201 1.348452
1.182314 1.386152
1.198759 1.425167
1.215559 1.465579
1.232736 1.507484
1.250317 1.550988
1.268332 1.596208
1.286816 1.643278
1.305807 1.692351
1.325348 1.743601
1.345491 1.797229
1.366295 1.853470
1.387829 1.912598
1.410177 1.974941
1.433438 2.040895
1.457735 2.110940
1.483219 2.185678
1.510083 2.265872
1.538580 2.352519
1.569049 2.446961
1.601967 2.551082
1.638040 2.667620
1.678401 2.801154
1.725076 2.959650
1.782500 3.160625
1.865904 3.464285
