-1.853179 3.472858
-1.769932 3.168293
-1.712616 2.966723
-1.666028 2.807761
-1.625744 2.673836
-1.589738 2.556905
-1.556882 2.452484
-1.526470 2.357771
-1.498027 2.270876
-1.471213 2.190454
-1.445777 2.115504
-1.421526 2.045260
-1.398309 1.979121
-1.376003 1.916603
-1.354509 1.857310
-1.333744 1.800913
-1.313639 1.747136
-1.294134 1.695745
-1.275180 1.646537
-1.256731 1.599338
-1.238749 1.553994
-1.221201 1.510373
-1.204056 1.468354
-1.187288 1.427833
-1.170874 1.388763
-1.154791 1.350961
-1.139020 1.314399
-1.123545 1.279009
-1.108348 1.244726
-1.093416 1.211494
-1.078734 1.179258
-1.064292 1.147971
-1.050076 1.117587
-1.036078 1.088066
-1.022288 1.059368
-1.008696 1.031458
-0.995293 1.004304
-0.982074 0.977874
-0.969029 0.952140
-0.956153 0.927074
-0.943439 0.902651
-0.930880 0.878849
-0.918473 0.855643
-0.906210 0.833015
-0.894087 0.810943
-0.882100 0.789409
-0.870244 0.768395
-0.858515 0.747885
-0.846909 0.727863
-0.835421 0.708314
-0.824049 0.689223
-0.812790 0.670578
-0.801639 0.652365
-0.790593 0.634571
-0.779651 0.617186
-0.768808 0.600197
-0.758063 0.583595
-0.747412 0.567369
-0.736853 0.551509
-0.726385 0.536066
-0.716004 0.520909
-0.705708 0.506092
-0.695496 0.491605
-0.685365 0.477442
-0.675314 0.463595
-0.665340 0.450056
-0.655442 0.436818
-0.645618 0.423875
-0.635867 0.411219
-0.626187 0.398846
-0.616576 0.386748
-0.607033 0.374920
-0.597556 0.363357
-0.588145 0.352052
-0.578797 0.341000
-0.569512 0.330237
-0.560288 0.319677
-0.551125 0.309356
-0.542020 0.299268
-0.532973 0.289411
-0.523983 0.279778
-0.515048 0.270367
-0.506168 0.261173
-0.497342 0.252192
-0.488569 0.243421
-0.479847 0.234855
-0.471176 0.226491
-0.462555 0.218326
-0.453983 0.210355
-0.445460 0.202577
-0.436984 0.194987
-0.428554 0.187583
-0.420171 0.180362
-0.411833 0.173320
-0.403539 0.166454
-0.395289 0.159763
-0.387082 0.153242
-0.378918 0.146890
-0.370795 0.140704
-0.362713 0.134681
-0.354672 0.128820
-0.346671 0.123117
-0.338709 0.117570
-0.330786 0.112177
-0.322901 0.106935
-0.315054 0.101843
-0.307244 0.096899
-0.299470 0.092100
-0.291733 0.087444
-0.284031 0.082929
-0.276364 0.078554
-0.268732 0.074316
-0.261134 0.070214
-0.253569 0.066246
-0.246038 0.062410
-0.238540 0.058704
-0.231074 0.055127
-0.223640 0.051677
-0.216237 0.048353
-0.208866 0.045152
-0.201526 0.042073
-0.194216 0.039115
-0.186936 0.036277
-0.179685 0.033556
-0.172464 0.030951
-0.165272 0.028462
-0.158109 0.026086
-0.150973 0.023822
-0.143866 0.021669
-0.136786 0.019626
-0.129734 0.017691
-0.122708 0.015863
-0.115709 0.014141
-0.108737 0.012524
-0.101790 0.011010
-0.094870 0.009599
-0.087975 0.008289
-0.081105 0.007079
-0.074260 0.005968
-0.067439 0.004955
-0.060643 0.004039
-0.053872 0.003218
-0.047124 0.002493
-0.040399 0.001862
-0.033699 0.001323
-0.027021 0.000877
-0.020366 0.000522
-0.013734 0.000256
-0.007124 0.000080
-0.000537 -0.000007
0.002749 0.000000
0.006034 -0.000008
0.012622 0.000080
0.019232 0.000255
0.025864 0.000520
0.032518 0.000875
0.039196 0.001321
0.045897 0.001859
0.052621 0.002490
0.059369 0.003215
0.066141 0.004035
0.072937 0.004951
0.079757 0.005964
0.086602 0.007074
0.093472 0.008284
0.100367 0.009594
0.107288 0.010979
0.114234 0.012492
0.121207 0.014108
0.128206 0.015829
0.135231 0.017656
0.142284 0.019590
0.149364 0.021633
0.156471 0.023785
0.163606 0.026048
0.170770 0.028423
0.177962 0.030912
0.185183 0.033516
0.192433 0.036236
0.199713 0.039074
0.207023 0.042032
0.214364 0.045110
0.221735 0.048310
0.229138 0.051634
0.236571 0.055084
0.244037 0.058660
0.251536 0.062366
0.259067 0.066201
0.266631 0.070169
0.274229 0.074271
0.281862 0.078508
0.289528 0.082883
0.297230 0.087397
0.304968 0.092053
0.312742 0.096851
0.320552 0.101796
0.328399 0.106887
0.336284 0.112128
0.344207 0.117521
0.352169 0.123068
0.360170 0.128771
0.368211 0.134632
0.376293 0.140655
0.384415 0.146841
0.392580 0.153192
0.400787 0.159713
0.409037 0.166404
0.417330 0.173269
0.425669 0.180312
0.434052 0.187533
0.442481 0.194937
0.450957 0.202527
0.459481 0.210305
0.468053 0.218275
0.476674 0.226441
0.485345 0.234805
0.494066 0.243371
0.502840 0.252142
0.511666 0.261123
0.520546 0.270317
0.529481 0.279729
0.538471 0.289361
0.547518 0.299219
0.556622 0.309307
0.565786 0.319628
0.575010 0.330189
0.584295 0.340993
0.593642 0.352045
0.603054 0.363351
0.612530 0.374916
0.622073 0.386745
0.631684 0.398844
0.641365 0.411218
0.651116 0.423874
0.660940 0.436819
0.670838 0.450058
0.680811 0.463598
0.690863 0.477447
0.700994 0.491611
0.711206 0.506099
0.721501 0.520918
0.731882 0.536077
0.742351 0.551583
0.752910 0.567447
0.763560 0.583677
0.774306 0.600152
0.785148 0.617141
0.796091 0.634528
0.807136 0.652322
0.818287 0.670536
0.829547 0.689183
0.840919 0.708274
0.852406 0.727825
0.864013 0.747848
0.875742 0.768359
0.887598 0.789374
0.899585 0.810909
0.911708 0.832982
0.923970 0.855612
0.936378 0.878819
0.948936 0.902623
0.961651 0.927047
0.974527 0.952114
0.987571 0.977850
1.000791 1.004282
1.014193 1.031438
1.027785 1.059350
1.041576 1.088049
1.055574 1.117573
1.069789 1.147959
1.084232 1.179249
1.098913 1.211487
1.113846 1.244722
1.129042 1.279007
1.144518 1.314400
1.160289 1.350965
1.176371 1.388770
1.192786 1.427893
1.209554 1.468419
1.226699 1.510442
1.244247 1.554068
1.262228 1.599416
1.280677 1.646621
1.299632 1.695834
1.319137 1.747231
1.339242 1.801014
1.360007 1.857418
1.381501 1.916718
1.403807 1.979243
1.427024 2.045390
1.451275 2.115642
1.476711 2.190601
1.503525 2.271033
1.531968 2.357939
1.562380 2.452663
1.595236 2.557097
1.631242 2.674043
1.671526 2.807985
1.718114 2.966834
1.775430 3.168419
1.858677 3.473008
