-1.828130 3.541788
-1.746684 3.230960
-1.690608 3.025263
-1.645027 2.863056
-1.605614 2.726405
-1.570387 2.607100
-1.538242 2.500563
-1.508488 2.403935
-1.480659 2.315256
-1.454426 2.233214
-1.429540 2.156758
-1.405813 2.085104
-1.383098 2.017640
-1.361274 1.953871
-1.340245 1.893393
-1.319929 1.835870
-1.300259 1.781221
-1.281177 1.728801
-1.262632 1.678609
-1.244582 1.630468
-1.226989 1.584220
-1.209820 1.539730
-1.193046 1.496875
-1.176641 1.455548
-1.160582 1.415652
-1.144847 1.377101
-1.129417 1.339815
-1.114276 1.303725
-1.099408 1.268765
-1.084799 1.234876
-1.070435 1.202005
-1.056304 1.170101
-1.042397 1.139119
-1.028701 1.109017
-1.015209 1.079756
-1.001911 1.051298
-0.988799 1.023611
-0.975865 0.996663
-0.963102 0.970425
-0.950505 0.944869
-0.938065 0.919969
-0.925779 0.895701
-0.913639 0.872043
-0.901642 0.848972
-0.889781 0.826470
-0.878054 0.804516
-0.866454 0.783094
-0.854978 0.762185
-0.843623 0.741774
-0.832384 0.721845
-0.821258 0.702383
-0.810242 0.683376
-0.799332 0.664810
-0.788525 0.646671
-0.777820 0.628949
-0.767211 0.611632
-0.756698 0.594709
-0.746278 0.578169
-0.735948 0.562003
-0.725706 0.546201
-0.715549 0.530754
-0.705476 0.515653
-0.695485 0.500889
-0.685573 0.486456
-0.675739 0.472344
-0.665981 0.458652
-0.656297 0.445159
-0.646686 0.431966
-0.637145 0.419067
-0.627674 0.406456
-0.618271 0.394125
-0.608935 0.382070
-0.599663 0.370283
-0.590455 0.358761
-0.581310 0.347498
-0.572226 0.336487
-0.563201 0.325725
-0.554236 0.315206
-0.545328 0.304926
-0.536477 0.294880
-0.527681 0.285063
-0.518940 0.275472
-0.510252 0.266103
-0.501617 0.256951
-0.493033 0.248012
-0.484500 0.239283
-0.476016 0.230759
-0.467582 0.222438
-0.459195 0.214317
-0.450856 0.206390
-0.442563 0.198656
-0.434316 0.191111
-0.426114 0.183752
-0.417956 0.176576
-0.409842 0.169580
-0.401771 0.162762
-0.393741 0.156117
-0.385753 0.149645
-0.377806 0.143341
-0.369899 0.137204
-0.362032 0.131231
-0.354204 0.125420
-0.346414 0.119768
-0.338663 0.114273
-0.330948 0.108932
-0.323271 0.103744
-0.315630 0.098706
-0.308024 0.093816
-0.300454 0.089072
-0.292919 0.084516
-0.285417 0.080056
-0.277950 0.075736
-0.270517 0.071555
-0.263116 0.067510
-0.255747 0.063600
-0.248411 0.059823
-0.241107 0.056176
-0.233834 0.052660
-0.226591 0.049271
-0.219380 0.046008
-0.212198 0.042870
-0.205046 0.039855
-0.197923 0.036961
-0.190830 0.034188
-0.183765 0.031533
-0.176728 0.028996
-0.169720 0.026574
-0.162739 0.024267
-0.155785 0.022072
-0.148858 0.019990
-0.141958 0.018017
-0.135085 0.016154
-0.128237 0.014399
-0.121416 0.012751
-0.114619 0.011208
-0.107848 0.009770
-0.101102 0.008435
-0.094381 0.007223
-0.087684 0.006087
-0.081011 0.005051
-0.074362 0.004114
-0.067737 0.003275
-0.061135 0.002534
-0.054556 0.001889
-0.048000 0.001341
-0.041467 0.000887
-0.034956 0.000527
-0.028467 0.000259
-0.022001 0.000081
-0.015556 -0.000007
-0.012341 0.000000
-0.009127 -0.000007
-0.002682 0.000081
0.003785 0.000260
0.010274 0.000529
0.016785 0.000890
0.023318 0.001344
0.029874 0.001891
0.036453 0.002533
0.043055 0.003272
0.049680 0.004107
0.056329 0.005040
0.063002 0.006071
0.069699 0.007203
0.076420 0.008436
0.083166 0.009771
0.089937 0.011210
0.096733 0.012753
0.103555 0.014402
0.110403 0.016157
0.117276 0.018021
0.124176 0.019994
0.131103 0.022031
0.138056 0.024223
0.145037 0.026527
0.152046 0.028946
0.159083 0.031481
0.166147 0.034133
0.173241 0.036903
0.180364 0.039793
0.187516 0.042805
0.194697 0.045940
0.201909 0.049199
0.209151 0.052584
0.216425 0.056097
0.223729 0.059739
0.231065 0.063512
0.238433 0.067418
0.245834 0.071458
0.253268 0.075635
0.260735 0.079950
0.268236 0.084364
0.275772 0.088959
0.283342 0.093697
0.290947 0.098582
0.298589 0.103614
0.306266 0.108797
0.313980 0.114131
0.321732 0.119620
0.329522 0.125266
0.337350 0.131070
0.345217 0.137036
0.353124 0.143165
0.361071 0.149461
0.369059 0.155925
0.377088 0.162561
0.385160 0.169371
0.393274 0.176358
0.401432 0.183525
0.409634 0.190874
0.417881 0.198409
0.426174 0.206133
0.434513 0.214049
0.442899 0.222159
0.451334 0.230469
0.459817 0.238980
0.468351 0.247697
0.476934 0.256623
0.485570 0.265762
0.494258 0.275118
0.502999 0.284694
0.511795 0.294496
0.520646 0.304527
0.529554 0.314791
0.538519 0.325293
0.547543 0.336039
0.556628 0.347032
0.565773 0.358277
0.574981 0.369781
0.584252 0.381547
0.593589 0.393582
0.602992 0.405892
0.612463 0.418482
0.622004 0.431359
0.631615 0.444528
0.641299 0.457997
0.651057 0.471773
0.660891 0.485862
0.670803 0.500272
0.680794 0.515010
0.690867 0.530086
0.701023 0.545507
0.711266 0.561281
0.721596 0.577419
0.732016 0.593929
0.742529 0.610821
0.753137 0.628107
0.763843 0.645796
0.774650 0.663900
0.785560 0.682431
0.796576 0.701402
0.807702 0.720825
0.818941 0.740598
0.830296 0.760965
0.841772 0.781828
0.853371 0.803203
0.865099 0.825107
0.876960 0.847558
0.888957 0.870575
0.901096 0.894178
0.913383 0.918389
0.925822 0.943229
0.938420 0.968723
0.951183 0.994897
0.964116 1.021778
0.977229 1.049396
0.990527 1.077781
1.004019 1.106967
1.017715 1.136991
1.031622 1.167890
1.045752 1.199709
1.060116 1.232491
1.074726 1.266287
1.089594 1.301149
1.104735 1.337138
1.120164 1.374317
1.135899 1.412757
1.151959 1.452536
1.168364 1.493740
1.185138 1.536466
1.202307 1.580822
1.219899 1.626926
1.237949 1.674917
1.256494 1.724949
1.275577 1.777201
1.295247 1.831876
1.315563 1.889214
1.336592 1.949495
1.358416 2.012851
1.381131 2.080082
1.404857 2.151483
1.429743 2.227666
1.455977 2.309410
1.483805 2.397729
1.513559 2.493992
1.545705 2.600117
1.580932 2.718953
1.620345 2.855098
1.665926 3.016637
1.722002 3.221461
1.803448 3.530919
