-1.622227 3.613468
-1.338921 2.486632
-1.143866 1.833212
-0.985317 1.375475
-0.848222 1.033511
-0.725688 0.770734
-0.613872 0.566312
-0.510376 0.407047
-0.413578 0.282933
-0.322325 0.187175
-0.235762 0.115652
-0.153231 0.064846
-0.074218 0.030923
0.001694 0.010571
0.074842 0.001133
0.110470 0.000000
0.146097 0.001124
0.219246 0.010370
0.295157 0.030172
0.374171 0.062212
0.456701 0.109073
0.543265 0.173087
0.634517 0.257442
0.731315 0.366273
0.834812 0.505163
0.946627 0.681401
1.069162 0.905409
1.206257 1.193322
1.364805 1.575342
1.559861 2.117499
1.843166 3.046768
