-0.162720 3.792892
-0.153064 3.533496
-0.146416 3.355832
-0.141012 3.212095
-0.136340 3.088592
-0.132164 2.978534
-0.128353 2.878592
-0.124825 2.786540
-0.121526 2.700874
-0.118416 2.620523
-0.115466 2.544692
-0.112653 2.472772
-0.109960 2.404282
-0.107373 2.338837
-0.104880 2.276121
-0.102471 2.215873
-0.100139 2.157873
-0.097877 2.101934
-0.095679 2.047895
-0.093539 1.995617
-0.091453 1.944978
-0.089418 1.895873
-0.087429 1.848208
-0.085484 1.801897
-0.083580 1.756868
-0.081715 1.713051
-0.079886 1.670387
-0.078091 1.628820
-0.076328 1.588300
-0.074596 1.548782
-0.072893 1.510222
-0.071218 1.472583
-0.069569 1.435827
-0.067946 1.399922
-0.066346 1.364840
-0.064770 1.330549
-0.063215 1.297024
-0.061682 1.264241
-0.060169 1.232175
-0.058675 1.200806
-0.057201 1.170113
-0.055744 1.140077
-0.054305 1.110679
-0.052883 1.081904
-0.051476 1.053734
-0.050086 1.026154
-0.048711 0.999151
-0.047351 0.972710
-0.046004 0.946818
-0.044672 0.921462
-0.043353 0.896632
-0.042047 0.872315
-0.040754 0.848500
-0.039472 0.825177
-0.038203 0.802336
-0.036946 0.779967
-0.035699 0.758062
-0.034464 0.736611
-0.033239 0.715605
-0.032025 0.695036
-0.030821 0.674865
-0.029627 0.655147
-0.028442 0.635843
-0.027267 0.616946
-0.026101 0.598448
-0.024945 0.580378
-0.023796 0.562740
-0.022657 0.545473
-0.021526 0.528525
-0.020403 0.511935
-0.019288 0.495617
-0.018182 0.479809
-0.017082 0.464339
-0.015991 0.449222
-0.014907 0.434440
-0.013830 0.419992
-0.012760 0.405892
-0.011697 0.392194
-0.010641 0.378705
-0.009592 0.365631
-0.008549 0.352889
-0.007512 0.340362
-0.006483 0.328072
-0.005459 0.316225
-0.004441 0.304618
-0.003430 0.293324
-0.002424 0.282324
-0.001424 0.271491
-0.000430 0.261069
0.000559 0.250894
0.001542 0.240921
0.002520 0.231214
0.003492 0.221810
0.004459 0.212743
0.005421 0.203803
0.006378 0.195136
0.007330 0.186703
0.008277 0.178605
0.009219 0.170597
0.010157 0.162956
0.011089 0.155460
0.012017 0.148216
0.012941 0.141289
0.013860 0.134469
0.014774 0.127731
0.015684 0.121335
0.016590 0.115142
0.017492 0.109180
0.018389 0.103340
0.019283 0.097859
0.020172 0.092508
0.021057 0.087283
0.021939 0.082233
0.022816 0.077364
0.023689 0.072670
0.024559 0.068070
0.025425 0.063727
0.026287 0.059596
0.027146 0.055630
0.028001 0.051774
0.028852 0.048093
0.029700 0.044617
0.030545 0.041230
0.031386 0.038062
0.032223 0.034989
0.033057 0.032092
0.033888 0.029424
0.034716 0.026726
0.035540 0.024261
0.036361 0.021887
0.037179 0.019713
0.037994 0.017669
0.038806 0.015747
0.039615 0.013957
0.040420 0.012263
0.041223 0.010701
0.042023 0.009244
0.042820 0.007885
0.043614 0.006672
0.044405 0.005524
0.045193 0.004512
0.045978 0.003607
0.046761 0.002808
0.047541 0.002113
0.048318 0.001520
0.049093 0.001026
0.049865 0.000668
0.050634 0.000352
0.051401 0.000137
0.052165 0.000020
0.052546 0.000000
0.052927 -0.000000
0.053691 0.000076
0.054458 0.000248
0.055227 0.000516
0.055999 0.000881
0.056773 0.001253
0.057550 0.001776
0.058330 0.002390
0.059113 0.003095
0.059899 0.003891
0.060687 0.004778
0.061478 0.005757
0.062272 0.006827
0.063069 0.007988
0.063868 0.009135
0.064671 0.010464
0.065477 0.011885
0.066286 0.013396
0.067097 0.014998
0.067912 0.016692
0.068730 0.018476
0.069551 0.020352
0.070376 0.022320
0.071203 0.024380
0.072034 0.026531
0.072868 0.028774
0.073706 0.031110
0.074547 0.033537
0.075391 0.036057
0.076239 0.038670
0.077091 0.041375
0.077946 0.044174
0.078804 0.047065
0.079666 0.050050
0.080532 0.053129
0.081402 0.056301
0.082276 0.059567
0.083153 0.062717
0.084034 0.066161
0.084920 0.069700
0.085809 0.073333
0.086702 0.077097
0.087600 0.080923
0.088501 0.084844
0.089407 0.088861
0.090317 0.092974
0.091232 0.097183
0.092151 0.101489
0.093074 0.105893
0.094002 0.110394
0.094935 0.114993
0.095872 0.119690
0.096815 0.124486
0.097762 0.129381
0.098713 0.134375
0.099670 0.139470
0.100632 0.144665
0.101599 0.149961
0.102572 0.155359
0.103549 0.160858
0.104533 0.166461
0.105521 0.172166
0.106515 0.177976
0.107515 0.183889
0.108521 0.189908
0.109533 0.196033
0.110550 0.202264
0.111574 0.208603
0.112604 0.215050
0.113640 0.221605
0.114683 0.228270
0.115732 0.235046
0.116788 0.241934
0.117851 0.248934
0.118921 0.256047
0.119998 0.263275
0.121082 0.270619
0.122174 0.278080
0.123273 0.285658
0.124380 0.293356
0.125495 0.301175
0.126618 0.309115
0.127749 0.317179
0.128888 0.325368
0.130036 0.333683
0.131193 0.342126
0.132359 0.350699
0.133534 0.359403
0.134718 0.368241
0.135912 0.377214
0.137117 0.386325
0.138331 0.395575
0.139555 0.404968
0.140791 0.414504
0.142037 0.424188
0.143295 0.434020
0.144564 0.444005
0.145845 0.454145
0.147138 0.464243
0.148444 0.474700
0.149763 0.485321
0.151096 0.496110
0.152442 0.507071
0.153803 0.518208
0.155178 0.529525
0.156568 0.541026
0.157974 0.552717
0.159396 0.564602
0.160836 0.576687
0.162292 0.588977
0.163767 0.601478
0.165260 0.614197
0.166773 0.627140
0.168307 0.640357
0.169861 0.653773
0.171438 0.667438
0.173037 0.681359
0.174661 0.695548
0.176310 0.710015
0.177985 0.724770
0.179688 0.739828
0.181420 0.755200
0.183182 0.770902
0.184977 0.786949
0.186807 0.803360
0.188672 0.820160
0.190576 0.837351
0.192521 0.854976
0.194509 0.873062
0.196545 0.891626
0.198630 0.910707
0.200770 0.930339
0.202969 0.950569
0.205231 0.971441
0.207563 0.992999
0.209971 1.015286
0.212464 1.038548
0.215052 1.062690
0.217745 1.087870
0.220557 1.114231
0.223508 1.141943
0.226618 1.171018
0.229917 1.202142
0.233444 1.235467
0.237255 1.271541
0.241431 1.311144
0.246104 1.355528
0.251508 1.406940
0.258155 1.470281
0.267811 1.562397
