-1.840196 3.537874
-1.760016 3.227248
-1.704812 3.021698
-1.659940 2.859614
-1.621140 2.723071
-1.586460 2.603864
-1.554815 2.497418
-1.525523 2.400875
-1.498128 2.312307
-1.472302 2.230340
-1.447803 2.153955
-1.424446 2.082370
-1.402083 2.014971
-1.380599 1.951265
-1.359897 1.890848
-1.339897 1.833384
-1.320533 1.778791
-1.301747 1.726427
-1.283490 1.676290
-1.265721 1.628201
-1.248402 1.582005
-1.231500 1.537564
-1.214987 1.494758
-1.198837 1.453479
-1.183027 1.413630
-1.167537 1.375124
-1.152347 1.337883
-1.137442 1.301836
-1.122805 1.266918
-1.108422 1.233071
-1.094282 1.200241
-1.080371 1.168377
-1.066680 1.137434
-1.053198 1.107370
-1.039915 1.078146
-1.026824 1.049726
-1.013915 1.022075
-1.001183 0.995162
-0.988618 0.968958
-0.976217 0.943436
-0.963971 0.918570
-0.951875 0.894335
-0.939924 0.870709
-0.928114 0.847670
-0.916438 0.825199
-0.904892 0.803276
-0.893473 0.781883
-0.882176 0.761003
-0.870997 0.740621
-0.859933 0.720720
-0.848980 0.701287
-0.838135 0.682307
-0.827395 0.663768
-0.816756 0.645656
-0.806217 0.627960
-0.795773 0.610668
-0.785424 0.593770
-0.775166 0.577255
-0.764996 0.561113
-0.754913 0.545334
-0.744914 0.529910
-0.734998 0.514832
-0.725162 0.500191
-0.715405 0.485777
-0.705723 0.471684
-0.696117 0.457905
-0.686584 0.444433
-0.677122 0.431261
-0.667730 0.418383
-0.658406 0.405791
-0.649149 0.393480
-0.639958 0.381444
-0.630831 0.369677
-0.621766 0.358173
-0.612763 0.346927
-0.603820 0.335935
-0.594936 0.325190
-0.586110 0.314688
-0.577340 0.304425
-0.568627 0.294395
-0.559968 0.284595
-0.551362 0.275020
-0.542809 0.265666
-0.534308 0.256529
-0.525858 0.247605
-0.517458 0.238890
-0.509106 0.230381
-0.500803 0.222074
-0.492547 0.213966
-0.484337 0.206053
-0.476174 0.198332
-0.468055 0.190800
-0.459980 0.183453
-0.451949 0.176290
-0.443961 0.169306
-0.436015 0.162499
-0.428110 0.155866
-0.420247 0.149404
-0.412423 0.143112
-0.404639 0.136985
-0.396895 0.131023
-0.389188 0.125221
-0.381520 0.119579
-0.373888 0.114093
-0.366294 0.108762
-0.358736 0.103582
-0.351213 0.098553
-0.343726 0.093671
-0.336274 0.088936
-0.328855 0.084344
-0.321471 0.079893
-0.314120 0.075583
-0.306802 0.071411
-0.299516 0.067374
-0.292262 0.063473
-0.285040 0.059743
-0.277849 0.056103
-0.270689 0.052592
-0.263560 0.049208
-0.256460 0.045950
-0.249390 0.042817
-0.242349 0.039807
-0.235337 0.036918
-0.228354 0.034148
-0.221399 0.031498
-0.214472 0.028964
-0.207572 0.026546
-0.200700 0.024242
-0.193854 0.022050
-0.187035 0.019971
-0.180243 0.018001
-0.173476 0.016141
-0.166735 0.014389
-0.160019 0.012742
-0.153329 0.011202
-0.146663 0.009765
-0.140022 0.008431
-0.133405 0.007200
-0.126812 0.006069
-0.120243 0.005037
-0.113698 0.004127
-0.107175 0.003287
-0.100676 0.002544
-0.094200 0.001896
-0.087745 0.001344
-0.081314 0.000887
-0.074904 0.000525
-0.068516 0.000258
-0.062150 0.000081
-0.055805 -0.000007
-0.052641 0.000000
-0.049476 -0.000008
-0.043132 0.000080
-0.036765 0.000258
-0.030378 0.000526
-0.023968 0.000885
-0.017536 0.001338
-0.011082 0.001884
-0.004606 0.002525
0.001894 0.003261
0.008416 0.004095
0.014962 0.005026
0.021531 0.006056
0.028124 0.007186
0.034740 0.008417
0.041381 0.009750
0.048047 0.011186
0.054738 0.012680
0.061453 0.014322
0.068194 0.016070
0.074961 0.017926
0.081754 0.019890
0.088573 0.021965
0.095418 0.024151
0.102291 0.026449
0.109190 0.028862
0.116117 0.031390
0.123072 0.034035
0.130056 0.036799
0.137068 0.039681
0.144108 0.042685
0.151178 0.045812
0.158278 0.049023
0.165408 0.052397
0.172568 0.055899
0.179759 0.059530
0.186981 0.063291
0.194234 0.067185
0.201520 0.071212
0.208838 0.075376
0.216189 0.079677
0.223574 0.084118
0.230992 0.088700
0.238444 0.093426
0.245932 0.098297
0.253454 0.103316
0.261012 0.108484
0.268607 0.113804
0.276238 0.119278
0.283906 0.124908
0.291613 0.130697
0.299358 0.136646
0.307142 0.142759
0.314965 0.149037
0.322829 0.155484
0.330733 0.162102
0.338679 0.168893
0.346667 0.175861
0.354699 0.183008
0.362773 0.190337
0.370892 0.197851
0.379056 0.205553
0.387265 0.213447
0.395521 0.221535
0.403825 0.229822
0.412176 0.238309
0.420576 0.247002
0.429027 0.255903
0.437528 0.265017
0.446081 0.274346
0.454686 0.283896
0.463345 0.293670
0.472059 0.303673
0.480828 0.313908
0.489654 0.324381
0.498538 0.335096
0.507481 0.346058
0.516484 0.357271
0.525549 0.368742
0.534676 0.380475
0.543868 0.392476
0.553125 0.404750
0.562448 0.417304
0.571840 0.430144
0.581302 0.443275
0.590835 0.456706
0.600442 0.470441
0.610123 0.484489
0.619880 0.498858
0.629717 0.513554
0.639633 0.528585
0.649631 0.543961
0.659714 0.559689
0.669884 0.575779
0.680142 0.592241
0.690492 0.609084
0.700935 0.626318
0.711474 0.643954
0.722113 0.661902
0.732853 0.680375
0.743698 0.699286
0.754651 0.718648
0.765715 0.738475
0.776894 0.758781
0.788191 0.779581
0.799610 0.800891
0.811156 0.822729
0.822832 0.845112
0.834643 0.868059
0.846593 0.891590
0.858689 0.915726
0.870935 0.940491
0.883337 0.965906
0.895901 0.992000
0.908634 1.018798
0.921542 1.046329
0.934633 1.074626
0.947916 1.103721
0.961398 1.133650
0.975090 1.164453
0.989000 1.196171
1.003141 1.228850
1.017523 1.262538
1.032160 1.297290
1.047065 1.333163
1.062255 1.370223
1.077745 1.408539
1.093555 1.448190
1.109705 1.489261
1.126218 1.531848
1.143120 1.576058
1.160439 1.622011
1.178209 1.669844
1.196465 1.719711
1.215251 1.771789
1.234616 1.826281
1.254615 1.883427
1.275318 1.943506
1.296802 2.006849
1.319164 2.073858
1.342521 2.145022
1.367020 2.220951
1.392846 2.302420
1.420242 2.390441
1.449533 2.486376
1.481179 2.592138
1.515858 2.710564
1.554658 2.846191
1.599530 3.007160
1.654734 3.211047
1.734914 3.519367
