-0.929289 4.344817
-0.877526 3.606653
-0.841886 3.131653
-0.812917 2.767273
-0.787868 2.469014
-0.765479 2.216420
-0.745049 1.997538
-0.726139 1.805330
-0.708452 1.634812
-0.691779 1.482397
-0.675963 1.345497
-0.660883 1.221994
-0.646447 1.110248
-0.632577 1.008814
-0.619211 0.916543
-0.606300 0.832684
-0.593798 0.756298
-0.581670 0.686671
-0.569884 0.623179
-0.558412 0.565268
-0.547231 0.512642
-0.536319 0.464436
-0.525658 0.420473
-0.515232 0.380392
-0.505025 0.343862
-0.495025 0.310583
-0.485218 0.280279
-0.475596 0.252633
-0.466146 0.227554
-0.456861 0.204757
-0.447732 0.184069
-0.438751 0.165256
-0.429912 0.148189
-0.421208 0.132910
-0.412633 0.118874
-0.404181 0.106165
-0.395848 0.094664
-0.387628 0.084267
-0.379516 0.074875
-0.371510 0.066400
-0.363604 0.058760
-0.355795 0.051880
-0.348080 0.045692
-0.340455 0.040133
-0.332917 0.035146
-0.325463 0.030777
-0.318091 0.026772
-0.310798 0.023197
-0.303581 0.020013
-0.296438 0.017183
-0.289366 0.014675
-0.282365 0.012458
-0.275431 0.010505
-0.268563 0.008791
-0.261759 0.007293
-0.255017 0.005989
-0.248335 0.004861
-0.241712 0.003927
-0.235147 0.003092
-0.228638 0.002387
-0.222183 0.001798
-0.215781 0.001312
-0.209431 0.000961
-0.203131 0.000637
-0.196881 0.000389
-0.190679 0.000209
-0.184525 0.000089
-0.178416 0.000021
-0.172353 0.000000
-0.166333 0.000019
-0.160357 0.000072
-0.154423 0.000154
-0.148531 0.000262
-0.142679 0.000390
-0.136866 0.000535
-0.131093 0.000694
-0.125357 0.000863
-0.119659 0.001040
-0.113998 0.001168
-0.108372 0.001345
-0.102782 0.001523
-0.097226 0.001699
-0.091705 0.001874
-0.086217 0.002044
-0.080761 0.002209
-0.075338 0.002367
-0.069946 0.002518
-0.064586 0.002661
-0.059256 0.002796
-0.053956 0.002920
-0.048685 0.003034
-0.043444 0.003138
-0.038231 0.003231
-0.033046 0.003313
-0.027889 0.003383
-0.022759 0.003441
-0.017656 0.003488
-0.012579 0.003523
-0.007528 0.003546
-0.002503 0.003558
0.002503 0.003558
0.007528 0.003546
0.012579 0.003523
0.017656 0.003488
0.022759 0.003441
0.027889 0.003383
0.033046 0.003313
0.038231 0.003231
0.043444 0.003138
0.048685 0.003034
0.053956 0.002920
0.059256 0.002796
0.064586 0.002661
0.069946 0.002518
0.075338 0.002367
0.080761 0.002209
0.086217 0.002044
0.091705 0.001874
0.097226 0.001699
0.102782 0.001523
0.108372 0.001345
0.113998 0.001168
0.119659 0.001040
0.125357 0.000863
0.131093 0.000694
0.136866 0.000535
0.142679 0.000390
0.148531 0.000262
0.154423 0.000154
0.160357 0.000072
0.166333 0.000019
0.172353 0.000000
0.172354 0.000000
0.178416 0.000021
0.184525 0.000089
0.190679 0.000209
0.196881 0.000389
0.203131 0.000637
0.209431 0.000961
0.215781 0.001312
0.222183 0.001798
0.228638 0.002387
0.235147 0.003092
0.241712 0.003927
0.248335 0.004861
0.255017 0.005989
0.261759 0.007293
0.268563 0.008791
0.275431 0.010505
0.282365 0.012458
0.289366 0.014675
0.296438 0.017183
0.303581 0.020013
0.310798 0.023197
0.318091 0.026772
0.325463 0.030777
0.332917 0.035146
0.340455 0.040133
0.348080 0.045692
0.355795 0.051880
0.363604 0.058760
0.371510 0.066400
0.379516 0.074875
0.387628 0.084267
0.395848 0.094664
0.404181 0.106165
0.412633 0.118874
0.421208 0.132910
0.429912 0.148189
0.438751 0.165256
0.447732 0.184069
0.456861 0.204757
0.466146 0.227554
0.475596 0.252633
0.485218 0.280279
0.495025 0.310583
0.505025 0.343862
0.515232 0.380392
0.525658 0.420473
0.536319 0.464436
0.547231 0.512642
0.558412 0.565268
0.569884 0.623179
0.581670 0.686671
0.593798 0.756298
0.606300 0.832684
0.619211 0.916543
0.632577 1.008814
0.646447 1.110248
0.660883 1.221994
0.675963 1.345497
0.691779 1.482397
0.708452 1.634812
0.726139 1.805330
0.745049 1.997538
0.765479 2.216420
0.787868 2.469014
0.812917 2.767273
0.841886 3.131653
0.877526 3.606653
0.929289 4.344817
