-1.390423 3.222377
-1.168854 2.238018
-1.016304 1.663790
-0.892306 1.259940
-0.785086 0.956511
-0.689253 0.721455
-0.601804 0.536706
-0.520861 0.390815
-0.445157 0.275882
-0.373789 0.186101
-0.306089 0.117145
-0.241544 0.066768
-0.179748 0.032070
-0.120379 0.010924
-0.063171 0.001185
-0.035307 0.000000
-0.007443 0.001149
0.049765 0.010107
0.109134 0.028191
0.170930 0.055972
0.235476 0.094794
0.303176 0.145770
0.374543 0.211452
0.450247 0.295474
0.531190 0.401048
0.618639 0.533662
0.714472 0.701383
0.821692 0.917296
0.945690 1.205037
1.098240 1.614730
1.319809 2.318868
