-1.667072 3.546411
-1.588489 3.234668
-1.534384 3.028408
-1.490406 2.865682
-1.452379 2.728700
-1.418390 2.609118
-1.387375 2.502346
-1.358667 2.405513
-1.331817 2.316684
-1.306506 2.234481
-1.282495 2.157880
-1.259602 2.086096
-1.237686 2.018513
-1.216629 1.954636
-1.196339 1.894060
-1.176738 1.836447
-1.157759 1.781516
-1.139347 1.729222
-1.121455 1.678961
-1.104039 1.630755
-1.087065 1.584448
-1.070500 1.539902
-1.054316 1.496997
-1.038487 1.455623
-1.022992 1.415684
-1.007810 1.377092
-0.992923 1.339769
-0.978315 1.303645
-0.963969 1.268653
-0.949874 1.234735
-0.936015 1.201836
-0.922381 1.169907
-0.908962 1.138902
-0.895749 1.108779
-0.882731 1.079497
-0.869900 1.051022
-0.857249 1.023319
-0.844770 0.996355
-0.832456 0.970103
-0.820301 0.944535
-0.808299 0.919623
-0.796444 0.895346
-0.784732 0.871678
-0.773156 0.848600
-0.761713 0.826090
-0.750397 0.804131
-0.739205 0.782703
-0.728133 0.761789
-0.717177 0.741374
-0.706333 0.721442
-0.695598 0.701979
-0.684969 0.682970
-0.674443 0.664402
-0.664016 0.646263
-0.653687 0.628541
-0.643452 0.611224
-0.633308 0.594302
-0.623254 0.577764
-0.613287 0.561599
-0.603405 0.545799
-0.593606 0.530355
-0.583887 0.515257
-0.574247 0.500496
-0.564683 0.486066
-0.555195 0.472052
-0.545780 0.458256
-0.536437 0.444767
-0.527163 0.431580
-0.517959 0.418686
-0.508820 0.406079
-0.499748 0.393754
-0.490740 0.381705
-0.481794 0.369924
-0.472910 0.358408
-0.464086 0.347150
-0.455321 0.336146
-0.446614 0.325390
-0.437964 0.314878
-0.429369 0.304604
-0.420829 0.294565
-0.412343 0.284755
-0.403909 0.275171
-0.395526 0.265809
-0.387194 0.256663
-0.378912 0.247731
-0.370679 0.239009
-0.362494 0.230493
-0.354356 0.222179
-0.346265 0.214064
-0.338219 0.206145
-0.330217 0.198418
-0.322260 0.190880
-0.314347 0.183528
-0.306475 0.176359
-0.298646 0.169370
-0.290859 0.162558
-0.283112 0.155921
-0.275404 0.149455
-0.267737 0.143158
-0.260108 0.137028
-0.252517 0.131062
-0.244965 0.125257
-0.237449 0.119611
-0.229970 0.114122
-0.222526 0.108788
-0.215119 0.103606
-0.207746 0.098574
-0.200408 0.093690
-0.193104 0.088952
-0.185833 0.084358
-0.178596 0.079906
-0.171392 0.075593
-0.164219 0.071419
-0.157078 0.067382
-0.149969 0.063478
-0.142891 0.059708
-0.135843 0.056068
-0.128826 0.052596
-0.121838 0.049211
-0.114880 0.045952
-0.107951 0.042818
-0.101050 0.039806
-0.094178 0.036916
-0.087334 0.034146
-0.080517 0.031495
-0.073728 0.028961
-0.066966 0.026542
-0.060230 0.024237
-0.053521 0.022046
-0.046838 0.019966
-0.040181 0.017997
-0.033549 0.016136
-0.026942 0.014383
-0.020360 0.012737
-0.013803 0.011197
-0.007270 0.009760
-0.000761 0.008427
0.005724 0.007195
0.012185 0.006064
0.018624 0.005033
0.025039 0.004100
0.031431 0.003283
0.037801 0.002539
0.044149 0.001892
0.050474 0.001341
0.056778 0.000885
0.063060 0.000525
0.069320 0.000258
0.075560 0.000081
0.081778 -0.000007
0.084880 0.000000
0.087981 -0.000007
0.094200 0.000081
0.100439 0.000260
0.106700 0.000529
0.112982 0.000891
0.119285 0.001345
0.125611 0.001893
0.131958 0.002537
0.138328 0.003276
0.144720 0.004112
0.151136 0.005046
0.157574 0.006030
0.164035 0.007158
0.170520 0.008386
0.177029 0.009716
0.183562 0.011148
0.190119 0.012685
0.196701 0.014327
0.203308 0.016075
0.209940 0.017931
0.216597 0.019895
0.223280 0.021970
0.229990 0.024156
0.236725 0.026455
0.243487 0.028868
0.250277 0.031396
0.257093 0.034041
0.263937 0.036767
0.270810 0.039647
0.277710 0.042649
0.284639 0.045772
0.291598 0.049020
0.298585 0.052394
0.305603 0.055895
0.312650 0.059524
0.319729 0.063284
0.326838 0.067177
0.333978 0.071203
0.341151 0.075365
0.348356 0.079664
0.355593 0.084103
0.362863 0.088684
0.370167 0.093407
0.377505 0.098276
0.384878 0.103292
0.392286 0.108458
0.399729 0.113775
0.407208 0.119246
0.414724 0.124873
0.422277 0.130659
0.429867 0.136604
0.437496 0.142713
0.445164 0.148988
0.452871 0.155431
0.460618 0.162044
0.468406 0.168831
0.476235 0.175794
0.484106 0.182936
0.492020 0.190260
0.499977 0.197769
0.507978 0.205465
0.516024 0.213353
0.524115 0.221435
0.532253 0.229715
0.540439 0.238196
0.548672 0.246881
0.556954 0.255775
0.565286 0.264880
0.573668 0.274202
0.582102 0.283743
0.590588 0.293508
0.599128 0.303502
0.607723 0.313727
0.616373 0.324190
0.625080 0.334895
0.633845 0.345846
0.642669 0.357048
0.651553 0.368507
0.660499 0.380228
0.669507 0.392216
0.678580 0.404477
0.687718 0.417017
0.696923 0.429842
0.706196 0.442959
0.715540 0.456374
0.724955 0.470093
0.734443 0.484125
0.744006 0.498476
0.753646 0.513153
0.763365 0.528166
0.773164 0.543523
0.783047 0.559231
0.793014 0.575300
0.803068 0.591740
0.813211 0.608560
0.823446 0.625668
0.833776 0.643278
0.844202 0.661300
0.854729 0.679747
0.865358 0.698631
0.876092 0.717964
0.886936 0.737762
0.897892 0.758037
0.908965 0.778805
0.920156 0.800083
0.931472 0.821886
0.942915 0.844234
0.954491 0.867144
0.966204 0.890636
0.978058 0.914733
0.990060 0.939455
1.002215 0.964828
1.014529 0.990876
1.027008 1.017627
1.039659 1.045110
1.052490 1.073356
1.065508 1.102399
1.078722 1.132273
1.092141 1.163018
1.105774 1.194676
1.119633 1.227292
1.133729 1.260915
1.148074 1.295599
1.162683 1.331401
1.177570 1.368386
1.192752 1.406623
1.208247 1.446192
1.224075 1.487176
1.240259 1.529672
1.256824 1.573786
1.273799 1.619639
1.291214 1.667366
1.309107 1.717120
1.327519 1.769078
1.346497 1.823445
1.366099 1.880456
1.386389 1.940390
1.407445 2.003579
1.429362 2.070423
1.452254 2.141408
1.476265 2.217144
1.501577 2.298401
1.528426 2.386189
1.557134 2.481866
1.588150 2.587137
1.622138 2.705221
1.660166 2.840448
1.704144 3.000931
1.758248 3.204392
1.836831 3.511738
