-1.848761 3.468186
-1.765472 3.164274
-1.708127 2.963129
-1.661515 2.804497
-1.621210 2.670848
-1.585186 2.554154
-1.552313 2.449944
-1.521886 2.355420
-1.493428 2.268697
-1.466600 2.188431
-1.441151 2.113678
-1.416888 2.043568
-1.393658 1.977553
-1.371341 1.915151
-1.349836 1.855967
-1.329061 1.799673
-1.308945 1.745993
-1.289431 1.694694
-1.270466 1.645573
-1.252008 1.598457
-1.234017 1.553192
-1.216460 1.509646
-1.199306 1.467699
-1.182530 1.427245
-1.166107 1.388192
-1.150016 1.350453
-1.134237 1.313951
-1.118754 1.278619
-1.103549 1.244506
-1.088609 1.211324
-1.073920 1.179137
-1.059470 1.147896
-1.045248 1.117557
-1.031242 1.088078
-1.017445 1.059422
-1.003846 1.031552
-0.990437 1.004435
-0.977210 0.978041
-0.964159 0.952341
-0.951276 0.927308
-0.938555 0.902917
-0.925991 0.879143
-0.913577 0.855966
-0.901308 0.833363
-0.889179 0.811315
-0.877186 0.789804
-0.865323 0.768812
-0.853588 0.748321
-0.841976 0.728317
-0.830483 0.708785
-0.819105 0.689710
-0.807839 0.671078
-0.796683 0.652877
-0.785632 0.635094
-0.774683 0.617719
-0.763835 0.600739
-0.753084 0.584144
-0.742428 0.567925
-0.731864 0.552070
-0.721390 0.536572
-0.711004 0.521420
-0.700703 0.506607
-0.690486 0.492124
-0.680349 0.477963
-0.670293 0.464117
-0.660314 0.450579
-0.650411 0.437341
-0.640582 0.424397
-0.630826 0.411740
-0.621141 0.399365
-0.611525 0.387264
-0.601977 0.375433
-0.592496 0.363865
-0.583079 0.352556
-0.573727 0.341499
-0.564437 0.330690
-0.555209 0.320125
-0.546040 0.309798
-0.536931 0.299704
-0.527879 0.289840
-0.518885 0.280201
-0.509946 0.270782
-0.501061 0.261581
-0.492230 0.252592
-0.483452 0.243812
-0.474726 0.235238
-0.466051 0.226866
-0.457425 0.218692
-0.448849 0.210713
-0.440321 0.202926
-0.431841 0.195327
-0.423407 0.187914
-0.415020 0.180683
-0.406677 0.173632
-0.398379 0.166757
-0.390125 0.160056
-0.381914 0.153526
-0.373745 0.147165
-0.365618 0.140970
-0.357533 0.134938
-0.349487 0.129067
-0.341482 0.123354
-0.333516 0.117798
-0.325589 0.112396
-0.317700 0.107146
-0.309849 0.102045
-0.302035 0.097092
-0.294257 0.092284
-0.286516 0.087620
-0.278810 0.083097
-0.271139 0.078713
-0.263503 0.074467
-0.255901 0.070357
-0.248333 0.066381
-0.240798 0.062538
-0.233295 0.058824
-0.225826 0.055240
-0.218388 0.051783
-0.210982 0.048451
-0.203607 0.045243
-0.196262 0.042158
-0.188949 0.039194
-0.181665 0.036349
-0.174411 0.033622
-0.167186 0.031012
-0.159990 0.028517
-0.152823 0.026135
-0.145684 0.023866
-0.138573 0.021731
-0.131490 0.019682
-0.124434 0.017742
-0.117404 0.015910
-0.110402 0.014183
-0.103426 0.012562
-0.096476 0.011044
-0.089552 0.009629
-0.082653 0.008315
-0.075780 0.007102
-0.068931 0.005988
-0.062107 0.004972
-0.055308 0.004054
-0.048533 0.003231
-0.041781 0.002504
-0.035054 0.001870
-0.028349 0.001330
-0.021668 0.000882
-0.015010 0.000525
-0.008374 0.000259
-0.001761 0.000082
0.004830 -0.000007
0.008117 0.000000
0.011404 -0.000008
0.017995 0.000079
0.024608 0.000254
0.031243 0.000518
0.037902 0.000873
0.044583 0.001318
0.051287 0.001856
0.058015 0.002487
0.064766 0.003213
0.071542 0.004033
0.078341 0.004949
0.085165 0.005962
0.092013 0.007074
0.098887 0.008285
0.105785 0.009596
0.112710 0.011008
0.119660 0.012523
0.126636 0.014142
0.133638 0.015865
0.140667 0.017695
0.147723 0.019632
0.154807 0.021677
0.161918 0.023832
0.169057 0.026098
0.176224 0.028455
0.183420 0.030947
0.190644 0.033554
0.197898 0.036277
0.205182 0.039119
0.212496 0.042079
0.219840 0.045161
0.227215 0.048365
0.234621 0.051693
0.242059 0.055146
0.249529 0.058727
0.257031 0.062436
0.264566 0.066275
0.272134 0.070247
0.279736 0.074352
0.287373 0.078594
0.295043 0.082972
0.302749 0.087490
0.310491 0.092150
0.318268 0.096952
0.326082 0.101900
0.333934 0.106996
0.341823 0.112240
0.349750 0.117637
0.357716 0.123187
0.365721 0.128893
0.373766 0.134758
0.381852 0.140783
0.389979 0.146972
0.398147 0.153327
0.406359 0.159849
0.414613 0.166543
0.422911 0.173410
0.431253 0.180454
0.439641 0.187677
0.448074 0.195083
0.456555 0.202673
0.465083 0.210452
0.473659 0.218422
0.482284 0.226588
0.490960 0.234951
0.499686 0.243516
0.508464 0.252286
0.517295 0.261265
0.526179 0.270456
0.535118 0.279865
0.544113 0.289494
0.553165 0.299347
0.562274 0.309430
0.571442 0.319746
0.580671 0.330300
0.589961 0.341097
0.599313 0.352142
0.608729 0.363439
0.618211 0.374995
0.627759 0.386813
0.637374 0.398901
0.647060 0.411263
0.656816 0.423907
0.666645 0.436837
0.676548 0.450061
0.686527 0.463585
0.696583 0.477416
0.706719 0.491562
0.716937 0.506030
0.727237 0.520828
0.737624 0.535964
0.748098 0.551446
0.758662 0.567285
0.769318 0.583488
0.780069 0.600066
0.790917 0.617029
0.801865 0.634387
0.812916 0.652152
0.824073 0.670335
0.835339 0.688949
0.846716 0.708006
0.858210 0.727520
0.869822 0.747505
0.881557 0.767976
0.893419 0.788948
0.905412 0.810440
0.917541 0.832467
0.929810 0.855050
0.942224 0.878206
0.954789 0.901959
0.967510 0.926329
0.980393 0.951340
0.993444 0.976954
1.006670 1.003324
1.020079 1.030416
1.033678 1.058260
1.047476 1.086891
1.061481 1.116343
1.075704 1.146654
1.090154 1.177866
1.104843 1.210024
1.119783 1.243176
1.134987 1.277375
1.150471 1.312678
1.166249 1.349149
1.182341 1.386857
1.198763 1.425879
1.215540 1.466298
1.232693 1.508211
1.250250 1.551722
1.268241 1.596949
1.286700 1.644027
1.305664 1.693108
1.325179 1.744366
1.345294 1.798002
1.366070 1.854251
1.387575 1.913388
1.409892 1.975740
1.433121 2.041703
1.457385 2.111758
1.482834 2.186506
1.509661 2.266711
1.538119 2.353369
1.568547 2.447823
1.601419 2.551958
1.637444 2.668567
1.677748 2.802121
1.724360 2.960641
1.781705 3.161647
1.864995 3.465352
