-1.610516 2.612982
-1.347187 1.828561
-1.165886 1.369519
-1.018517 1.045189
-0.891090 0.800019
-0.777196 0.608502
-0.673265 0.456758
-0.577066 0.335510
-0.487094 0.239007
-0.402276 0.162998
-0.321817 0.104390
-0.245106 0.060573
-0.171664 0.029727
-0.101105 0.010319
-0.033115 0.001114
0.000001 0.000000
0.033116 0.001116
0.101106 0.010350
0.171665 0.029865
0.245107 0.060943
0.321818 0.104995
0.402277 0.164133
0.487095 0.240705
0.577067 0.337663
0.673266 0.459797
0.777197 0.612783
0.891091 0.805598
1.018519 1.052275
1.165887 1.378983
1.347189 1.841260
1.610517 2.631364
