-0.250547 3.114962
-0.239307 2.903510
-0.231567 2.758868
-0.225277 2.642156
-0.219837 2.541859
-0.214976 2.452745
-0.210539 2.372084
-0.206433 2.297643
-0.202592 2.228428
-0.198972 2.163544
-0.195537 2.102354
-0.192263 2.044355
-0.189128 1.989149
-0.186116 1.936422
-0.183214 1.885913
-0.180410 1.837407
-0.177695 1.790701
-0.175062 1.745690
-0.172502 1.702214
-0.170011 1.660161
-0.167583 1.619429
-0.165214 1.580114
-0.162899 1.541756
-0.160635 1.504487
-0.158418 1.468243
-0.156247 1.432970
-0.154117 1.398618
-0.152028 1.365141
-0.149976 1.332497
-0.147960 1.300648
-0.145977 1.269575
-0.144027 1.239218
-0.142108 1.209560
-0.140218 1.180575
-0.138356 1.152237
-0.136520 1.124523
-0.134711 1.097412
-0.132926 1.070882
-0.131164 1.044915
-0.129426 1.019494
-0.127709 0.994603
-0.126013 0.970224
-0.124338 0.946345
-0.122682 0.922951
-0.121045 0.900029
-0.119427 0.877566
-0.117826 0.855552
-0.116242 0.833976
-0.114675 0.812826
-0.113124 0.792093
-0.111588 0.771767
-0.110068 0.751823
-0.108562 0.732484
-0.107071 0.713317
-0.105593 0.694525
-0.104129 0.676101
-0.102678 0.658037
-0.101240 0.640326
-0.099815 0.622963
-0.098401 0.605939
-0.096999 0.589252
-0.095609 0.572891
-0.094230 0.556853
-0.092862 0.541131
-0.091505 0.525721
-0.090158 0.510619
-0.088822 0.495817
-0.087496 0.481313
-0.086179 0.467101
-0.084872 0.453176
-0.083574 0.439535
-0.082286 0.426173
-0.081006 0.413086
-0.079735 0.400272
-0.078473 0.387728
-0.077219 0.375447
-0.075974 0.363424
-0.074737 0.351657
-0.073507 0.340142
-0.072286 0.328876
-0.071072 0.317854
-0.069865 0.307075
-0.068666 0.296534
-0.067475 0.286228
-0.066290 0.276146
-0.065112 0.266310
-0.063941 0.256694
-0.062777 0.247301
-0.061620 0.238128
-0.058186 0.211996
-0.057054 0.203673
-0.055929 0.195553
-0.054809 0.187630
-0.053695 0.179915
-0.052587 0.172403
-0.051484 0.165087
-0.050387 0.157967
-0.049296 0.151040
-0.048210 0.144302
-0.047130 0.137750
-0.046055 0.131335
-0.044985 0.125351
-0.043921 0.119315
-0.042861 0.113461
-0.041806 0.107806
-0.040757 0.102326
-0.039712 0.097015
-0.038672 0.091872
-0.037637 0.086895
-0.036606 0.082082
-0.035580 0.077430
-0.034559 0.072939
-0.033542 0.068602
-0.032530 0.064351
-0.031522 0.060326
-0.030518 0.056452
-0.029518 0.052726
-0.028523 0.049146
-0.027532 0.045710
-0.026545 0.042416
-0.025562 0.039454
-0.024583 0.036422
-0.023608 0.033529
-0.022637 0.030769
-0.021669 0.028141
-0.020706 0.025644
-0.019746 0.023276
-0.018790 0.021034
-0.017838 0.018828
-0.016889 0.016845
-0.015944 0.014982
-0.015003 0.013237
-0.014065 0.011801
-0.013131 0.010263
-0.012199 0.008840
-0.011272 0.007530
-0.010348 0.006331
-0.009427 0.005243
-0.008509 0.004193
-0.007595 0.003333
-0.006684 0.002740
-0.005776 0.002042
-0.004871 0.001449
-0.003969 0.001049
-0.003071 0.000627
-0.002175 0.000380
-0.001283 0.000133
-0.000393 0.000013
0.000050 0.000000
0.000494 0.000018
0.001384 0.000146
0.002276 0.000399
0.003172 0.000653
0.004070 0.001073
0.004972 0.001466
0.005877 0.002043
0.006785 0.002716
0.007696 0.003282
0.008610 0.004097
0.009528 0.005082
0.010449 0.006095
0.011373 0.007200
0.012300 0.008399
0.013231 0.009690
0.014166 0.011075
0.015104 0.012553
0.016045 0.013906
0.016990 0.015545
0.017939 0.017276
0.018891 0.019099
0.019847 0.021015
0.020807 0.023128
0.021770 0.025239
0.022738 0.027442
0.023709 0.029739
0.024684 0.032129
0.025663 0.034612
0.026646 0.037188
0.027633 0.039856
0.028624 0.042619
0.029619 0.045271
0.030619 0.048208
0.031622 0.051238
0.032631 0.054361
0.033643 0.057577
0.034660 0.060886
0.035681 0.064289
0.036707 0.067785
0.037738 0.071374
0.038773 0.075057
0.039813 0.078908
0.040858 0.082781
0.041907 0.086747
0.042962 0.090807
0.044022 0.094961
0.045086 0.099208
0.046156 0.103549
0.047231 0.107984
0.048311 0.112512
0.049397 0.117134
0.050488 0.121850
0.051585 0.126660
0.052688 0.131563
0.053796 0.136561
0.054910 0.141652
0.056030 0.146838
0.057155 0.152118
0.058287 0.157492
0.059426 0.162961
0.060570 0.168524
0.061721 0.174182
0.062878 0.179935
0.064042 0.185782
0.065213 0.191725
0.066391 0.197762
0.067575 0.203896
0.068767 0.210124
0.069966 0.216247
0.071173 0.222661
0.072387 0.229171
0.073608 0.235777
0.074837 0.242480
0.076075 0.249280
0.077320 0.256177
0.078574 0.263171
0.079836 0.270263
0.081107 0.277453
0.082386 0.284742
0.083675 0.292130
0.084973 0.299617
0.086280 0.307204
0.087597 0.314931
0.088923 0.322721
0.090259 0.330612
0.091606 0.338605
0.092963 0.346702
0.094331 0.354901
0.095710 0.363205
0.097100 0.371614
0.098502 0.380129
0.099916 0.388751
0.101341 0.397480
0.102779 0.406318
0.104230 0.415266
0.105694 0.424325
0.107172 0.433495
0.108663 0.442779
0.110169 0.452178
0.111689 0.461693
0.113225 0.471325
0.114776 0.481076
0.116343 0.490949
0.117927 0.500944
0.119528 0.511064
0.121146 0.521311
0.122783 0.531687
0.124439 0.542194
0.126114 0.552836
0.127810 0.563615
0.129527 0.574533
0.131265 0.585594
0.133027 0.596801
0.134812 0.608158
0.136621 0.619667
0.138456 0.631334
0.140319 0.643161
0.142209 0.654952
0.144128 0.667105
0.146078 0.679436
0.148061 0.691948
0.150077 0.704650
0.152129 0.717549
0.154218 0.730651
0.156348 0.743967
0.158519 0.757505
0.160736 0.771276
0.163000 0.785291
0.165315 0.799564
0.167684 0.814110
0.170112 0.828945
0.172603 0.844086
0.175163 0.859556
0.177796 0.875379
0.180511 0.891582
0.183315 0.908198
0.186217 0.925266
0.189229 0.942830
0.192364 0.960945
0.195638 0.979679
0.199073 0.999244
0.202693 1.019489
0.206534 1.040679
0.210640 1.062999
0.215077 1.086709
0.219938 1.112193
0.225378 1.140065
0.231668 1.171426
0.239407 1.208674
0.250648 1.260039
