-0.126295 5.133027
-0.113874 4.761183
-0.105322 4.505527
-0.098370 4.298172
-0.092359 4.119443
-0.086987 3.960166
-0.082085 3.815330
-0.077547 3.681950
-0.073303 3.557578
-0.069302 3.440930
-0.065507 3.330826
-0.061888 3.226414
-0.058424 3.127020
-0.055096 3.032095
-0.051889 2.941317
-0.048790 2.854053
-0.045791 2.770149
-0.042880 2.689336
-0.040052 2.611382
-0.037299 2.536088
-0.034616 2.463282
-0.031998 2.392813
-0.029440 2.324549
-0.026938 2.258370
-0.024489 2.194171
-0.022089 2.131856
-0.019736 2.071340
-0.017427 2.012543
-0.015159 1.955392
-0.012931 1.899823
-0.010741 1.845774
-0.008586 1.793189
-0.006465 1.742016
-0.004376 1.692206
-0.002318 1.643715
-0.000290 1.596500
0.001709 1.550521
0.003682 1.505739
0.005628 1.462120
0.007550 1.419631
0.009447 1.378240
0.011320 1.337916
0.013172 1.298629
0.015001 1.260353
0.016810 1.223060
0.018599 1.186726
0.020368 1.151324
0.022118 1.116832
0.023850 1.083227
0.025564 1.050487
0.027261 1.018589
0.028941 0.987514
0.030604 0.957242
0.032253 0.927757
0.033885 0.899058
0.035503 0.871047
0.037106 0.843749
0.038696 0.817159
0.040271 0.791258
0.041833 0.766037
0.043382 0.741476
0.044918 0.717552
0.046442 0.694252
0.047954 0.671596
0.049453 0.649523
0.050941 0.628035
0.053884 0.586783
0.055339 0.567042
0.056783 0.547839
0.058218 0.528950
0.059641 0.510684
0.061055 0.492928
0.062460 0.475603
0.063854 0.458803
0.065240 0.442464
0.066616 0.426575
0.067983 0.411306
0.069342 0.396268
0.070692 0.381650
0.072033 0.367444
0.073366 0.353641
0.074691 0.340227
0.076008 0.327197
0.077317 0.314538
0.078619 0.302246
0.079912 0.290310
0.081199 0.278721
0.082478 0.267471
0.083750 0.256553
0.085014 0.245959
0.086272 0.235644
0.087523 0.225680
0.088767 0.216017
0.090005 0.206842
0.091235 0.197742
0.092460 0.188921
0.093678 0.180379
0.094890 0.172108
0.096096 0.164095
0.097296 0.156344
0.098490 0.148844
0.099678 0.141527
0.100860 0.134525
0.102036 0.127757
0.103207 0.121218
0.104373 0.114903
0.105532 0.108807
0.106687 0.103123
0.107836 0.097436
0.108980 0.091955
0.110119 0.086676
0.111253 0.081594
0.112381 0.076704
0.113505 0.072002
0.114624 0.067484
0.115738 0.063147
0.116847 0.058985
0.117952 0.054996
0.119051 0.051176
0.120147 0.047521
0.121237 0.044027
0.122324 0.040692
0.123405 0.037511
0.124483 0.034483
0.125556 0.031552
0.126625 0.028822
0.127690 0.026234
0.128750 0.023786
0.129806 0.021659
0.130859 0.019461
0.131907 0.017395
0.132951 0.015459
0.133992 0.013532
0.135028 0.011860
0.136061 0.010309
0.137090 0.008876
0.138115 0.007738
0.139136 0.006504
0.140154 0.005385
0.141168 0.004378
0.142178 0.003481
0.143185 0.002692
0.144188 0.002064
0.145188 0.001466
0.146184 0.000974
0.147177 0.000583
0.148167 0.000337
0.149153 0.000118
0.150136 0.000010
0.150626 0.000000
0.151117 0.000013
0.152099 0.000124
0.153086 0.000345
0.154075 0.000564
0.155068 0.000940
0.156065 0.001410
0.157064 0.001899
0.158068 0.002534
0.159075 0.003261
0.160085 0.004079
0.161099 0.004988
0.162117 0.005990
0.163138 0.007083
0.164163 0.008268
0.165192 0.009545
0.166225 0.010690
0.167261 0.012124
0.168301 0.013649
0.169346 0.015387
0.170394 0.017108
0.171446 0.018921
0.172503 0.020826
0.173563 0.022824
0.174628 0.024916
0.175697 0.026899
0.176770 0.029162
0.177847 0.031519
0.178929 0.033970
0.180015 0.036515
0.181106 0.039154
0.182201 0.041889
0.183301 0.044718
0.184406 0.047644
0.185515 0.050665
0.186629 0.053783
0.187748 0.056997
0.188871 0.060309
0.190000 0.063719
0.191134 0.067227
0.192272 0.070834
0.193416 0.074540
0.194566 0.078497
0.195720 0.082411
0.196880 0.086426
0.198045 0.090543
0.199216 0.094762
0.200393 0.099084
0.201575 0.103510
0.202763 0.107835
0.203957 0.112462
0.205157 0.117195
0.206362 0.122034
0.207574 0.126980
0.208793 0.132035
0.210017 0.137198
0.211248 0.142471
0.212486 0.147855
0.213730 0.153351
0.214981 0.158959
0.216238 0.164681
0.217503 0.170517
0.218775 0.176469
0.220054 0.182538
0.221340 0.188726
0.222634 0.195032
0.223935 0.201459
0.225244 0.208008
0.226561 0.214679
0.227886 0.221476
0.229219 0.228448
0.230561 0.235500
0.231911 0.242681
0.233269 0.249992
0.234637 0.257436
0.236013 0.265013
0.237398 0.272726
0.238793 0.280577
0.240197 0.288568
0.241611 0.296700
0.243035 0.304975
0.244469 0.313397
0.245914 0.321966
0.247369 0.330685
0.248834 0.339558
0.250311 0.348585
0.251799 0.357771
0.253299 0.367117
0.254811 0.376627
0.256334 0.386303
0.257871 0.396148
0.259420 0.406167
0.260982 0.416361
0.262557 0.426736
0.264146 0.437293
0.265750 0.448038
0.267367 0.458975
0.269000 0.470107
0.270648 0.481439
0.272312 0.492976
0.273992 0.504723
0.275689 0.516684
0.277403 0.528866
0.279135 0.541274
0.280885 0.553913
0.282654 0.566792
0.284442 0.579915
0.286251 0.593291
0.288081 0.606927
0.289932 0.620831
0.291806 0.635011
0.293703 0.649476
0.295624 0.664237
0.297571 0.679302
0.299543 0.694684
0.301543 0.710394
0.303571 0.726444
0.305629 0.742849
0.307717 0.759621
0.309838 0.776778
0.311993 0.794335
0.314184 0.812312
0.316412 0.830728
0.318679 0.849604
0.320989 0.868964
0.323342 0.888834
0.325741 0.909243
0.328191 0.930221
0.330692 0.951803
0.333251 0.974028
0.335869 0.996939
0.338552 1.020585
0.341305 1.045019
0.344133 1.070305
0.347043 1.096512
0.350043 1.123725
0.353141 1.152037
0.356348 1.181561
0.359677 1.212432
0.363141 1.244809
0.366759 1.278889
0.370555 1.314917
0.374556 1.353203
0.378800 1.394152
0.383337 1.438311
0.388240 1.486243
0.393612 1.539483
0.399623 1.599645
0.406574 1.669982
0.415126 1.757591
0.427547 1.886855
