-1.877805 3.479887
-1.794180 3.174670
-1.736605 2.972669
-1.689805 2.813367
-1.649338 2.679156
-1.613169 2.561976
-1.580164 2.457333
-1.549615 2.362419
-1.521042 2.275340
-1.494107 2.194746
-1.468556 2.119637
-1.444195 2.049245
-1.420872 1.982966
-1.398465 1.920316
-1.376873 1.860896
-1.356014 1.804380
-1.335818 1.750489
-1.316225 1.698988
-1.297184 1.649676
-1.278652 1.602376
-1.260589 1.556996
-1.242961 1.513282
-1.225738 1.471175
-1.208895 1.430568
-1.192406 1.391367
-1.176250 1.353487
-1.160408 1.316850
-1.144862 1.281387
-1.129596 1.247034
-1.114596 1.213733
-1.099848 1.181432
-1.085340 1.150081
-1.071060 1.119635
-1.056999 1.090054
-1.043146 1.061298
-1.029492 1.033332
-1.016029 1.006123
-1.002749 0.979639
-0.989646 0.953853
-0.976711 0.928737
-0.963939 0.904265
-0.951324 0.880414
-0.938860 0.857162
-0.926542 0.834488
-0.914364 0.812372
-0.902323 0.790795
-0.890413 0.769739
-0.878631 0.749188
-0.866971 0.729126
-0.855432 0.709538
-0.844009 0.690410
-0.832698 0.671728
-0.821496 0.653478
-0.810401 0.635650
-0.799408 0.618230
-0.788517 0.601209
-0.777722 0.584574
-0.767023 0.568317
-0.756417 0.552426
-0.745901 0.536894
-0.735473 0.521710
-0.725131 0.506866
-0.714872 0.492354
-0.704695 0.478166
-0.694598 0.464295
-0.684579 0.450732
-0.674637 0.437472
-0.664768 0.424506
-0.654973 0.411829
-0.645248 0.399435
-0.635594 0.387317
-0.626008 0.375469
-0.616488 0.363886
-0.607034 0.352562
-0.597644 0.341492
-0.588317 0.330671
-0.579051 0.320094
-0.569846 0.309756
-0.560700 0.299653
-0.551612 0.289780
-0.542581 0.280133
-0.533606 0.270707
-0.524686 0.261499
-0.515820 0.252504
-0.507007 0.243720
-0.498245 0.235141
-0.489535 0.226764
-0.480875 0.218587
-0.472264 0.210605
-0.463702 0.202815
-0.455188 0.195214
-0.446720 0.187800
-0.438299 0.180590
-0.429923 0.173538
-0.421591 0.166662
-0.413304 0.159961
-0.405060 0.153431
-0.396858 0.147070
-0.388699 0.140875
-0.380581 0.134844
-0.372503 0.128974
-0.364466 0.123263
-0.356468 0.117709
-0.348509 0.112308
-0.340588 0.107059
-0.332705 0.101961
-0.324859 0.097009
-0.317051 0.092204
-0.309278 0.087541
-0.301541 0.083021
-0.293840 0.078640
-0.286173 0.074397
-0.278540 0.070289
-0.270941 0.066316
-0.263376 0.062475
-0.255844 0.058764
-0.248344 0.055183
-0.240876 0.051728
-0.233440 0.048399
-0.226036 0.045194
-0.218662 0.042112
-0.211319 0.039151
-0.204006 0.036308
-0.196723 0.033584
-0.189469 0.030977
-0.182244 0.028484
-0.175048 0.026106
-0.167880 0.023839
-0.160741 0.021684
-0.153629 0.019639
-0.146544 0.017702
-0.139487 0.015872
-0.132456 0.014149
-0.125452 0.012530
-0.118474 0.011015
-0.111522 0.009602
-0.104596 0.008291
-0.097695 0.007080
-0.090819 0.005969
-0.083968 0.004955
-0.077141 0.004039
-0.070338 0.003218
-0.063560 0.002493
-0.056805 0.001861
-0.050074 0.001323
-0.043366 0.000876
-0.036681 0.000521
-0.030019 0.000256
-0.023379 0.000080
-0.016762 -0.000007
-0.013461 0.000000
-0.010161 -0.000007
-0.003543 0.000080
0.003096 0.000256
0.009758 0.000521
0.016443 0.000876
0.023151 0.001323
0.029883 0.001861
0.036638 0.002493
0.043416 0.003218
0.050219 0.004039
0.057045 0.004955
0.063897 0.005969
0.070773 0.007080
0.077674 0.008291
0.084600 0.009602
0.091552 0.011015
0.098530 0.012530
0.105534 0.014148
0.112565 0.015871
0.119622 0.017701
0.126706 0.019638
0.133818 0.021683
0.140958 0.023838
0.148126 0.026104
0.155322 0.028482
0.162546 0.030974
0.169800 0.033581
0.177083 0.036305
0.184396 0.039146
0.191740 0.042107
0.199113 0.045189
0.206518 0.048393
0.213954 0.051722
0.221422 0.055175
0.228922 0.058756
0.236454 0.062466
0.244019 0.066306
0.251618 0.070279
0.259250 0.074385
0.266917 0.078627
0.274619 0.082971
0.282356 0.087490
0.290128 0.092150
0.297937 0.096953
0.305783 0.101902
0.313666 0.106999
0.321586 0.112245
0.329545 0.117643
0.337543 0.123195
0.345581 0.128904
0.353658 0.134771
0.361776 0.140799
0.369936 0.146991
0.378137 0.153349
0.386382 0.159876
0.394669 0.166574
0.403000 0.173446
0.411376 0.180495
0.419798 0.187724
0.428265 0.195135
0.436780 0.202733
0.445342 0.210519
0.453953 0.218497
0.462613 0.226671
0.471323 0.235043
0.480084 0.243618
0.488898 0.252398
0.497764 0.261389
0.506684 0.270592
0.515659 0.280014
0.524690 0.289656
0.533778 0.299524
0.542924 0.309623
0.552129 0.319955
0.561395 0.330527
0.570722 0.341343
0.580112 0.352407
0.589566 0.363725
0.599085 0.375303
0.608672 0.387145
0.618326 0.399257
0.628050 0.411646
0.637846 0.424316
0.647714 0.437275
0.657657 0.450529
0.667676 0.464085
0.677773 0.477950
0.687950 0.492131
0.698208 0.506636
0.708551 0.521473
0.718979 0.536650
0.729495 0.552175
0.740101 0.568058
0.750800 0.584308
0.761594 0.600935
0.772486 0.617948
0.783478 0.635360
0.794574 0.653180
0.805775 0.671421
0.817086 0.690095
0.828510 0.709215
0.840049 0.728795
0.851708 0.748848
0.863491 0.769390
0.875400 0.790437
0.887442 0.812005
0.899619 0.834113
0.911938 0.856778
0.924402 0.880021
0.937017 0.903862
0.949789 0.928324
0.962723 0.953431
0.975827 0.979208
0.989107 1.005681
1.002570 1.032880
1.016223 1.060836
1.030077 1.089581
1.044138 1.119152
1.058418 1.149586
1.072926 1.180926
1.087674 1.213215
1.102674 1.246504
1.117939 1.280844
1.133485 1.316294
1.149327 1.352917
1.165483 1.390783
1.181972 1.429970
1.198816 1.470561
1.216038 1.512652
1.233666 1.556349
1.251729 1.601771
1.270262 1.648971
1.289303 1.698262
1.308896 1.749741
1.329092 1.803609
1.349951 1.860102
1.371542 1.919496
1.393950 1.982121
1.417272 2.048373
1.441633 2.118737
1.467185 2.193816
1.494120 2.274377
1.522692 2.361421
1.553242 2.456298
1.586247 2.560849
1.622416 2.677981
1.662883 2.812137
1.709682 2.971375
1.767258 3.173294
1.850882 3.478389
