-1.866167 3.467910
-1.782770 3.163919
-1.725352 2.962725
-1.678681 2.804057
-1.638324 2.670378
-1.602254 2.553660
-1.569339 2.449428
-1.538873 2.354886
-1.510378 2.268147
-1.483516 2.187867
-1.458035 2.113050
-1.433741 2.042930
-1.410481 1.976907
-1.388135 1.914498
-1.366603 1.855367
-1.345801 1.799065
-1.325660 1.745379
-1.306120 1.694074
-1.287132 1.644948
-1.268650 1.597827
-1.250636 1.552558
-1.233056 1.509079
-1.215881 1.467127
-1.199083 1.426669
-1.182639 1.387611
-1.166527 1.349869
-1.150728 1.313364
-1.135225 1.278029
-1.120001 1.243799
-1.105042 1.210618
-1.090334 1.178431
-1.075866 1.147191
-1.061625 1.116853
-1.047602 1.087375
-1.033787 1.058720
-1.020170 1.030851
-1.006744 1.003737
-0.993501 0.977345
-0.980433 0.951647
-0.967533 0.926617
-0.954796 0.902229
-0.942216 0.878459
-0.929785 0.855285
-0.917501 0.832687
-0.905357 0.810643
-0.893348 0.789137
-0.881471 0.768150
-0.869720 0.747665
-0.858093 0.727667
-0.846585 0.708140
-0.835193 0.689071
-0.823913 0.670446
-0.812742 0.652252
-0.801677 0.634477
-0.790715 0.617109
-0.779853 0.600137
-0.769088 0.583550
-0.758418 0.567338
-0.747841 0.551491
-0.737353 0.536001
-0.726954 0.520858
-0.716640 0.506054
-0.706409 0.491579
-0.696260 0.477428
-0.686191 0.463591
-0.676199 0.450061
-0.666283 0.436833
-0.656442 0.423898
-0.646673 0.411251
-0.636976 0.398884
-0.627347 0.386793
-0.617787 0.374971
-0.608294 0.363413
-0.598866 0.352113
-0.589501 0.341065
-0.580200 0.330266
-0.570959 0.319710
-0.561779 0.309392
-0.552658 0.299308
-0.543595 0.289453
-0.534589 0.279823
-0.525638 0.270414
-0.516742 0.261221
-0.507900 0.252241
-0.499111 0.243471
-0.490374 0.234905
-0.481687 0.226542
-0.473051 0.218377
-0.464464 0.210406
-0.455925 0.202628
-0.447434 0.195037
-0.438989 0.187633
-0.430591 0.180410
-0.422238 0.173367
-0.413929 0.166500
-0.405664 0.159807
-0.397443 0.153285
-0.389264 0.146931
-0.381126 0.140744
-0.373030 0.134719
-0.364975 0.128855
-0.356959 0.123150
-0.348983 0.117601
-0.341046 0.112206
-0.333147 0.106962
-0.325285 0.101868
-0.317461 0.096921
-0.309674 0.092120
-0.301922 0.087462
-0.294207 0.082945
-0.286526 0.078567
-0.278880 0.074328
-0.271268 0.070223
-0.263690 0.066253
-0.256146 0.062415
-0.248634 0.058707
-0.241155 0.055128
-0.233707 0.051675
-0.226292 0.048349
-0.218907 0.045146
-0.211554 0.042065
-0.204231 0.039131
-0.196938 0.036290
-0.189674 0.033567
-0.182440 0.030960
-0.175235 0.028469
-0.168059 0.026091
-0.160911 0.023826
-0.153791 0.021671
-0.146698 0.019627
-0.139633 0.017691
-0.132595 0.015862
-0.125584 0.014139
-0.118599 0.012521
-0.111640 0.011006
-0.104707 0.009594
-0.097799 0.008284
-0.090917 0.007073
-0.084060 0.005962
-0.077227 0.004949
-0.070419 0.004033
-0.063635 0.003213
-0.056875 0.002488
-0.050139 0.001857
-0.043426 0.001320
-0.036736 0.000874
-0.030069 0.000519
-0.023425 0.000254
-0.016804 0.000079
-0.010204 -0.000008
-0.006913 0.000000
-0.003622 -0.000007
0.002978 0.000081
0.009599 0.000258
0.016243 0.000524
0.022910 0.000880
0.029600 0.001327
0.036312 0.001866
0.043049 0.002498
0.049809 0.003225
0.056593 0.004046
0.063401 0.004963
0.070233 0.005978
0.077091 0.007090
0.083973 0.008302
0.090880 0.009614
0.097813 0.011027
0.104772 0.012543
0.111757 0.014163
0.118769 0.015887
0.125807 0.017718
0.132872 0.019655
0.139964 0.021702
0.147084 0.023857
0.154232 0.026124
0.161409 0.028504
0.168614 0.030997
0.175848 0.033605
0.183111 0.036330
0.190404 0.039172
0.197728 0.042134
0.205081 0.045217
0.212466 0.048422
0.219881 0.051751
0.227328 0.055205
0.234808 0.058767
0.242320 0.062477
0.249864 0.066317
0.257442 0.070290
0.265054 0.074397
0.272700 0.078639
0.280380 0.083019
0.288096 0.087538
0.295848 0.092199
0.303635 0.097003
0.311459 0.101952
0.319321 0.107049
0.327220 0.112295
0.335157 0.117693
0.343133 0.123245
0.351148 0.128954
0.359204 0.134820
0.367300 0.140848
0.375437 0.147039
0.383616 0.153396
0.391838 0.159921
0.400103 0.166617
0.408411 0.173487
0.416764 0.180534
0.425163 0.187760
0.433607 0.195169
0.442099 0.202763
0.450637 0.210545
0.459225 0.218519
0.467861 0.226688
0.476547 0.235056
0.485285 0.243625
0.494074 0.252400
0.502916 0.261384
0.511812 0.270581
0.520762 0.279995
0.529769 0.289629
0.538832 0.299489
0.547953 0.309578
0.557133 0.319901
0.566373 0.330462
0.575675 0.341266
0.585039 0.352318
0.594468 0.363623
0.603961 0.375187
0.613521 0.387014
0.623149 0.399111
0.632847 0.411483
0.642616 0.424136
0.652457 0.437076
0.662373 0.450311
0.672364 0.463846
0.682434 0.477689
0.692583 0.491847
0.702813 0.506327
0.713127 0.521138
0.723527 0.536288
0.734014 0.551785
0.744592 0.567638
0.755262 0.583856
0.766026 0.600450
0.776888 0.617429
0.787851 0.634804
0.798916 0.652587
0.810087 0.670788
0.821367 0.689420
0.832759 0.708497
0.844267 0.728031
0.855894 0.748037
0.867644 0.768529
0.879522 0.789524
0.891530 0.811038
0.903675 0.833090
0.915959 0.855696
0.928389 0.878878
0.940970 0.902657
0.953707 0.927053
0.966606 0.952092
0.979674 0.977798
0.992918 1.004199
1.006344 1.031322
1.019960 1.059200
1.033776 1.087864
1.047799 1.117351
1.062039 1.147699
1.076508 1.178949
1.091216 1.211145
1.106175 1.244337
1.121399 1.278578
1.136902 1.313924
1.152701 1.350439
1.168813 1.388194
1.185257 1.427263
1.202054 1.467733
1.219230 1.509698
1.236809 1.553263
1.254823 1.598547
1.273305 1.645683
1.292294 1.694826
1.311834 1.746148
1.331975 1.799852
1.352777 1.856172
1.374309 1.915383
1.396655 1.977814
1.419914 2.043860
1.444209 2.114004
1.469690 2.188847
1.496552 2.269048
1.525046 2.355813
1.555513 2.450383
1.588427 2.554646
1.624498 2.671399
1.664854 2.805117
1.711526 2.963832
1.768944 3.165084
1.852340 3.469161
