-1.867600 3.479398
-1.783983 3.174230
-1.726414 2.972261
-1.679619 2.812984
-1.639156 2.678796
-1.602990 2.561634
-1.569988 2.456928
-1.539441 2.362032
-1.510872 2.274969
-1.483939 2.194391
-1.458390 2.119296
-1.434032 2.048917
-1.410711 1.982849
-1.388306 1.920205
-1.366717 1.860793
-1.345860 1.804284
-1.325666 1.750399
-1.306075 1.698905
-1.287036 1.649600
-1.268505 1.602306
-1.250443 1.556873
-1.232817 1.513165
-1.215596 1.471063
-1.198754 1.430461
-1.182267 1.391265
-1.166113 1.353388
-1.150272 1.316755
-1.134728 1.281296
-1.119464 1.246947
-1.104465 1.213649
-1.089718 1.181351
-1.075212 1.150003
-1.060933 1.119560
-1.046873 1.089982
-1.033021 1.061228
-1.019369 1.033265
-1.005907 1.006058
-0.992629 0.979577
-0.979527 0.953793
-0.966593 0.928679
-0.953822 0.904210
-0.941208 0.880362
-0.928746 0.857112
-0.916429 0.834440
-0.904252 0.812326
-0.892212 0.790751
-0.880303 0.769698
-0.868522 0.749149
-0.856864 0.729090
-0.845326 0.709504
-0.833903 0.690377
-0.822594 0.671697
-0.811393 0.653450
-0.800299 0.635623
-0.789307 0.618206
-0.778417 0.601186
-0.767624 0.584553
-0.756926 0.568298
-0.746320 0.552409
-0.735805 0.536878
-0.725378 0.521695
-0.715037 0.506853
-0.704779 0.492343
-0.694603 0.478156
-0.684507 0.464286
-0.674489 0.450724
-0.664548 0.437465
-0.654680 0.424501
-0.644886 0.411825
-0.635162 0.399431
-0.625509 0.387358
-0.615923 0.375511
-0.606405 0.363927
-0.596952 0.352604
-0.587563 0.341534
-0.578236 0.330712
-0.568972 0.320135
-0.559767 0.309797
-0.550622 0.299694
-0.541535 0.289821
-0.532505 0.280173
-0.523531 0.270747
-0.514612 0.261538
-0.505746 0.252543
-0.496934 0.243758
-0.488173 0.235179
-0.479464 0.226802
-0.470805 0.218624
-0.462195 0.210641
-0.453633 0.202851
-0.445120 0.195249
-0.436653 0.187834
-0.428232 0.180601
-0.419857 0.173548
-0.411527 0.166672
-0.403240 0.159970
-0.394997 0.153440
-0.386796 0.147078
-0.378637 0.140883
-0.370520 0.134851
-0.362443 0.128981
-0.354406 0.123269
-0.346409 0.117713
-0.338451 0.112312
-0.330531 0.107063
-0.322649 0.101963
-0.314804 0.097012
-0.306996 0.092205
-0.299224 0.087542
-0.291488 0.083021
-0.283787 0.078696
-0.276121 0.074451
-0.268489 0.070341
-0.260891 0.066365
-0.253327 0.062522
-0.245795 0.058809
-0.238296 0.055225
-0.230829 0.051768
-0.223394 0.048437
-0.215990 0.045230
-0.208617 0.042146
-0.201274 0.039183
-0.193962 0.036339
-0.186680 0.033613
-0.179426 0.031004
-0.172202 0.028509
-0.165007 0.026129
-0.157840 0.023861
-0.150701 0.021705
-0.143590 0.019658
-0.136506 0.017720
-0.129450 0.015889
-0.122420 0.014164
-0.115416 0.012544
-0.108439 0.011028
-0.101488 0.009615
-0.094562 0.008302
-0.087661 0.007091
-0.080786 0.005978
-0.073935 0.004964
-0.067109 0.004047
-0.060308 0.003226
-0.053530 0.002499
-0.046776 0.001867
-0.040045 0.001328
-0.033338 0.000881
-0.026653 0.000526
-0.019992 0.000260
-0.013353 0.000083
-0.006736 -0.000006
-0.003436 0.000000
-0.000136 -0.000009
0.006481 0.000074
0.013120 0.000247
0.019782 0.000516
0.026466 0.000876
0.033173 0.001326
0.039904 0.001866
0.046658 0.002498
0.053436 0.003225
0.060238 0.004046
0.067064 0.004964
0.073914 0.005978
0.080790 0.007091
0.087690 0.008303
0.094616 0.009615
0.101567 0.011028
0.108545 0.012544
0.115548 0.014164
0.122578 0.015889
0.129635 0.017720
0.136718 0.019658
0.143830 0.021705
0.150968 0.023862
0.158135 0.026130
0.165331 0.028510
0.172555 0.031004
0.179808 0.033613
0.187090 0.036339
0.194403 0.039183
0.201745 0.042147
0.209118 0.045231
0.216522 0.048438
0.223958 0.051769
0.231424 0.055226
0.238924 0.058810
0.246455 0.062522
0.254020 0.066366
0.261618 0.070342
0.269249 0.074451
0.276916 0.078697
0.284617 0.083081
0.292353 0.087604
0.300124 0.092269
0.307933 0.097078
0.315777 0.102032
0.323659 0.107134
0.331579 0.112329
0.339538 0.117730
0.347535 0.123286
0.355572 0.128998
0.363648 0.134869
0.371766 0.140902
0.379924 0.147097
0.388125 0.153460
0.396368 0.159990
0.404655 0.166693
0.412986 0.173569
0.421361 0.180623
0.429781 0.187856
0.438248 0.195272
0.446762 0.202874
0.455323 0.210665
0.463933 0.218648
0.472592 0.226827
0.481302 0.235204
0.490062 0.243784
0.498875 0.252570
0.507740 0.261566
0.516659 0.270775
0.525633 0.280202
0.534663 0.289850
0.543751 0.299724
0.552896 0.309828
0.562100 0.320167
0.571365 0.330745
0.580691 0.341567
0.590080 0.352638
0.599533 0.363962
0.609052 0.375546
0.618637 0.387395
0.628291 0.399514
0.638014 0.411909
0.647809 0.424587
0.657676 0.437553
0.667618 0.450814
0.677636 0.464377
0.687732 0.478249
0.697908 0.492438
0.708165 0.506950
0.718506 0.521795
0.728934 0.536979
0.739449 0.552512
0.750054 0.568403
0.760752 0.584661
0.771545 0.601296
0.782436 0.618318
0.793427 0.635738
0.804521 0.653566
0.815722 0.671816
0.827032 0.690499
0.838454 0.709628
0.849992 0.729216
0.861650 0.749278
0.873432 0.769829
0.885340 0.790886
0.897381 0.812463
0.909557 0.834580
0.921874 0.857255
0.934337 0.880465
0.946951 0.904315
0.959722 0.928786
0.972655 0.953902
0.985757 0.979688
0.999036 1.006170
1.012497 1.033379
1.026150 1.061344
1.040002 1.090100
1.054062 1.119680
1.068340 1.150125
1.082847 1.181475
1.097593 1.213776
1.112592 1.247075
1.127856 1.281427
1.143400 1.316889
1.159241 1.353524
1.175395 1.391403
1.191883 1.430602
1.208725 1.471206
1.225945 1.513311
1.243572 1.557022
1.261633 1.602458
1.280164 1.649754
1.299203 1.699063
1.318794 1.750560
1.338988 1.804448
1.359845 1.860961
1.381435 1.920376
1.403840 1.983024
1.427160 2.049299
1.451519 2.119688
1.477067 2.194793
1.504000 2.275382
1.532570 2.362457
1.563117 2.457366
1.596118 2.562004
1.632284 2.679178
1.672747 2.813381
1.719542 2.972675
1.777112 3.174665
1.860728 3.479866
