-1.877680 3.488650
-1.793980 3.182491
-1.736352 2.979872
-1.689510 2.820086
-1.649006 2.685470
-1.612805 2.567937
-1.579770 2.462980
-1.549192 2.367784
-1.520594 2.280446
-1.493634 2.199615
-1.468060 2.124286
-1.443677 2.053688
-1.420333 1.987216
-1.397905 1.924384
-1.376294 1.864794
-1.355417 1.808116
-1.335202 1.754072
-1.315591 1.702426
-1.296533 1.652975
-1.277984 1.605543
-1.259904 1.559977
-1.242260 1.516142
-1.225022 1.473918
-1.208163 1.433199
-1.191659 1.393891
-1.175489 1.355906
-1.159633 1.319169
-1.144073 1.283610
-1.128793 1.249164
-1.113779 1.215773
-1.099018 1.183385
-1.084497 1.151950
-1.070204 1.121423
-1.056130 1.091763
-1.042264 1.062931
-1.028598 1.034892
-1.015123 1.007612
-1.001831 0.981060
-0.988716 0.955207
-0.975769 0.930026
-0.962986 0.905493
-0.950359 0.881582
-0.937884 0.858272
-0.925554 0.835542
-0.913366 0.813372
-0.901314 0.791743
-0.889393 0.770637
-0.877600 0.750039
-0.865930 0.729931
-0.854380 0.710298
-0.842947 0.691127
-0.831625 0.672404
-0.820414 0.654115
-0.809308 0.636314
-0.798306 0.618857
-0.787404 0.601799
-0.776600 0.585130
-0.765892 0.568839
-0.755276 0.552917
-0.744750 0.537354
-0.734312 0.522141
-0.723961 0.507269
-0.713693 0.492731
-0.703507 0.478517
-0.693401 0.464622
-0.683373 0.451036
-0.673421 0.437819
-0.663544 0.424830
-0.653739 0.412132
-0.644006 0.399717
-0.634343 0.387578
-0.624748 0.375712
-0.615220 0.364111
-0.605757 0.352770
-0.596359 0.341684
-0.587023 0.330848
-0.577749 0.320256
-0.568536 0.309904
-0.559381 0.299788
-0.550285 0.289903
-0.541246 0.280243
-0.532263 0.270807
-0.523334 0.261588
-0.514460 0.252583
-0.505639 0.243789
-0.496870 0.235202
-0.488151 0.226817
-0.479484 0.218632
-0.470865 0.210643
-0.462295 0.202846
-0.453773 0.195239
-0.445298 0.187818
-0.436869 0.180580
-0.428485 0.173523
-0.420146 0.166643
-0.411851 0.159938
-0.403600 0.153404
-0.395391 0.147039
-0.387224 0.140841
-0.379098 0.134807
-0.371013 0.128935
-0.362969 0.123221
-0.354963 0.117664
-0.346997 0.112262
-0.339069 0.107011
-0.331179 0.101911
-0.323327 0.096959
-0.315511 0.092152
-0.307731 0.087489
-0.299987 0.082968
-0.292279 0.078586
-0.284605 0.074343
-0.276965 0.070235
-0.269360 0.066262
-0.261788 0.062420
-0.254248 0.058710
-0.246742 0.055129
-0.239267 0.051675
-0.231825 0.048346
-0.224413 0.045142
-0.217033 0.042060
-0.209683 0.039099
-0.202363 0.036258
-0.195074 0.033535
-0.187813 0.030928
-0.180582 0.028437
-0.173379 0.026059
-0.166205 0.023794
-0.159059 0.021640
-0.151941 0.019630
-0.144850 0.017693
-0.137786 0.015863
-0.130749 0.014140
-0.123739 0.012521
-0.116754 0.011006
-0.109796 0.009594
-0.102863 0.008283
-0.095956 0.007072
-0.089074 0.005961
-0.082216 0.004948
-0.075383 0.004032
-0.068575 0.003212
-0.061790 0.002487
-0.055029 0.001856
-0.048292 0.001318
-0.041578 0.000872
-0.034887 0.000518
-0.028218 0.000254
-0.021573 0.000079
-0.014949 -0.000008
-0.011646 0.000000
-0.008343 -0.000007
-0.001719 0.000082
0.004926 0.000259
0.011595 0.000525
0.018286 0.000881
0.025000 0.001329
0.031737 0.001869
0.038498 0.002502
0.045283 0.003229
0.052091 0.004051
0.058924 0.004968
0.065782 0.005984
0.072664 0.007097
0.079571 0.008309
0.086504 0.009622
0.093462 0.011036
0.100447 0.012553
0.107457 0.014173
0.114494 0.015898
0.121558 0.017730
0.128649 0.019668
0.135767 0.021715
0.142913 0.023872
0.150087 0.026140
0.157290 0.028521
0.164521 0.031015
0.171782 0.033624
0.179071 0.036350
0.186391 0.039194
0.193741 0.042157
0.201121 0.045241
0.208533 0.048447
0.215975 0.051778
0.223450 0.055234
0.230956 0.058797
0.238496 0.062509
0.246068 0.066352
0.253673 0.070328
0.261313 0.074437
0.268987 0.078682
0.276695 0.083066
0.284439 0.087589
0.292219 0.092253
0.300035 0.097081
0.307887 0.102035
0.315777 0.107137
0.323705 0.112388
0.331672 0.117792
0.339677 0.123350
0.347721 0.129064
0.355806 0.134937
0.363932 0.140972
0.372099 0.147171
0.380308 0.153536
0.388559 0.160071
0.396854 0.166777
0.405193 0.173657
0.413577 0.180715
0.422006 0.187953
0.430481 0.195374
0.439003 0.202981
0.447573 0.210778
0.456192 0.218767
0.464859 0.226953
0.473578 0.235337
0.482347 0.243925
0.491168 0.252719
0.500042 0.261723
0.508971 0.270942
0.517954 0.280378
0.526993 0.290037
0.536089 0.299922
0.545244 0.310037
0.554457 0.320388
0.563731 0.330979
0.573067 0.341815
0.582465 0.352900
0.591928 0.364240
0.601456 0.375840
0.611051 0.387591
0.620714 0.399725
0.630447 0.412135
0.640252 0.424829
0.650129 0.437812
0.660081 0.451091
0.670109 0.464673
0.680215 0.478565
0.690401 0.492775
0.700669 0.507309
0.711020 0.522177
0.721458 0.537385
0.731984 0.552944
0.742600 0.568862
0.753308 0.585148
0.764112 0.601812
0.775014 0.618865
0.786016 0.636318
0.797122 0.654180
0.808333 0.672465
0.819655 0.691185
0.831088 0.710353
0.842638 0.729981
0.854308 0.750086
0.866101 0.770681
0.878022 0.791783
0.890074 0.813408
0.902262 0.835574
0.914592 0.858301
0.927067 0.881607
0.939694 0.905514
0.952477 0.930044
0.965424 0.955220
0.978539 0.981070
0.991831 1.007618
1.005306 1.034894
1.018972 1.062930
1.032838 1.091758
1.046912 1.121413
1.061205 1.151936
1.075726 1.183366
1.090487 1.215750
1.105501 1.249136
1.120781 1.283577
1.136341 1.319131
1.152197 1.355863
1.168367 1.393842
1.184871 1.433145
1.201730 1.473858
1.218969 1.516075
1.236612 1.559904
1.254692 1.605463
1.273241 1.652888
1.292299 1.702332
1.311910 1.753970
1.332125 1.807968
1.353002 1.864636
1.374614 1.924215
1.397041 1.987035
1.420385 2.053494
1.444768 2.124079
1.470342 2.199394
1.497302 2.280210
1.525900 2.367530
1.556478 2.462708
1.589513 2.567644
1.625714 2.685154
1.666218 2.819743
1.713060 2.979498
1.770688 3.182076
1.854388 3.488173
