-1.879969 3.486369
-1.797496 3.180409
-1.740713 2.978009
-1.694558 2.818339
-1.654648 2.683825
-1.618976 2.566385
-1.586426 2.461514
-1.556296 2.366396
-1.528117 2.279134
-1.501553 2.198373
-1.476353 2.123111
-1.452327 2.052577
-1.429326 1.986166
-1.407227 1.923392
-1.385933 1.863858
-1.365361 1.807234
-1.345442 1.753242
-1.326119 1.701646
-1.307341 1.652243
-1.289063 1.604858
-1.271248 1.559337
-1.253863 1.515546
-1.236878 1.473365
-1.220266 1.432687
-1.204004 1.393418
-1.188070 1.355473
-1.172446 1.318773
-1.157114 1.283250
-1.142059 1.248839
-1.127265 1.215483
-1.112720 1.183128
-1.098412 1.151726
-1.084329 1.121231
-1.070461 1.091601
-1.056798 1.062799
-1.043332 1.034789
-1.030055 1.007537
-1.016958 0.981012
-1.004034 0.955186
-0.991278 0.930031
-0.978682 0.905522
-0.966240 0.881635
-0.953948 0.858349
-0.941799 0.835641
-0.929789 0.813492
-0.917913 0.791883
-0.906167 0.770797
-0.894547 0.750216
-0.883049 0.730125
-0.871668 0.710509
-0.860402 0.691354
-0.849246 0.672645
-0.838199 0.654370
-0.827256 0.636516
-0.816415 0.619073
-0.805673 0.602027
-0.795028 0.585370
-0.784476 0.569090
-0.774016 0.553177
-0.763644 0.537623
-0.753360 0.522418
-0.743160 0.507554
-0.733042 0.493120
-0.723006 0.478910
-0.713048 0.465017
-0.703167 0.451433
-0.693361 0.438151
-0.683628 0.425165
-0.673968 0.412469
-0.664377 0.400055
-0.654855 0.387918
-0.645401 0.376051
-0.636013 0.364450
-0.626689 0.353109
-0.617428 0.342022
-0.608229 0.331184
-0.599091 0.320590
-0.590013 0.310237
-0.580992 0.300118
-0.572030 0.290229
-0.563123 0.280567
-0.554271 0.271126
-0.545474 0.261904
-0.536730 0.252895
-0.528038 0.244097
-0.519397 0.235504
-0.510807 0.227115
-0.502266 0.218925
-0.493774 0.210930
-0.485329 0.203128
-0.476932 0.195515
-0.468581 0.188089
-0.460276 0.180845
-0.452015 0.173782
-0.443798 0.166896
-0.435625 0.160184
-0.427494 0.153644
-0.419406 0.147273
-0.411358 0.141069
-0.403352 0.135028
-0.395385 0.129149
-0.387459 0.123428
-0.379571 0.117865
-0.371721 0.112456
-0.363910 0.107199
-0.356135 0.102092
-0.348398 0.097132
-0.340696 0.092346
-0.333031 0.087676
-0.325400 0.083147
-0.317805 0.078759
-0.310243 0.074509
-0.302716 0.070395
-0.295222 0.066415
-0.287761 0.062567
-0.280332 0.058851
-0.272935 0.055264
-0.265570 0.051804
-0.258237 0.048470
-0.250934 0.045260
-0.243662 0.042173
-0.236420 0.039208
-0.229207 0.036361
-0.222024 0.033633
-0.214870 0.031022
-0.207745 0.028526
-0.200648 0.026143
-0.193579 0.023874
-0.186538 0.021715
-0.179524 0.019667
-0.172537 0.017727
-0.165576 0.015895
-0.158643 0.014168
-0.151735 0.012547
-0.144853 0.011030
-0.137997 0.009615
-0.131166 0.008302
-0.124360 0.007089
-0.117578 0.005976
-0.110821 0.004961
-0.104088 0.004043
-0.097379 0.003221
-0.090694 0.002494
-0.084032 0.001862
-0.077394 0.001323
-0.070778 0.000876
-0.064185 0.000520
-0.057615 0.000255
-0.051066 0.000080
-0.044540 -0.000008
-0.041285 0.000000
-0.038030 -0.000007
-0.031504 0.000081
-0.024956 0.000258
-0.018385 0.000524
-0.011792 0.000881
-0.005176 0.001329
0.001462 0.001869
0.008124 0.002503
0.014809 0.003230
0.021518 0.004053
0.028251 0.004972
0.035008 0.005989
0.041789 0.007103
0.048595 0.008318
0.055427 0.009632
0.062283 0.011048
0.069165 0.012567
0.076072 0.014190
0.083006 0.015918
0.089966 0.017709
0.096953 0.019648
0.103967 0.021696
0.111009 0.023853
0.118078 0.026122
0.125175 0.028504
0.132300 0.030999
0.139454 0.033610
0.146637 0.036337
0.153849 0.039182
0.161092 0.042146
0.168364 0.045232
0.175667 0.048440
0.183000 0.051773
0.190365 0.055230
0.197762 0.058816
0.205190 0.062530
0.212651 0.066375
0.220146 0.070352
0.227673 0.074463
0.235234 0.078710
0.242830 0.083095
0.250460 0.087620
0.258126 0.092286
0.265827 0.097096
0.273565 0.102051
0.281339 0.107154
0.289151 0.112407
0.297001 0.117812
0.304888 0.123371
0.312815 0.129086
0.320782 0.134961
0.328788 0.140996
0.336835 0.147196
0.344924 0.153561
0.353055 0.160096
0.361228 0.166802
0.369445 0.173681
0.377705 0.180738
0.386011 0.187975
0.394362 0.195394
0.402759 0.203000
0.411203 0.210794
0.419696 0.218780
0.428236 0.226962
0.436827 0.235343
0.445468 0.243926
0.454160 0.252716
0.462904 0.261714
0.471701 0.270927
0.480553 0.280356
0.489459 0.290008
0.498422 0.299885
0.507442 0.309992
0.516521 0.320333
0.525659 0.330913
0.534858 0.341738
0.544119 0.352811
0.553442 0.364138
0.562831 0.375724
0.572285 0.387486
0.581807 0.399605
0.591397 0.411999
0.601058 0.424676
0.610790 0.437640
0.620596 0.450900
0.630478 0.464461
0.640436 0.478331
0.650472 0.492517
0.660590 0.507027
0.670790 0.521868
0.681074 0.537049
0.691445 0.552579
0.701906 0.568466
0.712458 0.584719
0.723103 0.601349
0.733845 0.618366
0.744686 0.635780
0.755629 0.653603
0.766676 0.671846
0.777831 0.690522
0.789098 0.709643
0.800478 0.729224
0.811977 0.749278
0.823597 0.769820
0.835343 0.790866
0.847219 0.812434
0.859229 0.834540
0.871377 0.857203
0.883670 0.880444
0.896111 0.904233
0.908708 0.928691
0.921464 0.953793
0.934388 0.979564
0.947484 1.006032
0.960762 1.033224
0.974228 1.061172
0.987890 1.089910
1.001758 1.119471
1.015841 1.149896
1.030150 1.181225
1.044695 1.213503
1.059489 1.246779
1.074544 1.281106
1.089876 1.316542
1.105500 1.353150
1.121433 1.390999
1.137696 1.430167
1.154307 1.470739
1.171293 1.512809
1.188678 1.556483
1.206493 1.601880
1.224770 1.649135
1.243549 1.698400
1.262872 1.749850
1.282791 1.803687
1.303362 1.860145
1.324657 1.919503
1.346755 1.982087
1.369757 2.048295
1.393783 2.118609
1.418982 2.193634
1.445547 2.274134
1.473726 2.361110
1.503855 2.455909
1.536406 2.560422
1.572077 2.677453
1.611987 2.811487
1.658143 2.970573
1.714926 3.172289
1.797399 3.477055
