-1.435657 2.896348
-1.200920 2.026444
-1.039304 1.517606
-0.907936 1.157799
-0.794344 0.885048
-0.692817 0.671792
-0.600171 0.502317
-0.514417 0.367548
-0.434214 0.260649
-0.358605 0.176524
-0.286882 0.111876
-0.218500 0.063971
-0.153032 0.030923
-0.090134 0.010562
-0.029526 0.001216
-0.000007 0.000000
0.029513 0.001187
0.090121 0.010097
0.153019 0.028724
0.218487 0.057887
0.286868 0.098865
0.358592 0.153435
0.434200 0.223998
0.514404 0.313612
0.600157 0.426088
0.692803 0.566945
0.794331 0.744449
0.907923 0.971801
1.039291 1.272550
1.200907 1.697866
1.435643 2.424112
