-1.838503 3.530115
-1.754952 3.220480
-1.697428 3.015559
-1.650669 2.853956
-1.610238 2.717809
-1.574101 2.598938
-1.541125 2.492786
-1.510602 2.396505
-1.482055 2.308172
-1.455143 2.226418
-1.429614 2.150229
-1.405275 2.078825
-1.381972 2.011593
-1.359585 1.948042
-1.338012 1.887770
-1.317172 1.830442
-1.296993 1.775778
-1.277418 1.723539
-1.258394 1.673520
-1.239877 1.625543
-1.221830 1.579453
-1.204218 1.535153
-1.187010 1.492441
-1.170182 1.451252
-1.153707 1.411488
-1.137565 1.373064
-1.121737 1.335901
-1.106205 1.299929
-1.090953 1.265083
-1.075966 1.231304
-1.061231 1.198539
-1.046736 1.166738
-1.032469 1.135856
-1.018420 1.105850
-1.004578 1.076681
-0.990937 1.048313
-0.977486 1.020714
-0.964218 0.993850
-0.951125 0.967694
-0.938202 0.942217
-0.925442 0.917395
-0.912837 0.893202
-0.900384 0.869617
-0.888077 0.846617
-0.875910 0.824184
-0.863879 0.802297
-0.851980 0.780939
-0.840208 0.760094
-0.828559 0.739744
-0.817030 0.719875
-0.805616 0.700472
-0.794315 0.681521
-0.783124 0.663010
-0.772038 0.644926
-0.761055 0.627256
-0.750173 0.609990
-0.739389 0.593116
-0.728699 0.576625
-0.718102 0.560506
-0.707595 0.544750
-0.697176 0.529347
-0.686843 0.514290
-0.676593 0.499569
-0.666426 0.485176
-0.656337 0.471105
-0.646327 0.457346
-0.636393 0.443894
-0.626534 0.430741
-0.616747 0.417881
-0.607031 0.405308
-0.597385 0.393014
-0.587807 0.380995
-0.578296 0.369244
-0.568850 0.357756
-0.559469 0.346525
-0.550150 0.335548
-0.540892 0.324817
-0.531695 0.314329
-0.522557 0.304079
-0.513477 0.294062
-0.504454 0.284275
-0.495487 0.274712
-0.486575 0.265369
-0.477716 0.256244
-0.468911 0.247331
-0.460157 0.238627
-0.451454 0.230128
-0.442802 0.221831
-0.434199 0.213732
-0.425644 0.205828
-0.417137 0.198116
-0.408677 0.190593
-0.400263 0.183254
-0.391895 0.176099
-0.383571 0.169123
-0.375290 0.162323
-0.367054 0.155697
-0.358859 0.149243
-0.350707 0.142957
-0.342596 0.136837
-0.334525 0.130903
-0.326495 0.125107
-0.318504 0.119469
-0.310552 0.113988
-0.302638 0.108661
-0.294763 0.103486
-0.286924 0.098461
-0.279122 0.093583
-0.271356 0.088852
-0.263626 0.084263
-0.255931 0.079817
-0.248271 0.075510
-0.240645 0.071341
-0.233053 0.067307
-0.225495 0.063409
-0.217969 0.059642
-0.210476 0.056007
-0.203015 0.052500
-0.195585 0.049121
-0.188187 0.045868
-0.180820 0.042739
-0.173483 0.039733
-0.166176 0.036849
-0.158900 0.034084
-0.151652 0.031437
-0.144434 0.028907
-0.137244 0.026493
-0.130083 0.024193
-0.122949 0.022006
-0.115844 0.019930
-0.108766 0.017964
-0.101714 0.016108
-0.094690 0.014359
-0.087692 0.012716
-0.080720 0.011179
-0.073774 0.009746
-0.066854 0.008415
-0.059959 0.007187
-0.053089 0.006059
-0.046244 0.005030
-0.039423 0.004100
-0.032627 0.003268
-0.025854 0.002531
-0.019105 0.001890
-0.012380 0.001344
-0.005678 0.000891
0.001001 0.000530
0.007658 0.000261
0.014292 0.000082
0.020903 -0.000007
0.024201 0.000000
0.027498 -0.000007
0.034110 0.000081
0.040743 0.000259
0.047400 0.000528
0.054079 0.000888
0.060781 0.001341
0.067506 0.001887
0.074255 0.002527
0.081028 0.003263
0.087824 0.004095
0.094645 0.005025
0.101490 0.006053
0.108360 0.007180
0.115255 0.008409
0.122176 0.009739
0.129122 0.011171
0.136093 0.012708
0.143091 0.014350
0.150116 0.016099
0.157167 0.017955
0.164245 0.019920
0.171351 0.021995
0.178484 0.024181
0.185645 0.026480
0.192835 0.028893
0.200053 0.031422
0.207301 0.034067
0.214578 0.036831
0.221884 0.039714
0.229221 0.042719
0.236588 0.045846
0.243986 0.049097
0.251416 0.052474
0.258877 0.055978
0.266370 0.059612
0.273896 0.063376
0.281455 0.067273
0.289047 0.071304
0.296672 0.075470
0.304332 0.079775
0.312027 0.084219
0.319757 0.088805
0.327523 0.093535
0.335325 0.098410
0.343164 0.103432
0.351040 0.108605
0.358953 0.113929
0.366905 0.119407
0.374896 0.125042
0.382927 0.130835
0.390997 0.136790
0.399108 0.142908
0.407261 0.149191
0.415455 0.155644
0.423692 0.162267
0.431972 0.169065
0.440296 0.176039
0.448664 0.183192
0.457078 0.190528
0.465539 0.198049
0.474046 0.205759
0.482600 0.213660
0.491203 0.221756
0.499856 0.230050
0.508558 0.238501
0.517312 0.247201
0.526118 0.256110
0.534976 0.265231
0.543888 0.274569
0.552855 0.284128
0.561878 0.293911
0.570958 0.303923
0.580096 0.314168
0.589294 0.324651
0.598551 0.335376
0.607870 0.346349
0.617252 0.357574
0.626697 0.369056
0.636208 0.380801
0.645786 0.392814
0.655432 0.405102
0.665148 0.417669
0.674935 0.430522
0.684795 0.443668
0.694729 0.457113
0.704739 0.470865
0.714827 0.484929
0.724995 0.499313
0.735244 0.514027
0.745577 0.529076
0.755996 0.544470
0.766503 0.560217
0.777100 0.576327
0.787790 0.592809
0.798574 0.609674
0.809457 0.626930
0.820439 0.644589
0.831525 0.662663
0.842717 0.681164
0.854018 0.700103
0.865431 0.719494
0.876960 0.739351
0.888609 0.759689
0.900381 0.780521
0.912281 0.801866
0.924311 0.823739
0.936478 0.846158
0.948786 0.869143
0.961239 0.892713
0.973843 0.916890
0.986603 0.941696
0.999527 0.967156
1.012619 0.993294
1.025887 1.020139
1.039338 1.047720
1.052980 1.076068
1.066821 1.105177
1.080870 1.135161
1.095137 1.166021
1.109632 1.197798
1.124367 1.230538
1.139354 1.264291
1.154606 1.299110
1.170138 1.335055
1.185967 1.372188
1.202108 1.410581
1.218583 1.450313
1.235412 1.491468
1.252619 1.534145
1.270231 1.578448
1.288279 1.624501
1.306795 1.672438
1.325819 1.722415
1.345395 1.774609
1.365573 1.829226
1.386414 1.886503
1.407986 1.946722
1.430374 2.010216
1.453676 2.077386
1.478015 2.148725
1.503544 2.224843
1.530456 2.306518
1.559003 2.394765
1.589526 2.490952
1.622502 2.596997
1.658639 2.715745
1.699070 2.851750
1.745829 3.013180
1.803354 3.217876
1.886904 3.527157
