-1.822148 3.537639
-1.739686 3.227172
-1.682910 3.021714
-1.636761 2.859697
-1.596857 2.723207
-1.561190 2.604041
-1.528644 2.497629
-1.498519 2.401115
-1.470344 2.312571
-1.443782 2.230625
-1.418586 2.154258
-1.394564 2.082689
-1.371565 2.015303
-1.349469 1.951609
-1.328178 1.891201
-1.307609 1.833746
-1.287693 1.778962
-1.268373 1.726609
-1.249596 1.676482
-1.231321 1.628402
-1.213509 1.582214
-1.196126 1.537780
-1.179143 1.494981
-1.162533 1.453707
-1.146273 1.413862
-1.130342 1.375360
-1.114720 1.338123
-1.099390 1.302079
-1.084337 1.267270
-1.069545 1.233422
-1.055002 1.200591
-1.040696 1.168725
-1.026615 1.137781
-1.012748 1.107715
-0.999088 1.078489
-0.985624 1.050066
-0.972348 1.022413
-0.959253 0.995497
-0.946331 0.969291
-0.933576 0.943765
-0.920982 0.918896
-0.908542 0.894657
-0.896251 0.871028
-0.884104 0.847985
-0.872096 0.825510
-0.860222 0.803583
-0.848477 0.782187
-0.836859 0.761303
-0.825362 0.740916
-0.813982 0.721012
-0.802718 0.701574
-0.791564 0.682590
-0.780518 0.664046
-0.769577 0.645929
-0.758737 0.628229
-0.747997 0.610932
-0.737353 0.594030
-0.726802 0.577510
-0.716343 0.561363
-0.705973 0.545580
-0.695690 0.530152
-0.685492 0.515069
-0.675376 0.500323
-0.665340 0.485907
-0.655384 0.471812
-0.645504 0.458031
-0.635699 0.444556
-0.625968 0.431382
-0.616309 0.418501
-0.606720 0.405907
-0.597199 0.393594
-0.587746 0.381555
-0.578359 0.369786
-0.569036 0.358279
-0.559777 0.347031
-0.550579 0.336036
-0.541442 0.325289
-0.532365 0.314830
-0.523346 0.304562
-0.514384 0.294529
-0.505479 0.284725
-0.496629 0.275146
-0.487832 0.265788
-0.479089 0.256647
-0.470399 0.247720
-0.461759 0.239001
-0.453170 0.230489
-0.444630 0.222178
-0.436139 0.214066
-0.427696 0.206150
-0.419300 0.198425
-0.410950 0.190890
-0.402645 0.183540
-0.394386 0.176373
-0.386170 0.169386
-0.377998 0.162576
-0.369868 0.155940
-0.361781 0.149475
-0.353735 0.143180
-0.345729 0.137050
-0.337764 0.131085
-0.329838 0.125281
-0.321952 0.119635
-0.314103 0.114147
-0.306292 0.108813
-0.298519 0.103631
-0.290783 0.098599
-0.283082 0.093715
-0.275418 0.088977
-0.267788 0.084382
-0.260194 0.079930
-0.252633 0.075617
-0.245107 0.071443
-0.237614 0.067405
-0.230154 0.063501
-0.222726 0.059730
-0.215330 0.056089
-0.207966 0.052578
-0.200634 0.049195
-0.193332 0.045938
-0.186061 0.042805
-0.178820 0.039795
-0.171608 0.036906
-0.164426 0.034160
-0.157273 0.031508
-0.150149 0.028972
-0.143053 0.026552
-0.135985 0.024247
-0.128944 0.022054
-0.121931 0.019973
-0.114945 0.018003
-0.107986 0.016141
-0.101053 0.014387
-0.094146 0.012740
-0.087265 0.011199
-0.080410 0.009762
-0.073580 0.008428
-0.066775 0.007197
-0.059994 0.006066
-0.053238 0.005036
-0.046506 0.004105
-0.039798 0.003271
-0.033114 0.002534
-0.026453 0.001893
-0.019815 0.001346
-0.013200 0.000892
-0.006608 0.000531
-0.000039 0.000261
0.006509 0.000082
0.013034 -0.000007
0.016289 0.000000
0.019543 -0.000008
0.026069 0.000081
0.032616 0.000259
0.039186 0.000528
0.045778 0.000888
0.052393 0.001341
0.059030 0.001887
0.065691 0.002528
0.072375 0.003265
0.079083 0.004098
0.085815 0.005028
0.092571 0.006057
0.099352 0.007186
0.106157 0.008416
0.112987 0.009747
0.119843 0.011182
0.126724 0.012720
0.133630 0.014364
0.140563 0.016115
0.147523 0.017973
0.154509 0.019940
0.161522 0.022018
0.168562 0.024207
0.175630 0.026509
0.182726 0.028925
0.189850 0.031457
0.197003 0.034105
0.204185 0.036872
0.211397 0.039759
0.218638 0.042767
0.225909 0.045898
0.233211 0.049153
0.240544 0.052478
0.247908 0.055985
0.255303 0.059620
0.262731 0.063387
0.270191 0.067285
0.277684 0.071318
0.285211 0.075487
0.292771 0.079794
0.300366 0.084241
0.307995 0.088829
0.315659 0.093561
0.323360 0.098439
0.331096 0.103464
0.338870 0.108639
0.346680 0.113966
0.354529 0.119448
0.362416 0.125085
0.370341 0.130881
0.378307 0.136839
0.386312 0.142960
0.394358 0.149247
0.402446 0.155702
0.410575 0.162287
0.418747 0.169086
0.426963 0.176062
0.435223 0.183218
0.443527 0.190556
0.451877 0.198079
0.460273 0.205791
0.468716 0.213694
0.477207 0.221792
0.485747 0.230089
0.494336 0.238587
0.502976 0.247290
0.511667 0.256202
0.520410 0.265327
0.529206 0.274668
0.538056 0.284230
0.546962 0.294017
0.555923 0.304032
0.564942 0.314280
0.574020 0.324767
0.583156 0.335495
0.592354 0.346471
0.601613 0.357699
0.610936 0.369185
0.620323 0.380933
0.629776 0.392950
0.639297 0.405241
0.648886 0.417812
0.658545 0.430668
0.668276 0.443818
0.678081 0.457266
0.687961 0.471020
0.697918 0.485088
0.707953 0.499476
0.718069 0.514192
0.728267 0.529244
0.738551 0.544641
0.748921 0.560392
0.759380 0.576505
0.769930 0.592990
0.780574 0.609856
0.791315 0.627115
0.802154 0.644777
0.813095 0.662854
0.824141 0.681357
0.835295 0.700298
0.846560 0.719692
0.857939 0.739551
0.869436 0.759890
0.881055 0.780724
0.892799 0.802070
0.904673 0.823945
0.916681 0.846365
0.928828 0.869351
0.941119 0.892922
0.953559 0.917099
0.966154 0.941906
0.978908 0.967365
0.991830 0.993504
1.004925 1.020349
1.018201 1.047928
1.031665 1.076275
1.045326 1.105422
1.059192 1.135405
1.073273 1.166263
1.087579 1.198038
1.102122 1.230776
1.116914 1.264526
1.131968 1.299342
1.147298 1.335282
1.162919 1.372411
1.178851 1.410799
1.195111 1.450524
1.211720 1.491541
1.228703 1.534206
1.246086 1.578497
1.263898 1.624536
1.282174 1.672459
1.300950 1.722420
1.320270 1.774597
1.340186 1.829194
1.360755 1.886451
1.382047 1.946646
1.404142 2.010114
1.427141 2.077256
1.451163 2.148563
1.476360 2.224645
1.502921 2.306281
1.531096 2.394484
1.561221 2.490619
1.593768 2.596605
1.629434 2.715284
1.669339 2.851204
1.715488 3.012528
1.772263 3.217081
1.854726 3.526129
