-1.706090 3.498024
-1.629595 3.190904
-1.576929 2.987670
-1.534119 2.827410
-1.497103 2.692404
-1.464018 2.574537
-1.433826 2.469286
-1.405882 2.373827
-1.379745 2.286253
-1.355106 2.205206
-1.331734 2.129677
-1.309450 2.058895
-1.288115 1.992139
-1.267619 1.929150
-1.247868 1.869413
-1.228788 1.812596
-1.210313 1.758421
-1.192391 1.706651
-1.174973 1.657083
-1.158021 1.609539
-1.141498 1.563867
-1.125373 1.519930
-1.109619 1.477610
-1.094211 1.436798
-1.079128 1.397400
-1.064350 1.359331
-1.049858 1.322512
-1.035638 1.286873
-1.021674 1.252351
-1.007953 1.219085
-0.994462 1.186621
-0.981191 1.155112
-0.968129 1.124515
-0.955266 1.094787
-0.942594 1.065888
-0.930104 1.037785
-0.917789 1.010442
-0.905642 0.983830
-0.893655 0.957918
-0.881824 0.932680
-0.870141 0.908091
-0.858601 0.884126
-0.847200 0.860763
-0.835932 0.837981
-0.824792 0.815759
-0.813778 0.794080
-0.802883 0.772926
-0.792105 0.752278
-0.781440 0.732123
-0.770885 0.712444
-0.760435 0.693226
-0.750089 0.674458
-0.739842 0.656124
-0.729693 0.638114
-0.719638 0.620618
-0.709674 0.603522
-0.699801 0.586814
-0.690014 0.570486
-0.680312 0.554526
-0.670692 0.538926
-0.661153 0.523676
-0.651693 0.508768
-0.642309 0.494194
-0.633000 0.480144
-0.623764 0.466207
-0.614599 0.452581
-0.605504 0.439258
-0.596477 0.426232
-0.587517 0.413496
-0.578621 0.401044
-0.569790 0.388869
-0.561021 0.376967
-0.552313 0.365330
-0.543665 0.353954
-0.535076 0.342834
-0.526544 0.331963
-0.518068 0.321338
-0.509648 0.310954
-0.501282 0.300805
-0.492969 0.290887
-0.484708 0.281197
-0.476498 0.271729
-0.468338 0.262480
-0.460228 0.253446
-0.452166 0.244622
-0.444152 0.236005
-0.436184 0.227592
-0.428262 0.219379
-0.420386 0.211363
-0.412554 0.203539
-0.404765 0.195906
-0.397019 0.188459
-0.389316 0.181196
-0.381654 0.174114
-0.374033 0.167210
-0.366452 0.160480
-0.358911 0.153924
-0.351409 0.147536
-0.343945 0.141316
-0.336519 0.135260
-0.329130 0.129367
-0.321778 0.123632
-0.314462 0.118056
-0.307181 0.112634
-0.299936 0.107415
-0.292725 0.102294
-0.285549 0.097322
-0.278406 0.092496
-0.271296 0.087814
-0.264218 0.083275
-0.257173 0.078875
-0.250160 0.074614
-0.243178 0.070490
-0.236228 0.066501
-0.229307 0.062726
-0.222417 0.058996
-0.215557 0.055396
-0.208726 0.051924
-0.201924 0.048578
-0.195151 0.045356
-0.188406 0.042258
-0.181688 0.039282
-0.174999 0.036426
-0.168337 0.033689
-0.161701 0.031068
-0.155092 0.028564
-0.148510 0.026174
-0.141953 0.023898
-0.135423 0.021733
-0.128917 0.019678
-0.122437 0.017733
-0.115981 0.015895
-0.109550 0.014165
-0.103143 0.012540
-0.096760 0.011019
-0.090401 0.009601
-0.084065 0.008285
-0.077752 0.007070
-0.071462 0.005955
-0.065195 0.004938
-0.058950 0.004019
-0.052728 0.003197
-0.046527 0.002516
-0.040348 0.001877
-0.034191 0.001331
-0.028055 0.000879
-0.021940 0.000518
-0.015846 0.000246
-0.009772 0.000069
-0.003719 -0.000011
-0.000700 0.000000
0.002319 -0.000004
0.008372 0.000088
0.014446 0.000270
0.020540 0.000543
0.026655 0.000906
0.032791 0.001362
0.038948 0.001912
0.045127 0.002556
0.051328 0.003296
0.057550 0.004132
0.063795 0.004996
0.070062 0.006017
0.076352 0.007138
0.082665 0.008358
0.089001 0.009678
0.095360 0.011101
0.101743 0.012627
0.108150 0.014256
0.114581 0.015992
0.121037 0.017833
0.127517 0.019783
0.134022 0.021841
0.140553 0.024010
0.147110 0.026290
0.153692 0.028684
0.160301 0.031191
0.166937 0.033814
0.173599 0.036554
0.180288 0.039413
0.187005 0.042392
0.193751 0.045491
0.200524 0.048714
0.207326 0.052062
0.214157 0.055535
0.221017 0.059136
0.227907 0.062867
0.234828 0.066519
0.241778 0.070504
0.248760 0.074706
0.255773 0.078964
0.262818 0.083361
0.269896 0.087897
0.277005 0.092575
0.284149 0.097397
0.291325 0.102364
0.298536 0.107480
0.305781 0.112745
0.313062 0.118163
0.320378 0.123736
0.327730 0.129464
0.335119 0.135353
0.342545 0.141402
0.350009 0.147616
0.357511 0.153995
0.365052 0.160544
0.372633 0.167265
0.380254 0.174160
0.387916 0.181232
0.395619 0.188485
0.403365 0.195920
0.411153 0.203542
0.418986 0.211146
0.426862 0.219142
0.434784 0.227478
0.442751 0.235874
0.450766 0.244472
0.458828 0.253276
0.466938 0.262291
0.475098 0.271519
0.483307 0.280964
0.491568 0.290632
0.499882 0.300525
0.508248 0.310648
0.516668 0.320806
0.525144 0.331472
0.533676 0.342310
0.542265 0.353396
0.550913 0.364737
0.559621 0.376336
0.568390 0.388201
0.577221 0.400335
0.586116 0.412746
0.595077 0.425440
0.604104 0.438421
0.613199 0.451698
0.622364 0.465277
0.631600 0.479165
0.640909 0.493369
0.650293 0.507897
0.659753 0.522757
0.669292 0.537957
0.678912 0.553506
0.688614 0.569412
0.698401 0.585685
0.708274 0.602336
0.718238 0.619373
0.728293 0.636808
0.738442 0.654652
0.748689 0.672916
0.759035 0.691614
0.769485 0.710758
0.780040 0.730361
0.790705 0.750437
0.801483 0.771003
0.812377 0.792073
0.823392 0.813665
0.834531 0.835796
0.845800 0.858484
0.857201 0.881750
0.868741 0.905614
0.880424 0.929899
0.892255 0.955024
0.904242 0.980818
0.916389 1.007309
0.928704 1.034525
0.941194 1.062497
0.953866 1.091259
0.966729 1.120846
0.979791 1.151297
0.993062 1.182652
1.006552 1.214956
1.020274 1.248259
1.034238 1.282613
1.048458 1.318076
1.062950 1.354712
1.077728 1.392589
1.092811 1.431786
1.108219 1.472481
1.123973 1.514584
1.140098 1.558291
1.156621 1.603721
1.173573 1.651010
1.190991 1.700310
1.208913 1.751795
1.227388 1.805668
1.246468 1.862164
1.266219 1.921559
1.286715 1.984182
1.308050 2.050430
1.330333 2.120785
1.353706 2.195851
1.378345 2.276394
1.404481 2.363415
1.432426 2.458261
1.462617 2.562822
1.495703 2.679904
1.532719 2.813991
1.575529 2.973135
1.628195 3.174711
1.704690 3.479536
