-1.813303 3.535146
-1.730325 3.224936
-1.673195 3.019646
-1.626758 2.857758
-1.586604 2.721376
-1.550715 2.602304
-1.517965 2.495975
-1.487652 2.399534
-1.459301 2.311058
-1.432574 2.229174
-1.407220 2.152864
-1.383048 2.081347
-1.359906 2.014012
-1.337672 1.950364
-1.316247 1.890001
-1.295550 1.832587
-1.275510 1.777842
-1.256068 1.725527
-1.237175 1.675435
-1.218786 1.627389
-1.200862 1.581234
-1.183371 1.536831
-1.166282 1.494061
-1.149568 1.452816
-1.133207 1.412998
-1.117176 1.374523
-1.101457 1.337311
-1.086031 1.301291
-1.070883 1.266400
-1.055999 1.232578
-1.041366 1.199771
-1.026970 1.167929
-1.012801 1.137008
-0.998848 1.107055
-0.985102 1.077848
-0.971554 1.049444
-0.958195 1.021808
-0.945018 0.994910
-0.932016 0.968720
-0.919181 0.943211
-0.906508 0.918357
-0.893991 0.894134
-0.881623 0.870520
-0.869400 0.847492
-0.857317 0.825031
-0.845368 0.803118
-0.833551 0.781734
-0.821859 0.760864
-0.810291 0.740490
-0.798840 0.720597
-0.787505 0.701171
-0.776282 0.682198
-0.765167 0.663666
-0.754157 0.645560
-0.743250 0.627870
-0.732443 0.610584
-0.721732 0.593692
-0.711116 0.577182
-0.700592 0.561045
-0.690157 0.545271
-0.679809 0.529852
-0.669547 0.514778
-0.659368 0.500041
-0.649270 0.485633
-0.639251 0.471546
-0.629310 0.457773
-0.619444 0.444306
-0.609652 0.431140
-0.599932 0.418266
-0.590283 0.405679
-0.580703 0.393427
-0.571191 0.381393
-0.561745 0.369629
-0.552364 0.358128
-0.543047 0.346885
-0.533792 0.335894
-0.524598 0.325152
-0.515464 0.314652
-0.506389 0.304391
-0.497371 0.294363
-0.488410 0.284564
-0.479505 0.274991
-0.470653 0.265638
-0.461856 0.256503
-0.453111 0.247580
-0.444417 0.238867
-0.435774 0.230359
-0.427181 0.222053
-0.418637 0.213946
-0.410141 0.206034
-0.401693 0.198313
-0.393291 0.190782
-0.384934 0.183436
-0.376623 0.176273
-0.368356 0.169290
-0.360133 0.162483
-0.351953 0.155851
-0.343815 0.149390
-0.335718 0.143098
-0.327663 0.136972
-0.319648 0.131010
-0.311673 0.125209
-0.303736 0.119567
-0.295839 0.114081
-0.287980 0.108750
-0.280158 0.103571
-0.272373 0.098542
-0.264624 0.093660
-0.256912 0.088925
-0.249235 0.084333
-0.241593 0.079883
-0.233985 0.075572
-0.226412 0.071400
-0.218872 0.067364
-0.211365 0.063462
-0.203891 0.059716
-0.196449 0.056076
-0.189040 0.052565
-0.181661 0.049182
-0.174314 0.045925
-0.166997 0.042792
-0.159711 0.039782
-0.152454 0.036893
-0.145227 0.034124
-0.138030 0.031474
-0.130861 0.028941
-0.123720 0.026523
-0.116608 0.024220
-0.109524 0.022030
-0.102467 0.019951
-0.095437 0.017983
-0.088435 0.016124
-0.081458 0.014373
-0.074509 0.012729
-0.067585 0.011190
-0.060686 0.009755
-0.053814 0.008423
-0.046966 0.007193
-0.040143 0.006064
-0.033345 0.005035
-0.026571 0.004104
-0.019821 0.003271
-0.013095 0.002534
-0.006392 0.001892
0.000287 0.001345
0.006943 0.000892
0.013576 0.000531
0.020187 0.000261
0.026775 0.000082
0.033341 -0.000007
0.036616 0.000000
0.039891 -0.000007
0.046457 0.000081
0.053045 0.000259
0.059656 0.000528
0.066289 0.000889
0.072946 0.001342
0.079625 0.001888
0.086327 0.002529
0.093053 0.003265
0.099803 0.004098
0.106577 0.005029
0.113375 0.006058
0.120198 0.007186
0.127046 0.008415
0.133919 0.009747
0.140817 0.011181
0.147741 0.012719
0.154691 0.014362
0.161667 0.016112
0.168670 0.017970
0.175699 0.019937
0.182756 0.022013
0.189841 0.024202
0.196953 0.026503
0.204093 0.028918
0.211262 0.031449
0.218460 0.034096
0.225687 0.036862
0.232943 0.039748
0.240229 0.042755
0.247546 0.045884
0.254893 0.049138
0.262272 0.052518
0.269682 0.056025
0.277124 0.059662
0.284598 0.063429
0.292104 0.067329
0.299644 0.071298
0.307218 0.075465
0.314825 0.079771
0.322467 0.084216
0.330144 0.088803
0.337857 0.093534
0.345605 0.098410
0.353390 0.103433
0.361212 0.108607
0.369071 0.113932
0.376969 0.119412
0.384905 0.125047
0.392880 0.130842
0.400895 0.136797
0.408951 0.142916
0.417047 0.149201
0.425185 0.155655
0.433365 0.162280
0.441589 0.169037
0.449855 0.176011
0.458167 0.183165
0.466523 0.190501
0.474925 0.198022
0.483374 0.205731
0.491870 0.213632
0.500414 0.221728
0.509007 0.230022
0.517649 0.238518
0.526343 0.247219
0.535088 0.256129
0.543886 0.265251
0.552737 0.274590
0.561643 0.284149
0.570604 0.293933
0.579621 0.303946
0.588697 0.314192
0.597831 0.324675
0.607024 0.335401
0.616279 0.346374
0.625597 0.357600
0.634978 0.369082
0.644423 0.380828
0.653936 0.392842
0.663515 0.405129
0.673164 0.417697
0.682884 0.430550
0.692676 0.443697
0.702542 0.457142
0.712483 0.470893
0.722502 0.484957
0.732600 0.499341
0.742779 0.514054
0.753042 0.529103
0.763389 0.544497
0.773824 0.560244
0.784348 0.576353
0.794964 0.592834
0.805675 0.609697
0.816483 0.626953
0.827390 0.644611
0.838399 0.662683
0.849514 0.681182
0.860738 0.700120
0.872073 0.719509
0.883523 0.739364
0.895092 0.759699
0.906783 0.780530
0.918601 0.801871
0.930549 0.823741
0.942632 0.846158
0.954855 0.869139
0.967223 0.892705
0.979740 0.916878
0.992414 0.941681
1.005248 0.967136
1.018250 0.993270
1.031427 1.020110
1.044786 1.047685
1.058334 1.076027
1.072080 1.105168
1.086033 1.135146
1.100202 1.166000
1.114598 1.197770
1.129232 1.230503
1.144116 1.264248
1.159263 1.299058
1.174689 1.334993
1.190408 1.372117
1.206439 1.410500
1.222801 1.450220
1.239514 1.491364
1.256603 1.534027
1.274095 1.578317
1.292018 1.624354
1.310407 1.672149
1.329301 1.722105
1.348742 1.774276
1.368782 1.828869
1.389480 1.886120
1.410904 1.946310
1.433138 2.009773
1.456280 2.076910
1.480453 2.148211
1.505806 2.224289
1.532533 2.305920
1.560884 2.394118
1.591198 2.490248
1.623947 2.596230
1.659837 2.714904
1.699991 2.850821
1.746428 3.012143
1.803558 3.216694
1.886535 3.525744
