-1.889747 3.548966
-1.805262 3.236566
-1.747094 3.029842
-1.699813 2.866835
-1.658930 2.729517
-1.622388 2.609636
-1.589043 2.502591
-1.558179 2.405507
-1.529313 2.316445
-1.502101 2.234023
-1.476286 2.157217
-1.451675 2.085239
-1.428112 2.017473
-1.405474 1.953422
-1.383660 1.892680
-1.362587 1.834910
-1.342183 1.779828
-1.322388 1.727193
-1.303151 1.676799
-1.284428 1.628466
-1.266179 1.582162
-1.248370 1.537496
-1.230970 1.494476
-1.213953 1.452991
-1.197294 1.412946
-1.180972 1.374252
-1.164967 1.336832
-1.149261 1.300613
-1.133838 1.265531
-1.118684 1.231527
-1.103784 1.198545
-1.089127 1.166537
-1.074700 1.135456
-1.060494 1.105259
-1.046498 1.075908
-1.032704 1.047365
-1.019102 1.019598
-1.005686 0.992573
-0.992448 0.966263
-0.979380 0.940638
-0.966476 0.915675
-0.953731 0.891348
-0.941139 0.867636
-0.928694 0.844517
-0.916391 0.821970
-0.904226 0.799978
-0.892193 0.778521
-0.880290 0.757583
-0.868511 0.737148
-0.856853 0.717200
-0.845311 0.697724
-0.833884 0.678708
-0.822567 0.660137
-0.811358 0.641998
-0.800252 0.624280
-0.789248 0.606972
-0.778343 0.590062
-0.767534 0.573539
-0.756818 0.557394
-0.746194 0.541616
-0.735659 0.526197
-0.725210 0.511128
-0.714846 0.496400
-0.704564 0.482005
-0.694364 0.467934
-0.684241 0.454181
-0.674196 0.440738
-0.664226 0.427598
-0.654330 0.414754
-0.644506 0.402200
-0.634752 0.389929
-0.625067 0.377935
-0.615449 0.366212
-0.605898 0.354755
-0.596412 0.343559
-0.586988 0.332617
-0.577627 0.321924
-0.568327 0.311477
-0.559087 0.301269
-0.549906 0.291296
-0.540782 0.281554
-0.531714 0.272038
-0.522703 0.262745
-0.513745 0.253669
-0.504841 0.244807
-0.495990 0.236155
-0.487190 0.227710
-0.478440 0.219467
-0.469741 0.211423
-0.461091 0.203575
-0.452489 0.195919
-0.443934 0.188452
-0.435426 0.181171
-0.426964 0.174072
-0.418547 0.167154
-0.410174 0.160412
-0.401845 0.153844
-0.393559 0.147447
-0.385316 0.141219
-0.377114 0.135194
-0.368953 0.129293
-0.360833 0.123553
-0.352753 0.117972
-0.344712 0.112546
-0.336710 0.107275
-0.328746 0.102154
-0.320819 0.097183
-0.312930 0.092359
-0.305078 0.087679
-0.297261 0.083143
-0.289480 0.078747
-0.281734 0.074491
-0.274023 0.070371
-0.266346 0.066386
-0.258703 0.062535
-0.251093 0.058815
-0.243516 0.055224
-0.235972 0.051762
-0.228459 0.048426
-0.220979 0.045215
-0.213529 0.042127
-0.206110 0.039160
-0.198722 0.036314
-0.191364 0.033586
-0.184035 0.030975
-0.176736 0.028479
-0.169466 0.026138
-0.162225 0.023867
-0.155011 0.021708
-0.147826 0.019658
-0.140669 0.017718
-0.133539 0.015885
-0.126436 0.014159
-0.119360 0.012538
-0.112310 0.011021
-0.105287 0.009607
-0.098289 0.008294
-0.091317 0.007082
-0.084370 0.005969
-0.077448 0.004955
-0.070551 0.004038
-0.063679 0.003217
-0.056830 0.002492
-0.050006 0.001860
-0.043206 0.001322
-0.036429 0.000876
-0.029675 0.000521
-0.022944 0.000256
-0.016236 0.000080
-0.009551 -0.000007
-0.006216 0.000000
-0.002882 -0.000008
0.003804 0.000079
0.010512 0.000254
0.017242 0.000517
0.023996 0.000871
0.030773 0.001316
0.037574 0.001855
0.044398 0.002488
0.051246 0.003217
0.058119 0.004041
0.065016 0.004962
0.071938 0.005979
0.078884 0.007095
0.085857 0.008310
0.092854 0.009625
0.099878 0.011015
0.106928 0.012532
0.114004 0.014152
0.121107 0.015877
0.128237 0.017709
0.135394 0.019648
0.142579 0.021695
0.149792 0.023853
0.157034 0.026122
0.164304 0.028504
0.171603 0.031000
0.178931 0.033611
0.186290 0.036339
0.193678 0.039186
0.201097 0.042152
0.208546 0.045240
0.216027 0.048450
0.223540 0.051786
0.231084 0.055247
0.238661 0.058836
0.246271 0.062555
0.253914 0.066405
0.261591 0.070389
0.269302 0.074507
0.277048 0.078762
0.284829 0.083155
0.292645 0.087689
0.300498 0.092366
0.308387 0.097188
0.316313 0.102156
0.324277 0.107274
0.332280 0.112542
0.340320 0.117964
0.348401 0.123542
0.356521 0.129277
0.364682 0.135174
0.372883 0.141233
0.381127 0.147458
0.389413 0.153851
0.397742 0.160377
0.406114 0.167113
0.414531 0.174026
0.422994 0.181119
0.431502 0.188393
0.440056 0.195853
0.448659 0.203502
0.457309 0.211343
0.466008 0.219379
0.474757 0.227614
0.483557 0.236051
0.492409 0.244694
0.501313 0.253547
0.510270 0.262613
0.519282 0.271897
0.528350 0.281403
0.537474 0.291134
0.546655 0.301096
0.555895 0.311293
0.565195 0.321729
0.574556 0.332409
0.583979 0.343339
0.593466 0.354523
0.603017 0.365967
0.612635 0.377676
0.622320 0.389657
0.632073 0.401913
0.641898 0.414453
0.651794 0.427282
0.661764 0.440407
0.671809 0.453835
0.681931 0.467572
0.692132 0.481626
0.702414 0.496005
0.712778 0.510716
0.723226 0.525768
0.733762 0.541169
0.744386 0.556928
0.755102 0.573055
0.765911 0.589559
0.776816 0.606450
0.787820 0.623740
0.798925 0.641438
0.810135 0.659556
0.821452 0.678107
0.832879 0.697103
0.844420 0.716558
0.856078 0.736485
0.867857 0.756899
0.879761 0.777816
0.891793 0.799251
0.903959 0.821221
0.916262 0.843746
0.928707 0.866843
0.941299 0.890533
0.954044 0.914837
0.966947 0.939778
0.980015 0.965380
0.993254 0.991667
1.006670 1.018669
1.020272 1.046413
1.034066 1.074931
1.048062 1.104257
1.062268 1.134429
1.076694 1.165484
1.091352 1.197466
1.106252 1.230420
1.121406 1.264396
1.136829 1.299449
1.152535 1.335638
1.168540 1.373028
1.184862 1.411690
1.201521 1.451702
1.218538 1.493153
1.235937 1.536139
1.253747 1.580769
1.271996 1.627164
1.290719 1.675462
1.309956 1.725820
1.329750 1.778312
1.350155 1.833352
1.371228 1.891078
1.393042 1.951774
1.415680 2.015776
1.439242 2.083491
1.463854 2.155414
1.489668 2.232163
1.516881 2.314523
1.545747 2.403519
1.576611 2.500531
1.609956 2.607497
1.646497 2.727290
1.687381 2.864507
1.734662 3.027396
1.792830 3.233970
1.877315 3.546147
