-1.529807 2.846333
-1.279676 1.990612
-1.107461 1.490194
-0.967479 1.136776
-0.846437 0.869621
-0.738251 0.661031
-0.639529 0.495375
-0.548152 0.363391
-0.462689 0.258305
-0.382122 0.175605
-0.305695 0.111488
-0.232829 0.063964
-0.163067 0.030951
-0.096045 0.010741
-0.031462 0.001183
-0.000007 0.000000
0.031449 0.001156
0.096032 0.010142
0.163054 0.028908
0.232815 0.058394
0.305682 0.099982
0.382109 0.155535
0.462676 0.227495
0.548139 0.318879
0.639516 0.433609
0.738238 0.577537
0.846424 0.758606
0.967465 0.990835
1.107448 1.298258
1.279663 1.732802
1.529794 2.475798
