-1.831594 3.479748
-1.749740 3.174444
-1.693383 2.972395
-1.647574 2.813061
-1.607964 2.678827
-1.572561 2.561629
-1.540255 2.456973
-1.510352 2.362049
-1.482385 2.275016
-1.456019 2.194415
-1.431009 2.119302
-1.407164 2.048906
-1.384335 1.982625
-1.362402 1.919973
-1.341268 1.860554
-1.320850 1.804039
-1.301082 1.750150
-1.281904 1.698652
-1.263266 1.649343
-1.245126 1.602047
-1.227445 1.556612
-1.210190 1.512903
-1.193333 1.470800
-1.176846 1.430198
-1.160706 1.391001
-1.144892 1.353126
-1.129385 1.316494
-1.114169 1.281035
-1.099226 1.246687
-1.084543 1.213392
-1.070108 1.181095
-1.055907 1.149750
-1.041930 1.119309
-1.028166 1.089733
-1.014606 1.060982
-1.001241 1.033022
-0.988063 1.005818
-0.975065 0.979340
-0.962239 0.953560
-0.949578 0.928449
-0.937076 0.903983
-0.924728 0.880138
-0.912528 0.856892
-0.900470 0.834224
-0.888551 0.812113
-0.876764 0.790598
-0.865107 0.769546
-0.853574 0.749000
-0.842162 0.728942
-0.830866 0.709358
-0.819685 0.690234
-0.808613 0.671556
-0.797649 0.653310
-0.786788 0.635486
-0.776029 0.618071
-0.765368 0.601053
-0.754802 0.584422
-0.744330 0.568168
-0.733948 0.552282
-0.723654 0.536753
-0.713447 0.521572
-0.703324 0.506732
-0.693282 0.492223
-0.683321 0.478039
-0.673438 0.464170
-0.663631 0.450611
-0.653899 0.437353
-0.644239 0.424391
-0.634651 0.411717
-0.625133 0.399325
-0.615683 0.387209
-0.606299 0.375364
-0.596981 0.363783
-0.587727 0.352462
-0.578536 0.341394
-0.569407 0.330576
-0.560337 0.320001
-0.551327 0.309665
-0.542375 0.299564
-0.533479 0.289693
-0.524639 0.280048
-0.515854 0.270624
-0.507123 0.261418
-0.498444 0.252425
-0.489818 0.243642
-0.481242 0.235065
-0.472716 0.226690
-0.464239 0.218514
-0.455811 0.210533
-0.447430 0.202775
-0.439096 0.195175
-0.430808 0.187761
-0.422564 0.180529
-0.414366 0.173478
-0.406211 0.166604
-0.398099 0.159903
-0.390029 0.153375
-0.382001 0.147015
-0.374015 0.140821
-0.366068 0.134791
-0.358162 0.128922
-0.350295 0.123211
-0.342466 0.117658
-0.334675 0.112258
-0.326922 0.107011
-0.319206 0.101913
-0.311527 0.096963
-0.303883 0.092158
-0.296275 0.087497
-0.288702 0.082978
-0.281164 0.078598
-0.273659 0.074356
-0.266188 0.070249
-0.258750 0.066277
-0.251345 0.062437
-0.243973 0.058728
-0.236632 0.055147
-0.229322 0.051694
-0.222043 0.048366
-0.214796 0.045162
-0.207578 0.042081
-0.200390 0.039121
-0.193232 0.036280
-0.186103 0.033557
-0.179003 0.030950
-0.171931 0.028459
-0.164887 0.026081
-0.157871 0.023816
-0.150883 0.021662
-0.143922 0.019618
-0.136987 0.017682
-0.130079 0.015853
-0.123197 0.014131
-0.116342 0.012513
-0.109511 0.010999
-0.102707 0.009587
-0.095927 0.008277
-0.089172 0.007067
-0.082441 0.005957
-0.075735 0.004944
-0.069053 0.004029
-0.062394 0.003209
-0.055760 0.002485
-0.049148 0.001854
-0.042559 0.001317
-0.035993 0.000871
-0.029450 0.000517
-0.022928 0.000253
-0.016429 0.000078
-0.009952 -0.000008
-0.006721 0.000000
-0.003491 -0.000007
0.002986 0.000082
0.009485 0.000259
0.016007 0.000525
0.022550 0.000882
0.029116 0.001330
0.035705 0.001870
0.042317 0.002502
0.048951 0.003229
0.055610 0.004051
0.062292 0.004969
0.068998 0.005984
0.075729 0.007098
0.082484 0.008310
0.089264 0.009623
0.096068 0.011037
0.102899 0.012553
0.109754 0.014174
0.116636 0.015899
0.123544 0.017730
0.130479 0.019669
0.137440 0.021716
0.144428 0.023872
0.151444 0.026107
0.158488 0.028486
0.165560 0.030979
0.172660 0.033587
0.179789 0.036311
0.186947 0.039154
0.194135 0.042115
0.201353 0.045198
0.208600 0.048402
0.215879 0.051731
0.223189 0.055186
0.230530 0.058767
0.237902 0.062477
0.245308 0.066318
0.252745 0.070290
0.260216 0.074397
0.267721 0.078640
0.275259 0.083020
0.282832 0.087539
0.290440 0.092200
0.298084 0.097005
0.305763 0.101955
0.313479 0.107052
0.321232 0.112299
0.329023 0.117698
0.336852 0.123251
0.344719 0.128960
0.352625 0.134827
0.360572 0.140856
0.368558 0.147048
0.376586 0.153407
0.384656 0.159933
0.392768 0.166631
0.400923 0.173503
0.409121 0.180552
0.417365 0.187781
0.425653 0.195192
0.433987 0.202788
0.442368 0.210574
0.450796 0.218551
0.459273 0.226723
0.467799 0.235095
0.476375 0.243668
0.485001 0.252447
0.493680 0.261436
0.502411 0.270637
0.511196 0.280056
0.520036 0.289697
0.528932 0.299562
0.537884 0.309658
0.546894 0.319987
0.555964 0.330556
0.565093 0.341368
0.574284 0.352428
0.583538 0.363742
0.592856 0.375315
0.602240 0.387152
0.611690 0.399259
0.621208 0.411642
0.630796 0.424307
0.640456 0.437260
0.650188 0.450508
0.659995 0.464057
0.669878 0.477914
0.679839 0.492087
0.689881 0.506584
0.700004 0.521412
0.710211 0.536579
0.720505 0.552094
0.730887 0.567967
0.741359 0.584206
0.751925 0.600821
0.762586 0.617823
0.773345 0.635222
0.784206 0.653029
0.795170 0.671256
0.806242 0.689916
0.817423 0.709020
0.828719 0.728584
0.840131 0.748620
0.851664 0.769144
0.863321 0.790173
0.875108 0.811722
0.887028 0.833809
0.899085 0.856453
0.911285 0.879563
0.923633 0.903379
0.936135 0.927814
0.948796 0.952893
0.961622 0.978641
0.974620 1.005085
0.987798 1.032252
1.001163 1.060176
1.014723 1.088887
1.028487 1.118423
1.042464 1.148821
1.056665 1.180122
1.071100 1.212372
1.085783 1.245619
1.100726 1.279916
1.115942 1.315321
1.131449 1.351897
1.147263 1.389714
1.163403 1.428849
1.179890 1.469386
1.196747 1.511420
1.214002 1.555058
1.231683 1.600417
1.249823 1.647632
1.268461 1.696856
1.287639 1.748264
1.307407 1.802057
1.327825 1.858470
1.348959 1.917779
1.370892 1.980314
1.393721 2.046468
1.417566 2.116727
1.442576 2.191693
1.468942 2.272131
1.496909 2.359040
1.526812 2.453768
1.559118 2.558202
1.594521 2.675146
1.634131 2.809081
1.679940 2.968052
1.736297 3.169625
1.818151 3.474116
