-1.856550 3.482149
-1.773591 3.176688
-1.716474 2.974532
-1.670047 2.815111
-1.629902 2.680802
-1.594021 2.563538
-1.561279 2.458821
-1.530972 2.363842
-1.502628 2.276704
-1.475907 2.196057
-1.450559 2.120898
-1.426392 2.050461
-1.403255 1.984140
-1.381026 1.921450
-1.359606 1.861995
-1.338913 1.805444
-1.318878 1.751604
-1.299441 1.700071
-1.280552 1.650729
-1.262167 1.603400
-1.244247 1.557934
-1.226760 1.514194
-1.209674 1.472061
-1.192965 1.431430
-1.176607 1.392206
-1.160580 1.354303
-1.144864 1.317645
-1.129441 1.282160
-1.114297 1.247787
-1.099417 1.214467
-1.084786 1.182147
-1.070394 1.150777
-1.056228 1.120314
-1.042278 1.090715
-1.028535 1.061943
-1.014990 1.033961
-1.001634 1.006736
-0.988460 0.980237
-0.975461 0.954436
-0.962629 0.929306
-0.949959 0.904821
-0.937444 0.880957
-0.925079 0.857692
-0.912859 0.835037
-0.900779 0.812908
-0.888833 0.791318
-0.877018 0.770251
-0.865329 0.749688
-0.853763 0.729615
-0.842316 0.710016
-0.830983 0.690877
-0.819762 0.672184
-0.808650 0.653925
-0.797643 0.636086
-0.786738 0.618657
-0.775933 0.601626
-0.765225 0.584982
-0.754611 0.568715
-0.744089 0.552816
-0.733656 0.537274
-0.723311 0.522081
-0.713051 0.507229
-0.702874 0.492709
-0.692779 0.478513
-0.682762 0.464633
-0.672823 0.451062
-0.662959 0.437794
-0.653169 0.424821
-0.643452 0.412136
-0.633805 0.399734
-0.624227 0.387609
-0.614717 0.375754
-0.605274 0.364163
-0.595895 0.352833
-0.586580 0.341756
-0.577327 0.330928
-0.568135 0.320345
-0.559003 0.310000
-0.549930 0.299891
-0.540914 0.290011
-0.531955 0.280358
-0.523052 0.270926
-0.514202 0.261711
-0.505407 0.252711
-0.496664 0.243920
-0.487972 0.235335
-0.479331 0.226953
-0.470740 0.218770
-0.462198 0.210783
-0.453704 0.202988
-0.445257 0.195381
-0.436857 0.187961
-0.428503 0.180724
-0.420193 0.173667
-0.411928 0.166786
-0.403707 0.160080
-0.395528 0.153546
-0.387392 0.147181
-0.379297 0.140981
-0.371244 0.134946
-0.363231 0.129071
-0.355257 0.123356
-0.347323 0.117797
-0.339427 0.112393
-0.331570 0.107140
-0.323749 0.102038
-0.315966 0.097083
-0.308220 0.092273
-0.300509 0.087608
-0.292834 0.083084
-0.285193 0.078699
-0.277588 0.074453
-0.270016 0.070342
-0.262478 0.066366
-0.254972 0.062522
-0.247500 0.058808
-0.240060 0.055224
-0.232652 0.051766
-0.225275 0.048435
-0.217929 0.045228
-0.210614 0.042143
-0.203329 0.039179
-0.196075 0.036334
-0.188849 0.033608
-0.181653 0.030998
-0.174486 0.028504
-0.167347 0.026123
-0.160237 0.023855
-0.153154 0.021698
-0.146099 0.019651
-0.139071 0.017713
-0.132069 0.015882
-0.125095 0.014157
-0.118146 0.012537
-0.111224 0.011021
-0.104327 0.009607
-0.097456 0.008295
-0.090610 0.007083
-0.083789 0.005971
-0.076992 0.004957
-0.070220 0.004040
-0.063471 0.003219
-0.056747 0.002493
-0.050046 0.001861
-0.043368 0.001322
-0.036713 0.000876
-0.030082 0.000520
-0.023472 0.000255
-0.016886 0.000080
-0.010321 -0.000008
-0.007047 0.000000
-0.003773 -0.000007
0.002792 0.000081
0.009379 0.000257
0.015988 0.000523
0.022620 0.000879
0.029274 0.001326
0.035952 0.001865
0.042653 0.002498
0.049378 0.003224
0.056126 0.004046
0.062898 0.004964
0.069695 0.005979
0.076516 0.007092
0.083363 0.008304
0.090234 0.009617
0.097131 0.011031
0.104053 0.012548
0.111001 0.014169
0.117976 0.015894
0.124977 0.017726
0.132005 0.019665
0.139060 0.021712
0.146143 0.023870
0.153254 0.026139
0.160393 0.028520
0.167560 0.031015
0.174756 0.033625
0.181981 0.036352
0.189236 0.039196
0.196521 0.042161
0.203836 0.045246
0.211181 0.048454
0.218558 0.051786
0.225966 0.055243
0.233407 0.058828
0.240879 0.062542
0.248384 0.066386
0.255922 0.070363
0.263494 0.074474
0.271100 0.078721
0.278740 0.083105
0.286415 0.087589
0.294126 0.092254
0.301873 0.097062
0.309656 0.102016
0.317476 0.107118
0.325334 0.112369
0.333229 0.117772
0.341164 0.123330
0.349137 0.129044
0.357150 0.134917
0.365204 0.140951
0.373299 0.147148
0.381435 0.153512
0.389613 0.160045
0.397835 0.166749
0.406100 0.173627
0.414409 0.180682
0.422763 0.187917
0.431164 0.195335
0.439610 0.202938
0.448104 0.210731
0.456646 0.218716
0.465237 0.226896
0.473878 0.235275
0.482570 0.243857
0.491313 0.252644
0.500109 0.261641
0.508958 0.270852
0.517862 0.280280
0.526821 0.289929
0.535836 0.299805
0.544909 0.309910
0.554041 0.320250
0.563233 0.330829
0.572486 0.341651
0.581801 0.352723
0.591180 0.364048
0.600624 0.375633
0.610134 0.387482
0.619712 0.399601
0.629358 0.411997
0.639076 0.424674
0.648866 0.437641
0.658729 0.450902
0.668669 0.464465
0.678685 0.478336
0.688781 0.492524
0.698958 0.507036
0.709218 0.521879
0.719563 0.537063
0.729995 0.552595
0.740517 0.568484
0.751131 0.584740
0.761839 0.601373
0.772644 0.618393
0.783549 0.635811
0.794556 0.653637
0.805669 0.671884
0.816890 0.690564
0.828222 0.709689
0.839670 0.729274
0.851236 0.749332
0.862925 0.769879
0.874740 0.790931
0.886685 0.812504
0.898766 0.834616
0.910986 0.857285
0.923351 0.880531
0.935866 0.904377
0.948536 0.928842
0.961367 0.953952
0.974367 0.979732
0.987541 1.006209
1.000896 1.033411
1.014442 1.061369
1.028185 1.090117
1.042134 1.119689
1.056300 1.150059
1.070693 1.181399
1.085323 1.213688
1.100204 1.246976
1.115348 1.281315
1.130770 1.316764
1.146486 1.353386
1.162513 1.391250
1.178871 1.430434
1.195581 1.471022
1.212666 1.513110
1.230154 1.556803
1.248073 1.602220
1.266458 1.649495
1.285347 1.698783
1.304784 1.750257
1.324820 1.804119
1.345513 1.860606
1.366932 1.919993
1.389161 1.982610
1.412298 2.048852
1.436465 2.119204
1.461813 2.194270
1.488534 2.274816
1.516879 2.361843
1.547185 2.456644
1.579928 2.561220
1.615809 2.678323
1.655954 2.812442
1.702381 2.971633
1.759498 3.173489
1.842457 3.478476
