-0.255857 2.366036
-0.230365 1.863516
-0.212813 1.523777
-0.198546 1.254197
-0.186210 1.028431
-0.175184 0.834503
-0.165123 0.666156
-0.155810 0.519569
-0.147100 0.392672
-0.138889 0.283579
-0.131100 0.192258
-0.123673 0.118129
-0.116564 0.061447
-0.109733 0.022692
-0.103151 0.002679
-0.099945 0.000000
-0.096739 0.002751
-0.090157 0.026768
-0.083326 0.082541
-0.076217 0.181522
-0.068790 0.340252
-0.061001 0.583529
-0.052790 0.950099
-0.044080 1.502888
-0.034767 2.341533
-0.024706 3.604676
-0.013680 5.355497
-0.001344 7.430847
0.012923 9.677755
0.030474 12.150146
0.055967 15.274657
