-1.820662 3.483634
-1.738842 3.178022
-1.682508 2.975769
-1.636718 2.816272
-1.597124 2.681901
-1.561735 2.564582
-1.529441 2.459818
-1.499551 2.364795
-1.471595 2.277618
-1.445240 2.196936
-1.420240 2.121744
-1.396405 2.051276
-1.373585 1.984927
-1.351661 1.922210
-1.330535 1.862729
-1.310126 1.806155
-1.290365 1.752209
-1.271195 1.700657
-1.252565 1.651296
-1.234432 1.603951
-1.216758 1.558468
-1.199511 1.514712
-1.182660 1.472564
-1.166179 1.431919
-1.150046 1.392681
-1.134239 1.354765
-1.118738 1.318093
-1.103528 1.282597
-1.088591 1.248212
-1.073915 1.214880
-1.059485 1.182549
-1.045290 1.151236
-1.031318 1.120761
-1.017560 1.091151
-1.004005 1.062368
-0.990646 1.034375
-0.977473 1.007140
-0.964480 0.980632
-0.951659 0.954822
-0.939004 0.929682
-0.926507 0.905188
-0.914164 0.881315
-0.901969 0.858042
-0.889916 0.835347
-0.878001 0.813211
-0.866220 0.791614
-0.854567 0.770539
-0.843038 0.749970
-0.831631 0.729890
-0.820340 0.710284
-0.809163 0.691139
-0.798096 0.672439
-0.787136 0.654174
-0.776280 0.636329
-0.765525 0.618894
-0.754868 0.601857
-0.744307 0.585207
-0.733838 0.568935
-0.723461 0.553075
-0.713171 0.537527
-0.702968 0.522327
-0.692849 0.507468
-0.682812 0.492942
-0.672854 0.478739
-0.662975 0.464854
-0.653172 0.451277
-0.643444 0.438003
-0.633789 0.425024
-0.624204 0.412334
-0.614690 0.399926
-0.605244 0.387795
-0.595864 0.375934
-0.586550 0.364339
-0.577300 0.353003
-0.568112 0.341921
-0.558986 0.331088
-0.549920 0.320500
-0.540914 0.310151
-0.531965 0.300036
-0.523073 0.290152
-0.514237 0.280494
-0.505455 0.271058
-0.496728 0.261839
-0.488053 0.252834
-0.479429 0.244040
-0.470857 0.235451
-0.462335 0.227065
-0.453861 0.218878
-0.445436 0.210887
-0.437059 0.203088
-0.428728 0.195478
-0.420443 0.188055
-0.412203 0.180814
-0.404008 0.173754
-0.395856 0.166870
-0.387748 0.160161
-0.379681 0.153624
-0.371657 0.147255
-0.363673 0.141053
-0.355730 0.135015
-0.347827 0.129139
-0.339963 0.123421
-0.332137 0.117860
-0.324350 0.112483
-0.316600 0.107228
-0.308887 0.102122
-0.301211 0.097164
-0.293570 0.092352
-0.285965 0.087683
-0.278395 0.083157
-0.270860 0.078770
-0.263358 0.074520
-0.255891 0.070407
-0.248456 0.066428
-0.241054 0.062582
-0.233684 0.058866
-0.226346 0.055279
-0.219039 0.051820
-0.211764 0.048486
-0.204519 0.045277
-0.197304 0.042190
-0.190119 0.039224
-0.182964 0.036377
-0.175838 0.033649
-0.168740 0.031037
-0.161671 0.028541
-0.154630 0.026158
-0.147617 0.023888
-0.140632 0.021730
-0.133673 0.019681
-0.126742 0.017741
-0.119836 0.015908
-0.112958 0.014181
-0.106104 0.012560
-0.099277 0.011042
-0.092475 0.009627
-0.085698 0.008313
-0.078946 0.007100
-0.072218 0.005986
-0.065514 0.004970
-0.058835 0.004051
-0.052179 0.003229
-0.045547 0.002502
-0.038938 0.001869
-0.032352 0.001329
-0.025788 0.000881
-0.019248 0.000524
-0.012729 0.000258
-0.006233 0.000081
0.000242 -0.000007
0.003471 0.000000
0.006700 -0.000008
0.013175 0.000079
0.019672 0.000255
0.026190 0.000519
0.032731 0.000875
0.039294 0.001321
0.045880 0.001859
0.052489 0.002491
0.059122 0.003217
0.065778 0.004038
0.072457 0.004955
0.079161 0.005969
0.085888 0.007082
0.092641 0.008294
0.099418 0.009606
0.106220 0.011019
0.113047 0.012536
0.119900 0.014156
0.126779 0.015881
0.133684 0.017712
0.140616 0.019651
0.147574 0.021698
0.154560 0.023855
0.161573 0.026089
0.168614 0.028469
0.175683 0.030962
0.182780 0.033571
0.189906 0.036296
0.197062 0.039139
0.204246 0.042102
0.211461 0.045186
0.218706 0.048392
0.225982 0.051722
0.233288 0.055178
0.240626 0.058761
0.247996 0.062473
0.255398 0.066315
0.262833 0.070290
0.270301 0.074399
0.277803 0.078644
0.285338 0.083027
0.292908 0.087549
0.300513 0.092213
0.308153 0.097020
0.315830 0.101973
0.323543 0.107074
0.331293 0.112324
0.339080 0.117727
0.346905 0.123283
0.354769 0.128996
0.362673 0.134868
0.370616 0.140901
0.378599 0.147098
0.386624 0.153460
0.394690 0.159992
0.402799 0.166695
0.410951 0.173572
0.419146 0.180626
0.427386 0.187860
0.435671 0.195277
0.444002 0.202879
0.452379 0.210671
0.460804 0.218654
0.469277 0.226833
0.477800 0.235211
0.486372 0.243791
0.494995 0.252577
0.503670 0.261573
0.512398 0.270783
0.521179 0.280209
0.530016 0.289857
0.538908 0.299731
0.547856 0.309835
0.556863 0.320173
0.565929 0.330751
0.575055 0.341572
0.584242 0.352642
0.593492 0.363966
0.602807 0.375549
0.612186 0.387396
0.621632 0.399514
0.631147 0.411908
0.640731 0.424584
0.650387 0.437548
0.660115 0.450807
0.669918 0.464368
0.679797 0.478238
0.689754 0.492424
0.699792 0.506934
0.709911 0.521775
0.720114 0.536956
0.730403 0.552486
0.740781 0.568373
0.751249 0.584526
0.761811 0.601154
0.772467 0.618169
0.783223 0.635582
0.794079 0.653403
0.805039 0.671644
0.816106 0.690319
0.827283 0.709439
0.838573 0.729018
0.849981 0.749070
0.861509 0.769611
0.873162 0.790657
0.884944 0.812223
0.896859 0.834328
0.908911 0.856991
0.921107 0.880231
0.933450 0.904068
0.945946 0.928527
0.958602 0.953629
0.971423 0.979401
0.984416 1.005870
0.997589 1.033063
1.010948 1.061013
1.024502 1.089752
1.038261 1.119315
1.052232 1.149742
1.066427 1.181074
1.080857 1.213354
1.095534 1.246633
1.110470 1.280963
1.125681 1.316403
1.141181 1.353014
1.156989 1.390868
1.173122 1.430040
1.189602 1.470561
1.206453 1.512635
1.223701 1.556313
1.241375 1.601715
1.259508 1.648974
1.278138 1.698244
1.297308 1.749700
1.317069 1.803544
1.337478 1.860010
1.358603 1.919376
1.380527 1.981970
1.403347 2.048187
1.427183 2.118514
1.452183 2.193551
1.478537 2.274066
1.506493 2.361059
1.536384 2.455877
1.568677 2.560413
1.604066 2.677470
1.643660 2.811536
1.689451 2.970661
1.745784 3.172432
1.827605 3.477287
