-1.843167 3.466160
-1.759749 3.162277
-1.702316 2.961155
-1.655632 2.802545
-1.615266 2.668915
-1.579186 2.552241
-1.546263 2.448048
-1.515789 2.353542
-1.487287 2.266836
-1.460418 2.186588
-1.434930 2.111799
-1.410629 2.041707
-1.387364 1.975710
-1.365013 1.913326
-1.343475 1.854159
-1.322667 1.797882
-1.302521 1.744219
-1.282976 1.692936
-1.263983 1.643832
-1.245496 1.596732
-1.227477 1.551483
-1.209893 1.507953
-1.192713 1.466021
-1.175911 1.425584
-1.159463 1.386546
-1.143347 1.348822
-1.127544 1.312336
-1.112037 1.277019
-1.096809 1.242807
-1.081846 1.209643
-1.067134 1.177473
-1.052662 1.146250
-1.038418 1.115927
-1.024391 1.086466
-1.010572 1.057826
-0.996952 1.029972
-0.983523 1.002872
-0.970276 0.976495
-0.957205 0.950812
-0.944302 0.925795
-0.931562 0.901420
-0.918978 0.877664
-0.906544 0.854503
-0.894257 0.831918
-0.882109 0.809887
-0.870098 0.788394
-0.858217 0.767419
-0.846464 0.746947
-0.834834 0.726961
-0.823323 0.707447
-0.811928 0.688390
-0.800645 0.669777
-0.789471 0.651595
-0.778403 0.633832
-0.767438 0.616476
-0.756573 0.599516
-0.745805 0.582941
-0.735133 0.566741
-0.724553 0.550906
-0.714063 0.535428
-0.703660 0.520297
-0.693344 0.505504
-0.683110 0.491041
-0.672959 0.476901
-0.662887 0.463076
-0.652893 0.449558
-0.642974 0.436341
-0.633131 0.423417
-0.623359 0.410781
-0.613659 0.398426
-0.604028 0.386346
-0.594466 0.374535
-0.584970 0.362988
-0.575539 0.351699
-0.566173 0.340663
-0.556868 0.329874
-0.547626 0.319329
-0.538443 0.309047
-0.529320 0.298973
-0.520254 0.289128
-0.511246 0.279508
-0.502293 0.270109
-0.493395 0.260926
-0.484551 0.251957
-0.475759 0.243196
-0.467019 0.234640
-0.458331 0.226286
-0.449692 0.218130
-0.441103 0.210169
-0.432562 0.202399
-0.424068 0.194818
-0.415622 0.187421
-0.407221 0.180207
-0.398866 0.173173
-0.390555 0.166314
-0.382288 0.159629
-0.374064 0.153115
-0.365883 0.146770
-0.357744 0.140590
-0.349646 0.134573
-0.341588 0.128717
-0.333571 0.123019
-0.325592 0.117477
-0.317653 0.112089
-0.309752 0.106852
-0.301889 0.101764
-0.294062 0.096824
-0.286273 0.092029
-0.278520 0.087377
-0.270802 0.082866
-0.263119 0.078495
-0.255471 0.074260
-0.247858 0.070161
-0.240278 0.066196
-0.232731 0.062363
-0.225218 0.058660
-0.217736 0.055086
-0.210287 0.051638
-0.202870 0.048316
-0.195483 0.045118
-0.188128 0.042041
-0.180803 0.039086
-0.173508 0.036249
-0.166242 0.033530
-0.159007 0.030927
-0.151800 0.028440
-0.144621 0.026065
-0.137471 0.023803
-0.130350 0.021652
-0.123255 0.019610
-0.116188 0.017677
-0.109148 0.015850
-0.102135 0.014130
-0.095148 0.012514
-0.088188 0.011001
-0.081253 0.009591
-0.074344 0.008282
-0.067460 0.007073
-0.060601 0.005963
-0.053766 0.004951
-0.046956 0.004036
-0.040171 0.003216
-0.033409 0.002492
-0.026671 0.001861
-0.019956 0.001323
-0.013265 0.000877
-0.006597 0.000522
0.000049 0.000257
0.006673 0.000081
0.013273 -0.000007
0.016566 0.000000
0.019858 -0.000008
0.026459 0.000079
0.033082 0.000254
0.039728 0.000518
0.046396 0.000872
0.053088 0.001317
0.059802 0.001854
0.066540 0.002484
0.073302 0.003207
0.080088 0.004026
0.086898 0.004940
0.093732 0.005951
0.100591 0.007060
0.107475 0.008268
0.114384 0.009575
0.121319 0.010984
0.128280 0.012496
0.135267 0.014111
0.142280 0.015830
0.149320 0.017655
0.156387 0.019587
0.163481 0.021628
0.170603 0.023778
0.177753 0.026039
0.184931 0.028411
0.192138 0.030898
0.199374 0.033499
0.206639 0.036217
0.213934 0.039052
0.221259 0.042006
0.228615 0.045081
0.236001 0.048278
0.243418 0.051598
0.250868 0.055044
0.258349 0.058617
0.265863 0.062318
0.273409 0.066149
0.280989 0.070112
0.288603 0.074209
0.296251 0.078441
0.303933 0.082811
0.311651 0.087320
0.319404 0.091969
0.327194 0.096762
0.335020 0.101700
0.342883 0.106785
0.350785 0.112020
0.358724 0.117406
0.366702 0.122945
0.374720 0.128640
0.382777 0.134494
0.390875 0.140508
0.399015 0.146685
0.407196 0.153028
0.415420 0.159539
0.423686 0.166221
0.431997 0.173076
0.440352 0.180108
0.448753 0.187319
0.457200 0.194712
0.465693 0.202290
0.474234 0.210056
0.482823 0.218013
0.491462 0.226166
0.500151 0.234516
0.508890 0.243068
0.517682 0.251825
0.526526 0.260791
0.535424 0.269970
0.544377 0.279365
0.553386 0.288980
0.562451 0.298821
0.571575 0.308890
0.580757 0.319193
0.590000 0.329709
0.599304 0.340493
0.608671 0.351524
0.618101 0.362808
0.627597 0.374351
0.637160 0.386156
0.646791 0.398231
0.656491 0.410581
0.666262 0.423212
0.676106 0.436130
0.686024 0.449341
0.696018 0.462853
0.706090 0.476673
0.716242 0.490807
0.726475 0.505263
0.736792 0.520050
0.747194 0.535175
0.757684 0.550647
0.768264 0.566475
0.778937 0.582668
0.789704 0.599237
0.800569 0.616190
0.811534 0.633539
0.822602 0.651296
0.833776 0.669470
0.845059 0.688076
0.856454 0.707126
0.867965 0.726632
0.879595 0.746611
0.891349 0.767076
0.903229 0.788043
0.915241 0.809529
0.927388 0.831551
0.939676 0.854129
0.952109 0.877282
0.964693 0.901030
0.977433 0.925397
0.990336 0.950405
1.003407 0.976080
1.016654 1.002449
1.030084 1.029540
1.043704 1.057385
1.057523 1.086016
1.071549 1.115469
1.085794 1.145781
1.100266 1.176995
1.114977 1.209155
1.129940 1.242309
1.145168 1.276511
1.160676 1.311818
1.176479 1.348293
1.192594 1.386005
1.209043 1.425032
1.225845 1.465458
1.243025 1.507377
1.260609 1.550895
1.278627 1.596130
1.297114 1.643217
1.316108 1.692307
1.335652 1.743576
1.355799 1.797223
1.376606 1.853485
1.398144 1.912635
1.420496 1.975003
1.443761 2.040982
1.468061 2.111054
1.493550 2.185822
1.520418 2.266049
1.548920 2.352732
1.579394 2.447213
1.612317 2.551378
1.648397 2.668022
1.688764 2.801617
1.735448 2.960187
1.792881 3.161257
1.876298 3.465064
