-1.864853 3.489311
-1.781166 3.183144
-1.723547 2.980519
-1.676712 2.820727
-1.636215 2.686105
-1.600019 2.568567
-1.566989 2.463606
-1.536416 2.368404
-1.507822 2.281062
-1.480867 2.200226
-1.455296 2.124892
-1.430917 2.054290
-1.407576 1.987813
-1.385152 1.924977
-1.363545 1.865382
-1.342670 1.808700
-1.322459 1.754651
-1.302851 1.703001
-1.283796 1.653545
-1.265249 1.606109
-1.247172 1.560539
-1.229531 1.516699
-1.212296 1.474471
-1.195439 1.433748
-1.178938 1.394435
-1.162770 1.356446
-1.146916 1.319705
-1.131359 1.284141
-1.116081 1.249691
-1.101070 1.216296
-1.086311 1.183903
-1.071792 1.152464
-1.057502 1.121934
-1.043429 1.092269
-1.029566 1.063434
-1.015902 1.035390
-1.002429 1.008106
-0.989139 0.981549
-0.976026 0.955693
-0.963081 0.930508
-0.950300 0.905970
-0.937675 0.882056
-0.925201 0.858742
-0.912874 0.836008
-0.900687 0.813833
-0.888637 0.792200
-0.876718 0.771091
-0.864927 0.750488
-0.853259 0.730375
-0.841711 0.710739
-0.830279 0.691563
-0.818959 0.672835
-0.807749 0.654542
-0.796645 0.636672
-0.785645 0.619211
-0.774745 0.602151
-0.763943 0.585478
-0.753236 0.569184
-0.742621 0.553258
-0.732097 0.537692
-0.721661 0.522475
-0.711311 0.507600
-0.701045 0.493058
-0.690860 0.478840
-0.680756 0.464941
-0.670729 0.451351
-0.660779 0.438064
-0.650903 0.425074
-0.641100 0.412373
-0.631369 0.399955
-0.621707 0.387814
-0.612114 0.375945
-0.602587 0.364341
-0.593126 0.352997
-0.583729 0.341908
-0.574395 0.331069
-0.565122 0.320475
-0.555910 0.310120
-0.546757 0.300001
-0.537662 0.290112
-0.528624 0.280450
-0.519643 0.271010
-0.510716 0.261788
-0.501843 0.252780
-0.493023 0.243982
-0.484255 0.235391
-0.475538 0.227003
-0.466872 0.218815
-0.458254 0.210822
-0.449686 0.203022
-0.441165 0.195411
-0.432691 0.187987
-0.424263 0.180746
-0.415881 0.173685
-0.407543 0.166802
-0.399250 0.160093
-0.390999 0.153555
-0.382792 0.147187
-0.374626 0.140986
-0.366502 0.134948
-0.358418 0.129072
-0.350374 0.123355
-0.342371 0.117795
-0.334406 0.112389
-0.326479 0.107135
-0.318590 0.102032
-0.310739 0.097076
-0.302924 0.092266
-0.295145 0.087600
-0.287403 0.083075
-0.279695 0.078690
-0.272023 0.074443
-0.264384 0.070333
-0.256780 0.066356
-0.249209 0.062512
-0.241671 0.058798
-0.234166 0.055214
-0.226692 0.051757
-0.219251 0.048425
-0.211840 0.045218
-0.204461 0.042133
-0.197112 0.039169
-0.189794 0.036348
-0.182505 0.033621
-0.175246 0.031011
-0.168016 0.028517
-0.160814 0.026136
-0.153641 0.023868
-0.146496 0.021710
-0.139379 0.019663
-0.132289 0.017724
-0.125226 0.015893
-0.118191 0.014168
-0.111181 0.012547
-0.104198 0.011031
-0.097241 0.009617
-0.090309 0.008304
-0.083403 0.007092
-0.076522 0.005979
-0.069665 0.004964
-0.062833 0.004047
-0.056026 0.003225
-0.049242 0.002499
-0.042482 0.001866
-0.035746 0.001327
-0.029033 0.000880
-0.022343 0.000523
-0.015676 0.000258
-0.009031 0.000081
-0.002409 -0.000007
0.000894 0.000000
0.004197 -0.000008
0.010819 0.000079
0.017464 0.000255
0.024131 0.000519
0.030821 0.000874
0.037534 0.001320
0.044271 0.001859
0.051031 0.002490
0.057814 0.003215
0.064622 0.004035
0.071454 0.004952
0.078310 0.005965
0.085191 0.007077
0.092098 0.008288
0.099029 0.009599
0.105987 0.011011
0.112970 0.012526
0.119979 0.014145
0.127015 0.015869
0.134078 0.017699
0.141167 0.019636
0.148285 0.021681
0.155430 0.023837
0.162603 0.026103
0.169804 0.028482
0.177034 0.030975
0.184294 0.033583
0.191582 0.036307
0.198901 0.039150
0.206250 0.042112
0.213629 0.045195
0.221039 0.048400
0.228481 0.051730
0.235954 0.055185
0.243459 0.058767
0.250997 0.062459
0.258568 0.066301
0.266173 0.070275
0.273811 0.074384
0.281484 0.078628
0.289191 0.083010
0.296934 0.087532
0.304712 0.092196
0.312527 0.097003
0.320379 0.101956
0.328267 0.107057
0.336194 0.112307
0.344159 0.117710
0.352163 0.123267
0.360207 0.128981
0.368290 0.134854
0.376414 0.140888
0.384580 0.147086
0.392788 0.153450
0.401038 0.159983
0.409332 0.166688
0.417669 0.173568
0.426052 0.180624
0.434479 0.187861
0.442953 0.195281
0.451474 0.202887
0.460043 0.210683
0.468660 0.218671
0.477327 0.226855
0.486043 0.235238
0.494811 0.243824
0.503631 0.252616
0.512504 0.261618
0.521431 0.270835
0.530413 0.280270
0.539451 0.289926
0.548545 0.299809
0.557698 0.309922
0.566911 0.320271
0.576183 0.330859
0.585517 0.341692
0.594914 0.352775
0.604375 0.364112
0.613902 0.375709
0.623496 0.387571
0.633157 0.399705
0.642889 0.412115
0.652692 0.424809
0.662568 0.437792
0.672518 0.451071
0.682544 0.464653
0.692649 0.478545
0.702833 0.492754
0.713100 0.507288
0.723450 0.522154
0.733886 0.537362
0.744410 0.552920
0.755024 0.568837
0.765731 0.585122
0.776533 0.601785
0.787433 0.618837
0.798434 0.636288
0.809538 0.654149
0.820748 0.672432
0.832067 0.691150
0.843499 0.710315
0.855047 0.729941
0.866715 0.750043
0.878506 0.770635
0.890425 0.791734
0.902476 0.813356
0.914662 0.835519
0.926990 0.858242
0.939463 0.881544
0.952088 0.905446
0.964870 0.929972
0.977814 0.955144
0.990928 0.980988
1.004217 1.007531
1.017690 1.034802
1.031354 1.062832
1.045218 1.091653
1.059290 1.121303
1.073580 1.151819
1.088099 1.183243
1.102859 1.215619
1.117870 1.248998
1.133147 1.283431
1.148705 1.318978
1.164559 1.355702
1.180727 1.393672
1.197228 1.432966
1.214084 1.473670
1.231320 1.515878
1.248961 1.559696
1.267038 1.605245
1.285584 1.652659
1.304639 1.702091
1.324247 1.753717
1.344459 1.807740
1.365333 1.864396
1.386941 1.923963
1.409365 1.986770
1.432705 2.053216
1.457085 2.123785
1.482655 2.199085
1.509611 2.279883
1.538205 2.367185
1.568777 2.462343
1.601807 2.567256
1.638003 2.684741
1.678501 2.819301
1.725335 2.979021
1.782954 3.181555
1.866642 3.487583
