-0.765870 3.843511
-0.724132 3.415776
-0.695395 3.126114
-0.672037 2.894000
-0.651840 2.696214
-0.633787 2.522196
-0.617314 2.365587
-0.602066 2.222837
-0.587805 2.091561
-0.574361 1.969613
-0.561608 1.855901
-0.549450 1.749335
-0.537809 1.649172
-0.526625 1.554858
-0.515848 1.465570
-0.505437 1.381054
-0.495357 1.300840
-0.485578 1.224825
-0.476075 1.152617
-0.466825 1.083991
-0.457809 1.018743
-0.449011 0.956785
-0.440415 0.897763
-0.432008 0.841652
-0.423778 0.788183
-0.415714 0.737496
-0.407807 0.689359
-0.400048 0.643673
-0.392429 0.600349
-0.384942 0.559303
-0.377581 0.520456
-0.370340 0.483733
-0.363213 0.449061
-0.356194 0.416372
-0.349280 0.385599
-0.342465 0.356677
-0.335746 0.329542
-0.329118 0.304130
-0.322578 0.280378
-0.316122 0.258224
-0.309747 0.237606
-0.303451 0.218460
-0.297230 0.200723
-0.291081 0.184332
-0.285003 0.169332
-0.278993 0.155439
-0.273049 0.142699
-0.267168 0.131049
-0.261349 0.120423
-0.255590 0.110758
-0.249888 0.101992
-0.244243 0.094061
-0.238652 0.086904
-0.233114 0.080462
-0.227627 0.074675
-0.222191 0.069486
-0.216804 0.064840
-0.211464 0.060685
-0.206170 0.056970
-0.200921 0.053649
-0.195716 0.050675
-0.190554 0.048007
-0.185434 0.045605
-0.180355 0.043433
-0.175315 0.041458
-0.170315 0.039648
-0.165352 0.037977
-0.160427 0.036418
-0.155537 0.034949
-0.150684 0.033550
-0.145865 0.032204
-0.141081 0.030894
-0.136329 0.029609
-0.131611 0.028338
-0.126924 0.027070
-0.122269 0.025800
-0.117644 0.024521
-0.113050 0.023231
-0.108485 0.021926
-0.103949 0.020607
-0.099441 0.019274
-0.094962 0.017895
-0.090510 0.016543
-0.086084 0.015384
-0.081685 0.014012
-0.077312 0.012648
-0.072965 0.011155
-0.068643 0.009846
-0.064345 0.008569
-0.060072 0.007335
-0.055822 0.006325
-0.051596 0.005180
-0.047392 0.004113
-0.043212 0.003136
-0.039053 0.002264
-0.034917 0.001613
-0.030802 0.000956
-0.026709 0.000497
-0.022636 0.000139
-0.018584 0.000011
-0.016566 0.000000
-0.014548 0.000055
-0.010496 0.000330
-0.006423 0.000840
-0.002330 0.001642
0.001785 0.002746
0.005921 0.004046
0.010080 0.005783
0.014260 0.007901
0.018463 0.010433
0.022690 0.013415
0.026939 0.016649
0.031213 0.020718
0.035511 0.025239
0.039833 0.030155
0.044180 0.035878
0.048553 0.042333
0.052952 0.049472
0.057377 0.057384
0.061830 0.066116
0.066309 0.075713
0.070817 0.086225
0.075353 0.097700
0.079918 0.110185
0.084512 0.123725
0.089137 0.138175
0.093792 0.153951
0.098479 0.170924
0.103197 0.189140
0.107949 0.208721
0.112733 0.229566
0.117552 0.251845
0.122405 0.275481
0.127294 0.300565
0.132220 0.326964
0.137182 0.355053
0.142183 0.384660
0.147223 0.415878
0.152302 0.448707
0.157422 0.483170
0.162584 0.519292
0.167789 0.557095
0.173038 0.596728
0.178331 0.637975
0.183672 0.680937
0.189059 0.725490
0.194495 0.772011
0.199982 0.820277
0.205520 0.870335
0.211110 0.922205
0.216756 0.975882
0.222457 1.031398
0.228217 1.088827
0.234036 1.148019
0.239917 1.209077
0.245861 1.272015
0.251871 1.336852
0.257949 1.403602
0.264098 1.472059
0.270319 1.542656
0.276615 1.615212
0.282990 1.689749
0.289445 1.766402
0.295986 1.844999
0.302614 1.925656
0.309333 2.008408
0.316148 2.093090
0.323062 2.180120
0.330081 2.269562
0.337208 2.360974
0.344449 2.454818
0.351810 2.551045
0.359297 2.649724
0.366916 2.750932
0.374675 2.854752
0.382582 2.961282
0.390646 3.070624
0.398876 3.182693
0.407283 3.298025
0.415879 3.416578
0.424677 3.538716
0.433693 3.664236
0.442943 3.793561
0.452446 3.926963
0.462225 4.064735
0.472305 4.207022
0.482716 4.354585
0.493493 4.507722
0.504677 4.667115
0.516317 4.833302
0.528476 5.006953
0.541229 5.189471
0.554673 5.382055
0.568934 5.586196
0.584182 5.804772
0.600655 6.040739
0.618707 6.298927
0.638905 6.587686
0.662263 6.920517
0.691000 7.328576
0.732738 7.918055
