-0.295046 3.194766
-0.281810 2.977698
-0.272696 2.829541
-0.265288 2.709702
-0.258883 2.606712
-0.253158 2.515214
-0.247933 2.432405
-0.243098 2.355972
-0.238575 2.284906
-0.234311 2.218305
-0.230267 2.155493
-0.226411 2.096098
-0.222719 2.039379
-0.219172 1.985216
-0.215755 1.933329
-0.212453 1.883521
-0.209256 1.835585
-0.206155 1.789342
-0.203141 1.744699
-0.200207 1.701514
-0.197348 1.659686
-0.194558 1.619311
-0.191832 1.579924
-0.189165 1.541654
-0.186555 1.504436
-0.183998 1.468213
-0.181490 1.432934
-0.179030 1.398553
-0.176613 1.365026
-0.174239 1.332317
-0.171905 1.300397
-0.169608 1.269218
-0.167348 1.238758
-0.165122 1.208989
-0.162929 1.179885
-0.160768 1.151422
-0.158637 1.123578
-0.156535 1.096332
-0.154461 1.069665
-0.152413 1.043559
-0.150392 1.017997
-0.148395 0.992962
-0.146422 0.968441
-0.144472 0.944418
-0.142544 0.920881
-0.140638 0.897817
-0.138753 0.875214
-0.136888 0.853038
-0.135043 0.831325
-0.133216 0.810228
-0.131408 0.789344
-0.129618 0.768872
-0.127844 0.748803
-0.126088 0.729128
-0.124348 0.709840
-0.122624 0.690931
-0.120916 0.672392
-0.119222 0.654218
-0.117543 0.636401
-0.115879 0.618934
-0.114228 0.601812
-0.112591 0.585038
-0.110967 0.568585
-0.109356 0.552459
-0.107758 0.536654
-0.106172 0.521165
-0.104598 0.505987
-0.103036 0.491114
-0.101486 0.476537
-0.099946 0.462263
-0.098418 0.448282
-0.096901 0.434588
-0.095394 0.421156
-0.093898 0.408026
-0.092411 0.395172
-0.090935 0.382589
-0.089468 0.370274
-0.088011 0.358223
-0.086563 0.346431
-0.085125 0.334897
-0.083695 0.323616
-0.082275 0.312584
-0.080863 0.301800
-0.076677 0.270891
-0.075299 0.261060
-0.073928 0.251459
-0.072565 0.242087
-0.071210 0.233119
-0.069862 0.224166
-0.068522 0.215432
-0.067189 0.206915
-0.065863 0.198615
-0.064544 0.190540
-0.063232 0.182666
-0.061927 0.175000
-0.060629 0.167539
-0.059338 0.160279
-0.058052 0.153218
-0.056774 0.146327
-0.055502 0.139835
-0.054236 0.133322
-0.052976 0.127005
-0.051722 0.120879
-0.050474 0.114943
-0.049232 0.109192
-0.047996 0.103621
-0.046766 0.098227
-0.045541 0.093004
-0.044322 0.087951
-0.043109 0.083065
-0.041901 0.078344
-0.040698 0.073785
-0.039500 0.069387
-0.038308 0.065146
-0.037121 0.061062
-0.035939 0.057131
-0.034762 0.053351
-0.033590 0.049721
-0.032423 0.046237
-0.031260 0.042898
-0.030103 0.039701
-0.028950 0.036645
-0.027802 0.033727
-0.026658 0.030870
-0.025519 0.028226
-0.024384 0.025715
-0.023254 0.023334
-0.022129 0.021082
-0.021007 0.019153
-0.019890 0.017134
-0.018777 0.015239
-0.017669 0.013463
-0.016564 0.011807
-0.015464 0.010268
-0.014367 0.008844
-0.013275 0.007533
-0.012186 0.006334
-0.011102 0.005244
-0.010021 0.004210
-0.008945 0.003523
-0.007872 0.002721
-0.006802 0.002028
-0.005737 0.001439
-0.004675 0.001037
-0.003617 0.000618
-0.002562 0.000360
-0.001511 0.000125
-0.000464 0.000012
0.000058 0.000000
0.000581 0.000017
0.001628 0.000139
0.002679 0.000377
0.003734 0.000636
0.004792 0.001045
0.005854 0.001554
0.006919 0.002023
0.007988 0.002690
0.009061 0.003451
0.010138 0.004075
0.011219 0.004974
0.012303 0.006024
0.013392 0.007117
0.014484 0.008302
0.015580 0.009582
0.016681 0.010962
0.017785 0.012447
0.018894 0.013847
0.020007 0.015479
0.021124 0.017207
0.022245 0.019025
0.023371 0.020935
0.024501 0.022938
0.025636 0.025033
0.026775 0.027015
0.027918 0.029264
0.030219 0.034100
0.031377 0.036619
0.032539 0.039227
0.033707 0.041923
0.034879 0.044705
0.036056 0.047574
0.037238 0.050531
0.038425 0.053577
0.039617 0.056714
0.040815 0.059945
0.042017 0.063271
0.043226 0.066692
0.044439 0.070206
0.045658 0.073810
0.046883 0.077502
0.048113 0.081283
0.049349 0.085151
0.050591 0.088953
0.051839 0.092977
0.053093 0.097088
0.054353 0.101287
0.055618 0.105572
0.056891 0.109945
0.058169 0.114404
0.059454 0.118949
0.060746 0.123581
0.062044 0.128300
0.063349 0.133104
0.064661 0.137994
0.065980 0.142971
0.067305 0.148032
0.068638 0.153180
0.069979 0.158413
0.071327 0.163731
0.072682 0.169134
0.074045 0.174622
0.075416 0.180195
0.076794 0.185853
0.078181 0.191596
0.079576 0.197423
0.080980 0.203335
0.082392 0.209331
0.083812 0.215412
0.085242 0.221577
0.086680 0.227826
0.088128 0.234159
0.089585 0.240577
0.091052 0.247078
0.092528 0.253664
0.094014 0.260334
0.095511 0.267088
0.097018 0.273926
0.098535 0.280848
0.100063 0.287855
0.101603 0.294946
0.103153 0.302122
0.104715 0.309382
0.106289 0.316727
0.107875 0.324156
0.109473 0.331671
0.111084 0.339069
0.112708 0.346747
0.114345 0.354510
0.115995 0.362359
0.117660 0.370294
0.119339 0.378316
0.121032 0.386424
0.122741 0.394619
0.124465 0.402903
0.126205 0.411274
0.127961 0.419780
0.129734 0.428331
0.131525 0.436972
0.133333 0.445703
0.135160 0.454526
0.137005 0.463440
0.138870 0.472448
0.140755 0.481549
0.142661 0.490745
0.144589 0.500037
0.146539 0.509426
0.148512 0.518912
0.150508 0.528499
0.152530 0.538186
0.154578 0.547976
0.156652 0.557869
0.158754 0.567869
0.160885 0.577976
0.163046 0.588200
0.165239 0.598530
0.167465 0.608974
0.169725 0.619536
0.172021 0.630217
0.174356 0.641023
0.176730 0.651955
0.179147 0.663017
0.181607 0.674214
0.184115 0.685551
0.186672 0.697032
0.189282 0.708663
0.191948 0.720451
0.194674 0.732401
0.197465 0.744319
0.200324 0.756612
0.203258 0.769093
0.206271 0.781776
0.209373 0.794672
0.212570 0.807796
0.215871 0.821166
0.219289 0.834861
0.222836 0.848792
0.226528 0.863043
0.230384 0.877650
0.234428 0.892658
0.238692 0.908123
0.243214 0.924119
0.248050 0.940746
0.253274 0.958142
0.258999 0.976515
0.265405 0.996195
0.272813 1.017774
0.281926 1.042550
0.295163 1.074970
