-1.875192 3.483361
-1.791623 3.177850
-1.734086 2.975654
-1.687318 2.816199
-1.646878 2.681859
-1.610733 2.564566
-1.577750 2.459822
-1.547221 2.364816
-1.518668 2.277653
-1.491750 2.196983
-1.466216 2.121801
-1.441872 2.051342
-1.418564 1.984999
-1.396172 1.922288
-1.374595 1.862812
-1.353750 1.806242
-1.333567 1.752300
-1.313987 1.700751
-1.294959 1.651392
-1.276439 1.604048
-1.258388 1.558566
-1.240772 1.514810
-1.223561 1.472663
-1.206728 1.432018
-1.190250 1.392779
-1.174105 1.354862
-1.158274 1.318311
-1.142738 1.282810
-1.127483 1.248421
-1.112493 1.215085
-1.097755 1.182749
-1.083256 1.151365
-1.068986 1.120887
-1.054934 1.091274
-1.041090 1.062487
-1.027445 1.034491
-1.013992 1.007253
-1.000721 0.980741
-0.987626 0.954927
-0.974700 0.929784
-0.961936 0.905286
-0.949330 0.881410
-0.936874 0.858134
-0.924564 0.835435
-0.912395 0.813295
-0.900361 0.791695
-0.888459 0.770617
-0.876685 0.750044
-0.865034 0.729961
-0.853502 0.710352
-0.842086 0.691203
-0.830783 0.672500
-0.819588 0.654232
-0.808500 0.636384
-0.797516 0.618946
-0.786631 0.601906
-0.775844 0.585253
-0.765152 0.568978
-0.754553 0.553070
-0.744044 0.537520
-0.733623 0.522320
-0.723287 0.507460
-0.713036 0.492932
-0.702866 0.478728
-0.692775 0.464841
-0.682763 0.451264
-0.672827 0.437988
-0.662965 0.425008
-0.653176 0.412317
-0.643458 0.399908
-0.633810 0.387776
-0.624231 0.375915
-0.614717 0.364319
-0.605270 0.352982
-0.595886 0.341899
-0.586565 0.331066
-0.577306 0.320476
-0.568107 0.310127
-0.558967 0.300012
-0.549885 0.290127
-0.540860 0.280468
-0.531891 0.271031
-0.522977 0.261812
-0.514116 0.252807
-0.505309 0.244012
-0.496553 0.235423
-0.487849 0.227036
-0.479195 0.218849
-0.470590 0.210857
-0.462033 0.203058
-0.453524 0.195448
-0.445062 0.188024
-0.436647 0.180783
-0.428276 0.173722
-0.419950 0.166838
-0.411669 0.160129
-0.403430 0.153591
-0.395234 0.147222
-0.387080 0.141020
-0.378967 0.134982
-0.370895 0.129104
-0.362863 0.123386
-0.354870 0.117825
-0.346917 0.112418
-0.339001 0.107163
-0.331124 0.102058
-0.323283 0.097100
-0.315480 0.092289
-0.307712 0.087621
-0.299981 0.083095
-0.292284 0.078709
-0.284622 0.074460
-0.276995 0.070348
-0.269401 0.066370
-0.261841 0.062524
-0.254314 0.058809
-0.246819 0.055223
-0.239356 0.051764
-0.231925 0.048431
-0.224525 0.045223
-0.217157 0.042137
-0.209818 0.039172
-0.202510 0.036326
-0.195232 0.033599
-0.187983 0.030988
-0.180763 0.028522
-0.173572 0.026140
-0.166409 0.023870
-0.159274 0.021712
-0.152167 0.019663
-0.145087 0.017724
-0.138034 0.015891
-0.131009 0.014165
-0.124009 0.012544
-0.117036 0.011027
-0.110089 0.009613
-0.103167 0.008300
-0.096270 0.007087
-0.089399 0.005974
-0.082552 0.004959
-0.075730 0.004042
-0.068932 0.003220
-0.062158 0.002494
-0.055408 0.001862
-0.048681 0.001323
-0.041977 0.000876
-0.035297 0.000520
-0.028639 0.000255
-0.022004 0.000080
-0.015391 -0.000008
-0.012093 0.000000
-0.008795 -0.000007
-0.002182 0.000081
0.004454 0.000258
0.011111 0.000524
0.017792 0.000880
0.024495 0.001328
0.031222 0.001868
0.037973 0.002501
0.044746 0.003228
0.051544 0.004050
0.058367 0.004969
0.065213 0.005985
0.072085 0.007099
0.078981 0.008312
0.085903 0.009626
0.092850 0.011041
0.099824 0.012559
0.106823 0.014181
0.113849 0.015908
0.120902 0.017741
0.127981 0.019681
0.135088 0.021730
0.142223 0.023889
0.149386 0.026160
0.156577 0.028543
0.163797 0.031039
0.171046 0.033651
0.178325 0.036380
0.185633 0.039227
0.192971 0.042193
0.200340 0.045280
0.207740 0.048490
0.215171 0.051824
0.222633 0.055284
0.230128 0.058871
0.237655 0.062587
0.245216 0.066434
0.252809 0.070414
0.260437 0.074527
0.268099 0.078777
0.275795 0.083164
0.283527 0.087691
0.291294 0.092360
0.299098 0.097173
0.306938 0.102131
0.314816 0.107237
0.322731 0.112493
0.330685 0.117901
0.338677 0.123464
0.346710 0.129183
0.354782 0.135061
0.362894 0.141100
0.371049 0.147303
0.379245 0.153673
0.387483 0.160211
0.395765 0.166921
0.404091 0.173806
0.412461 0.180868
0.420877 0.188109
0.429339 0.195534
0.437848 0.203145
0.446404 0.210945
0.455009 0.218937
0.463663 0.227125
0.472368 0.235513
0.481123 0.244102
0.489931 0.252898
0.498791 0.261904
0.507705 0.271124
0.516674 0.280562
0.525699 0.290221
0.534781 0.300106
0.543921 0.310222
0.553120 0.320572
0.562379 0.331162
0.571700 0.341996
0.581084 0.353079
0.590532 0.364417
0.600045 0.376014
0.609625 0.387876
0.619273 0.400008
0.628991 0.412417
0.638780 0.425109
0.648641 0.438089
0.658578 0.451365
0.668590 0.464943
0.678680 0.478831
0.688850 0.493035
0.699102 0.507563
0.709437 0.522424
0.719858 0.537625
0.730367 0.553175
0.740967 0.569084
0.751659 0.585359
0.762445 0.602012
0.773330 0.619053
0.784315 0.636491
0.795403 0.654340
0.806597 0.672609
0.817900 0.691312
0.829316 0.710430
0.840848 0.730039
0.852499 0.750122
0.864274 0.770695
0.876176 0.791773
0.888209 0.813373
0.900378 0.835513
0.912688 0.858212
0.925144 0.881488
0.937751 0.905364
0.950514 0.929862
0.963440 0.955005
0.976535 0.980819
0.989806 1.007330
1.003260 1.034568
1.016905 1.062564
1.030749 1.091350
1.044801 1.120963
1.059071 1.151440
1.073569 1.182824
1.088307 1.215159
1.103297 1.248494
1.118553 1.282883
1.134088 1.318382
1.149920 1.355057
1.166065 1.392976
1.182543 1.432217
1.199375 1.472864
1.216586 1.515014
1.234202 1.558771
1.252254 1.604168
1.270774 1.651511
1.289802 1.700869
1.309382 1.752418
1.329565 1.806359
1.350410 1.862928
1.371987 1.922403
1.394379 1.985112
1.417686 2.051453
1.442031 2.121911
1.467565 2.197090
1.494482 2.277759
1.523036 2.364919
1.553565 2.459922
1.586548 2.564663
1.622693 2.681952
1.663133 2.816287
1.709901 2.975737
1.767438 3.177924
1.851007 3.483422
