-1.854109 3.539318
-1.772725 3.228547
-1.716691 3.022901
-1.671146 2.860742
-1.631763 2.724137
-1.596563 2.604876
-1.564442 2.498383
-1.534710 2.401797
-1.506903 2.313189
-1.480690 2.231186
-1.455823 2.154767
-1.432114 2.083151
-1.409416 2.015723
-1.387609 1.951990
-1.366596 1.891546
-1.346296 1.834059
-1.326641 1.779244
-1.307573 1.726863
-1.289042 1.676709
-1.271006 1.628605
-1.253426 1.582394
-1.236271 1.537939
-1.219510 1.495200
-1.203117 1.453905
-1.187070 1.414042
-1.171347 1.375522
-1.155929 1.338268
-1.140800 1.302208
-1.125943 1.267278
-1.111345 1.233419
-1.096992 1.200577
-1.082872 1.168702
-1.068975 1.137748
-1.055290 1.107674
-1.041808 1.078440
-1.028520 1.050009
-1.015418 1.022349
-1.002494 0.995427
-0.989741 0.969215
-0.977153 0.943684
-0.964723 0.918809
-0.952446 0.894566
-0.940316 0.870932
-0.928328 0.847885
-0.916476 0.825407
-0.904757 0.803476
-0.893167 0.782077
-0.881700 0.761190
-0.870353 0.740801
-0.859123 0.720894
-0.848005 0.701455
-0.836997 0.682468
-0.826096 0.663923
-0.815298 0.645805
-0.804600 0.628104
-0.794000 0.610806
-0.783495 0.593903
-0.773082 0.577383
-0.762760 0.561236
-0.752526 0.545452
-0.742377 0.530024
-0.732312 0.514941
-0.722328 0.500195
-0.712424 0.485779
-0.702597 0.471685
-0.692847 0.457904
-0.683170 0.444431
-0.673566 0.431257
-0.664033 0.418377
-0.654569 0.405784
-0.645173 0.393471
-0.635844 0.381434
-0.626580 0.369665
-0.617379 0.358161
-0.608240 0.346914
-0.599163 0.335920
-0.590146 0.325174
-0.581187 0.314671
-0.572286 0.304407
-0.563441 0.294377
-0.554652 0.284575
-0.545918 0.275000
-0.537236 0.265645
-0.528608 0.256507
-0.520030 0.247582
-0.511504 0.238867
-0.503027 0.230357
-0.494599 0.222050
-0.486219 0.213941
-0.477886 0.206028
-0.469600 0.198306
-0.461359 0.190773
-0.453163 0.183427
-0.445011 0.176301
-0.436903 0.169316
-0.428838 0.162507
-0.420815 0.155873
-0.412833 0.149410
-0.404892 0.143116
-0.396991 0.136988
-0.389130 0.131024
-0.381308 0.125222
-0.373524 0.119578
-0.365778 0.114091
-0.358070 0.108759
-0.350398 0.103578
-0.342763 0.098548
-0.335163 0.093666
-0.327599 0.088929
-0.320069 0.084336
-0.312574 0.079886
-0.305112 0.075575
-0.297684 0.071402
-0.290289 0.067365
-0.282926 0.063463
-0.275596 0.059693
-0.268297 0.056054
-0.261029 0.052545
-0.253792 0.049163
-0.246586 0.045907
-0.239410 0.042775
-0.232263 0.039767
-0.225146 0.036879
-0.218058 0.034112
-0.210999 0.031463
-0.203967 0.028930
-0.196964 0.026514
-0.189988 0.024211
-0.183040 0.022022
-0.176119 0.019944
-0.169224 0.017976
-0.162356 0.016117
-0.155513 0.014385
-0.148697 0.012737
-0.141906 0.011195
-0.135140 0.009758
-0.128399 0.008423
-0.121683 0.007191
-0.114991 0.006060
-0.108323 0.005029
-0.101680 0.004097
-0.095059 0.003263
-0.088462 0.002527
-0.081889 0.001886
-0.075338 0.001341
-0.068809 0.000888
-0.062303 0.000528
-0.055820 0.000260
-0.049358 0.000082
-0.042918 -0.000007
-0.039706 0.000000
-0.036494 -0.000007
-0.030054 0.000081
-0.023592 0.000260
-0.017108 0.000529
-0.010602 0.000889
-0.004074 0.001343
0.002477 0.001889
0.009051 0.002531
0.015648 0.003267
0.022268 0.004101
0.028912 0.005032
0.035580 0.006061
0.042272 0.007191
0.048988 0.008421
0.055729 0.009753
0.062495 0.011188
0.069286 0.012727
0.076102 0.014372
0.082944 0.016123
0.089813 0.017982
0.096707 0.019950
0.103629 0.021983
0.110577 0.024170
0.117553 0.026470
0.124556 0.028883
0.131587 0.031412
0.138647 0.034058
0.145735 0.036822
0.152852 0.039706
0.159998 0.042710
0.167175 0.045838
0.174381 0.049089
0.181618 0.052467
0.188885 0.055971
0.196184 0.059605
0.203515 0.063370
0.210878 0.067266
0.218273 0.071297
0.225701 0.075464
0.233162 0.079769
0.240658 0.084213
0.248187 0.088799
0.255752 0.093528
0.263351 0.098403
0.270987 0.103425
0.278658 0.108597
0.286367 0.113921
0.294113 0.119399
0.301896 0.125033
0.309719 0.130788
0.317580 0.136741
0.325480 0.142856
0.333421 0.149138
0.341403 0.155587
0.349427 0.162208
0.357492 0.169003
0.365600 0.175974
0.373752 0.183124
0.381948 0.190456
0.390188 0.197974
0.398475 0.205680
0.406807 0.213577
0.415188 0.221669
0.423616 0.229959
0.432092 0.238450
0.440619 0.247146
0.449196 0.256051
0.457825 0.265169
0.466506 0.274502
0.475241 0.284056
0.484030 0.293834
0.492875 0.303841
0.501776 0.314081
0.510734 0.324558
0.519752 0.335277
0.528829 0.346243
0.537967 0.357461
0.547168 0.368937
0.556433 0.380675
0.565762 0.392680
0.575158 0.404960
0.584622 0.417519
0.594155 0.430363
0.603759 0.443500
0.613435 0.456936
0.623186 0.470677
0.633012 0.484730
0.642917 0.499104
0.652900 0.513806
0.662966 0.528843
0.673114 0.544225
0.683349 0.559959
0.693671 0.576056
0.704083 0.592523
0.714588 0.609373
0.725188 0.626613
0.735886 0.644257
0.746684 0.662314
0.757586 0.680797
0.768594 0.699718
0.779711 0.719090
0.790942 0.738927
0.802288 0.759244
0.813755 0.780055
0.825346 0.801377
0.837065 0.823226
0.848916 0.845621
0.860905 0.868580
0.873035 0.892123
0.885312 0.916272
0.897742 0.941049
0.910330 0.966478
0.923083 0.992585
0.936007 1.019397
0.949109 1.046943
0.962397 1.075254
0.975879 1.104365
0.989564 1.134310
1.003461 1.165128
1.017580 1.196863
1.031933 1.229559
1.046532 1.263264
1.061388 1.298034
1.076518 1.333927
1.091935 1.371006
1.107658 1.409342
1.123706 1.449013
1.140098 1.490105
1.156859 1.532715
1.174015 1.576948
1.191594 1.622925
1.209631 1.670783
1.228161 1.720676
1.247229 1.772781
1.266885 1.827303
1.287185 1.884478
1.308198 1.944498
1.330005 2.007872
1.352703 2.074913
1.376411 2.146111
1.401278 2.222077
1.427492 2.303586
1.455299 2.391649
1.485030 2.487631
1.517151 2.593445
1.552351 2.711929
1.591734 2.847622
1.637280 3.008671
1.693313 3.212867
1.774698 3.521361
