-1.780401 3.536464
-1.698424 3.225929
-1.641982 3.020442
-1.596105 2.858409
-1.556435 2.721911
-1.520978 2.602744
-1.488623 2.496335
-1.458675 2.399826
-1.430666 2.311289
-1.404261 2.229351
-1.379213 2.152994
-1.355332 2.081436
-1.332468 2.014062
-1.310503 1.950380
-1.289336 1.889986
-1.268888 1.832545
-1.249090 1.777775
-1.229883 1.725437
-1.211217 1.675325
-1.193050 1.627260
-1.175342 1.581087
-1.158061 1.536669
-1.141178 1.493885
-1.124666 1.452627
-1.108502 1.412798
-1.092664 1.374312
-1.077134 1.337091
-1.061895 1.301063
-1.046930 1.266164
-1.032225 1.232335
-1.017768 1.199521
-1.003545 1.167675
-0.989547 1.136749
-0.975762 1.106701
-0.962182 1.077493
-0.948797 1.049087
-0.935599 1.021554
-0.922581 0.994654
-0.909736 0.968462
-0.897056 0.942952
-0.884535 0.918096
-0.872169 0.893873
-0.859950 0.870257
-0.847875 0.847230
-0.835937 0.824769
-0.824133 0.802856
-0.812457 0.781473
-0.800907 0.760604
-0.789478 0.740231
-0.778165 0.720340
-0.766967 0.700916
-0.755879 0.681945
-0.744898 0.663414
-0.734021 0.645311
-0.723245 0.627624
-0.712568 0.610340
-0.701986 0.593450
-0.691498 0.576943
-0.681101 0.560809
-0.670792 0.545039
-0.660569 0.529622
-0.650430 0.514552
-0.640374 0.499818
-0.630398 0.485413
-0.620500 0.471330
-0.610678 0.457561
-0.600931 0.444098
-0.591257 0.430935
-0.581654 0.418065
-0.572122 0.405482
-0.562657 0.393180
-0.553260 0.381152
-0.543928 0.369393
-0.534660 0.357897
-0.525455 0.346659
-0.516312 0.335674
-0.507228 0.324937
-0.498205 0.314442
-0.489239 0.304186
-0.480330 0.294164
-0.471477 0.284370
-0.462678 0.274802
-0.453934 0.265499
-0.445242 0.256367
-0.436603 0.247448
-0.428014 0.238738
-0.419475 0.230234
-0.410986 0.221932
-0.402545 0.213828
-0.394151 0.205920
-0.385804 0.198203
-0.377503 0.190675
-0.369248 0.183333
-0.361037 0.176173
-0.352870 0.169193
-0.344746 0.162390
-0.336664 0.155761
-0.328624 0.149304
-0.320625 0.143015
-0.312667 0.136892
-0.304748 0.130933
-0.296869 0.125135
-0.289029 0.119496
-0.281226 0.114014
-0.273462 0.108686
-0.265734 0.103509
-0.258043 0.098483
-0.250388 0.093605
-0.242769 0.088872
-0.235184 0.084283
-0.227634 0.079835
-0.220118 0.075528
-0.212636 0.071358
-0.205187 0.067324
-0.197771 0.063425
-0.190387 0.059658
-0.183035 0.056022
-0.175714 0.052516
-0.168425 0.049136
-0.161166 0.045883
-0.153937 0.042753
-0.146739 0.039747
-0.139570 0.036862
-0.132430 0.034096
-0.125319 0.031449
-0.118237 0.028918
-0.111182 0.026523
-0.104156 0.024220
-0.097157 0.022029
-0.090185 0.019950
-0.083240 0.017982
-0.076322 0.016122
-0.069430 0.014370
-0.062563 0.012725
-0.055723 0.011186
-0.048908 0.009751
-0.042118 0.008419
-0.035353 0.007189
-0.028612 0.006060
-0.021896 0.005031
-0.015204 0.004101
-0.008535 0.003268
-0.001890 0.002532
0.004732 0.001891
0.011330 0.001345
0.017906 0.000892
0.024460 0.000531
0.030991 0.000261
0.037499 0.000082
0.043987 -0.000007
0.047222 0.000000
0.050457 -0.000008
0.056944 0.000081
0.063453 0.000258
0.069984 0.000527
0.076538 0.000887
0.083113 0.001339
0.089712 0.001885
0.096334 0.002525
0.102979 0.003261
0.109647 0.004093
0.116340 0.005022
0.123056 0.006050
0.129797 0.007178
0.136562 0.008407
0.143352 0.009737
0.150167 0.011170
0.157007 0.012707
0.163873 0.014349
0.170766 0.016098
0.177684 0.017954
0.184629 0.019919
0.191601 0.021995
0.198600 0.024129
0.205626 0.026425
0.212680 0.028836
0.219763 0.031362
0.226874 0.034004
0.234014 0.036765
0.241183 0.039645
0.248381 0.042646
0.255610 0.045769
0.262868 0.049017
0.270158 0.052390
0.277479 0.055891
0.284831 0.059520
0.292215 0.063280
0.299631 0.067172
0.307080 0.071198
0.314562 0.075360
0.322078 0.079660
0.329628 0.084099
0.337212 0.088680
0.344832 0.093403
0.352487 0.098273
0.360178 0.103289
0.367906 0.108455
0.375670 0.113773
0.383472 0.119244
0.391313 0.124872
0.399192 0.130658
0.407110 0.136605
0.415069 0.142715
0.423068 0.148953
0.431108 0.155396
0.439189 0.162010
0.447313 0.168797
0.455481 0.175760
0.463692 0.182903
0.471947 0.190227
0.480248 0.197737
0.488595 0.205434
0.496988 0.213323
0.505429 0.221406
0.513919 0.229687
0.522458 0.238170
0.531046 0.246857
0.539686 0.255752
0.548378 0.264860
0.557122 0.274183
0.565920 0.283727
0.574774 0.293495
0.583682 0.303491
0.592648 0.313720
0.601672 0.324186
0.610755 0.334894
0.619899 0.345849
0.629104 0.357055
0.638372 0.368518
0.647704 0.380244
0.657101 0.392237
0.666566 0.404503
0.676098 0.417049
0.685701 0.429880
0.695375 0.443003
0.705122 0.456425
0.714943 0.470151
0.724841 0.484190
0.734818 0.498549
0.744874 0.513236
0.755013 0.528257
0.765236 0.543623
0.775545 0.559341
0.785942 0.575421
0.796430 0.591871
0.807012 0.608703
0.817689 0.625926
0.828465 0.643551
0.839342 0.661589
0.850323 0.680053
0.861411 0.698954
0.872609 0.718306
0.883921 0.738123
0.895351 0.758418
0.906901 0.779208
0.918576 0.800508
0.930381 0.822334
0.942318 0.844706
0.954394 0.867641
0.966613 0.891160
0.978979 0.915284
0.991500 0.940035
1.004179 0.965438
1.017025 0.991518
1.030043 1.018302
1.043241 1.045820
1.056626 1.074102
1.070206 1.103182
1.083991 1.133096
1.097989 1.163883
1.112211 1.195585
1.126669 1.228247
1.141374 1.261778
1.156338 1.296508
1.171578 1.332360
1.187108 1.369397
1.202946 1.407690
1.219110 1.447317
1.235622 1.488362
1.252505 1.530923
1.269786 1.575107
1.287493 1.621032
1.305661 1.668836
1.324327 1.718673
1.343534 1.770719
1.363332 1.825179
1.383780 1.882290
1.404946 1.942332
1.426912 2.005637
1.449776 2.072606
1.473657 2.143727
1.498705 2.219611
1.525110 2.301031
1.553119 2.388999
1.583067 2.484877
1.615422 2.590577
1.650879 2.708933
1.690549 2.844480
1.736426 3.005355
1.792868 3.209331
1.874845 3.517492
