-1.854343 3.478812
-1.770969 3.173824
-1.713566 2.971972
-1.666906 2.812784
-1.626560 2.678669
-1.590499 2.561570
-1.557593 2.456999
-1.527134 2.362149
-1.498648 2.275128
-1.471793 2.194587
-1.446318 2.119527
-1.422030 2.049180
-1.398777 1.982943
-1.376436 1.920331
-1.354910 1.860949
-1.334113 1.804467
-1.313977 1.750609
-1.294443 1.699139
-1.275459 1.649856
-1.256982 1.602584
-1.238972 1.557171
-1.221397 1.513482
-1.204226 1.471398
-1.187433 1.430813
-1.170993 1.391633
-1.154886 1.353772
-1.139091 1.317153
-1.123592 1.281707
-1.108372 1.247370
-1.093416 1.214085
-1.078712 1.181798
-1.064248 1.150461
-1.050011 1.120028
-1.035991 1.090459
-1.022180 1.061715
-1.008567 1.033759
-0.995144 1.006561
-0.981904 0.980137
-0.968839 0.954359
-0.955944 0.929250
-0.943210 0.904785
-0.930632 0.880940
-0.918205 0.857694
-0.905924 0.835025
-0.893783 0.812913
-0.881778 0.791339
-0.869903 0.770287
-0.858156 0.749739
-0.846532 0.729679
-0.835027 0.710093
-0.823638 0.690965
-0.812361 0.672284
-0.801192 0.654034
-0.790130 0.636205
-0.779171 0.618785
-0.768312 0.601762
-0.757550 0.585125
-0.746883 0.568974
-0.736308 0.553078
-0.725823 0.537540
-0.715426 0.522350
-0.705115 0.507500
-0.694887 0.492982
-0.684741 0.478787
-0.674674 0.464908
-0.664685 0.451338
-0.654772 0.438070
-0.644933 0.425096
-0.635167 0.412411
-0.625472 0.400008
-0.615846 0.387882
-0.606288 0.376025
-0.596797 0.364433
-0.587372 0.353100
-0.578010 0.342021
-0.568710 0.331190
-0.559473 0.320604
-0.550295 0.310257
-0.541176 0.300144
-0.532115 0.290261
-0.523111 0.280603
-0.514163 0.271168
-0.505270 0.261950
-0.496430 0.252945
-0.487643 0.244150
-0.478908 0.235561
-0.470224 0.227175
-0.461589 0.218987
-0.453005 0.210995
-0.444468 0.203195
-0.435979 0.195584
-0.427537 0.188159
-0.419140 0.180917
-0.410789 0.173855
-0.402483 0.166970
-0.394220 0.160259
-0.386001 0.153720
-0.377824 0.147349
-0.369689 0.141145
-0.361595 0.135105
-0.353542 0.129225
-0.345528 0.123505
-0.337554 0.117941
-0.329619 0.112532
-0.321722 0.107275
-0.313863 0.102167
-0.306040 0.097208
-0.298255 0.092394
-0.290506 0.087723
-0.282792 0.083195
-0.275113 0.078806
-0.267469 0.074555
-0.259860 0.070440
-0.252284 0.066459
-0.244741 0.062610
-0.237231 0.058893
-0.229754 0.055304
-0.222308 0.051843
-0.214895 0.048507
-0.207512 0.045296
-0.200160 0.042207
-0.192839 0.039239
-0.185548 0.036391
-0.178286 0.033661
-0.171054 0.031048
-0.163851 0.028550
-0.156677 0.026166
-0.149530 0.023895
-0.142412 0.021734
-0.135322 0.019684
-0.128258 0.017743
-0.121222 0.015930
-0.114212 0.014201
-0.107229 0.012578
-0.100272 0.011058
-0.093341 0.009642
-0.086435 0.008327
-0.079555 0.007112
-0.072699 0.005996
-0.065869 0.004979
-0.059062 0.004060
-0.052280 0.003236
-0.045522 0.002508
-0.038787 0.001873
-0.032076 0.001332
-0.025388 0.000884
-0.018723 0.000526
-0.012081 0.000259
-0.005461 0.000082
0.001137 -0.000007
0.004427 0.000000
0.007718 -0.000008
0.014315 0.000079
0.020935 0.000254
0.027577 0.000518
0.034242 0.000873
0.040930 0.001320
0.047641 0.001858
0.054376 0.002490
0.061134 0.003216
0.067916 0.004037
0.074723 0.004955
0.081554 0.005969
0.088409 0.007082
0.095289 0.008295
0.102195 0.009607
0.109126 0.011021
0.116083 0.012538
0.123067 0.014134
0.130076 0.015860
0.137112 0.017691
0.144176 0.019629
0.151266 0.021677
0.158385 0.023834
0.165531 0.026103
0.172705 0.028484
0.179908 0.030979
0.187141 0.033589
0.194402 0.036316
0.201693 0.039161
0.209015 0.042125
0.216366 0.045211
0.223749 0.048419
0.231162 0.051751
0.238608 0.055209
0.246085 0.058794
0.253595 0.062508
0.261138 0.066353
0.268714 0.070330
0.276323 0.074441
0.283967 0.078689
0.291646 0.083074
0.299360 0.087599
0.307109 0.092265
0.314895 0.097075
0.322717 0.102031
0.330576 0.107134
0.338473 0.112387
0.346408 0.117792
0.354382 0.123352
0.362396 0.129068
0.370449 0.134942
0.378543 0.140978
0.386678 0.147178
0.394855 0.153543
0.403075 0.160078
0.411337 0.166784
0.419644 0.173664
0.427995 0.180721
0.436391 0.187958
0.444833 0.195378
0.453322 0.202983
0.461859 0.210777
0.470444 0.218764
0.479078 0.226946
0.487762 0.235327
0.496497 0.243910
0.505284 0.252699
0.514124 0.261697
0.523017 0.270909
0.531966 0.280339
0.540969 0.289990
0.550030 0.299866
0.559149 0.309972
0.568327 0.320313
0.577565 0.330893
0.586864 0.341716
0.596226 0.352788
0.605651 0.364114
0.615143 0.375699
0.624700 0.387548
0.634326 0.399667
0.644021 0.412063
0.653787 0.424740
0.663626 0.437705
0.673539 0.450904
0.683528 0.464465
0.693595 0.478334
0.703741 0.492518
0.713969 0.507026
0.724281 0.521866
0.734677 0.537045
0.745162 0.552573
0.755737 0.568457
0.766404 0.584708
0.777166 0.601277
0.788025 0.618289
0.798984 0.635700
0.810047 0.653518
0.821215 0.671756
0.832492 0.690427
0.843881 0.709544
0.855386 0.729119
0.867010 0.749167
0.878757 0.769704
0.890632 0.790744
0.902637 0.812306
0.914778 0.834406
0.927060 0.857062
0.939486 0.880296
0.952064 0.904128
0.964798 0.928580
0.977694 0.953676
0.990758 0.979441
1.003998 1.005902
1.017421 1.033088
1.031034 1.061031
1.044845 1.089762
1.058865 1.119318
1.073102 1.149737
1.087567 1.181060
1.102270 1.213333
1.117226 1.246603
1.132446 1.280925
1.147945 1.316356
1.163740 1.352959
1.179847 1.390803
1.196287 1.429967
1.213081 1.470534
1.230251 1.512600
1.247827 1.556271
1.265836 1.601665
1.284313 1.648917
1.303297 1.698180
1.322831 1.749628
1.342967 1.803464
1.363764 1.859923
1.385291 1.919282
1.407631 1.981868
1.430884 2.048079
1.455172 2.118398
1.480647 2.193429
1.507502 2.273937
1.535989 2.360924
1.566447 2.455738
1.599353 2.560269
1.635414 2.677323
1.675760 2.811387
1.722420 2.970515
1.779823 3.172292
1.863198 3.477168
