-0.081879 3.080835
-0.068480 2.425671
-0.059256 1.977510
-0.051757 1.619334
-0.045274 1.318280
-0.039479 1.059429
-0.034191 0.835218
-0.029296 0.641406
-0.024718 0.475269
-0.020403 0.335394
-0.016309 0.220822
-0.012406 0.131138
-0.008669 0.065321
-0.005079 0.022774
-0.001620 0.002407
0.000065 0.000000
0.001750 0.002819
0.005210 0.024363
0.008800 0.069174
0.012536 0.138732
0.016440 0.234678
0.020533 0.358669
0.029427 0.695050
0.034321 0.911584
0.039610 1.164459
0.045405 1.459248
0.051888 1.805549
0.059386 2.221491
0.068611 2.747907
0.082009 3.527222
