-1.800678 3.539329
-1.719835 3.228641
-1.664174 3.023043
-1.618931 2.860919
-1.579810 2.724340
-1.544843 2.605099
-1.512936 2.498622
-1.483402 2.402049
-1.455780 2.313453
-1.429741 2.231459
-1.405039 2.155048
-1.381488 2.083438
-1.358941 2.016016
-1.337279 1.952248
-1.316406 1.891809
-1.296240 1.834325
-1.276716 1.779514
-1.257774 1.727135
-1.239367 1.676983
-1.221450 1.628881
-1.203988 1.582671
-1.186946 1.538217
-1.170297 1.495397
-1.154013 1.454105
-1.138072 1.414243
-1.122454 1.375922
-1.107139 1.338664
-1.092110 1.302600
-1.077352 1.267666
-1.062850 1.233802
-1.048593 1.200956
-1.034567 1.169076
-1.020762 1.138118
-1.007169 1.108039
-0.993776 1.078800
-0.980576 1.050365
-0.967561 1.022700
-0.954723 0.995773
-0.942055 0.969555
-0.929551 0.944020
-0.917204 0.919140
-0.905008 0.894892
-0.892958 0.871253
-0.881050 0.848202
-0.869277 0.825718
-0.857636 0.803783
-0.846122 0.782378
-0.834732 0.761487
-0.823460 0.741093
-0.812305 0.721180
-0.801261 0.701736
-0.790326 0.682745
-0.779497 0.664195
-0.768771 0.646072
-0.758144 0.628365
-0.747615 0.611063
-0.737179 0.594155
-0.726836 0.577630
-0.716583 0.561478
-0.706416 0.545690
-0.696335 0.530257
-0.686337 0.515169
-0.676419 0.500419
-0.666581 0.485998
-0.656820 0.471899
-0.647134 0.458114
-0.637522 0.444636
-0.627981 0.431458
-0.618512 0.418675
-0.609111 0.406075
-0.599777 0.393755
-0.590510 0.381711
-0.581307 0.369936
-0.572167 0.358424
-0.563090 0.347171
-0.554073 0.336171
-0.545115 0.325419
-0.536216 0.314910
-0.527374 0.304639
-0.518588 0.294603
-0.509858 0.284796
-0.501181 0.275214
-0.492558 0.265853
-0.483986 0.256710
-0.475466 0.247780
-0.466996 0.239059
-0.458576 0.230544
-0.450204 0.222231
-0.441879 0.214117
-0.433602 0.206198
-0.425370 0.198472
-0.417184 0.190934
-0.409043 0.183582
-0.400946 0.176413
-0.392891 0.169424
-0.384880 0.162612
-0.376910 0.155974
-0.368981 0.149508
-0.361093 0.143211
-0.353244 0.137080
-0.345436 0.131113
-0.337665 0.125307
-0.329933 0.119661
-0.322239 0.114171
-0.314582 0.108835
-0.306961 0.103652
-0.299376 0.098619
-0.291827 0.093734
-0.284313 0.088995
-0.276834 0.084399
-0.269388 0.079990
-0.261976 0.075674
-0.254597 0.071497
-0.247251 0.067456
-0.239938 0.063549
-0.232656 0.059776
-0.225405 0.056133
-0.218186 0.052619
-0.210997 0.049234
-0.203839 0.045974
-0.196711 0.042839
-0.189612 0.039827
-0.182542 0.036936
-0.175501 0.034165
-0.168488 0.031513
-0.161504 0.028977
-0.154547 0.026558
-0.147618 0.024252
-0.140715 0.022060
-0.133840 0.019979
-0.126991 0.018009
-0.120168 0.016147
-0.113372 0.014393
-0.106601 0.012746
-0.099855 0.011205
-0.093134 0.009767
-0.086438 0.008433
-0.079766 0.007201
-0.073119 0.006088
-0.066495 0.005052
-0.059896 0.004116
-0.053319 0.003277
-0.046766 0.002536
-0.040236 0.001891
-0.033729 0.001342
-0.027244 0.000889
-0.020781 0.000529
-0.014340 0.000260
-0.007922 0.000082
-0.001524 -0.000007
0.001666 0.000000
0.004857 -0.000008
0.011254 0.000080
0.017673 0.000258
0.024114 0.000527
0.030577 0.000887
0.037062 0.001340
0.043569 0.001887
0.050099 0.002528
0.056652 0.003266
0.063228 0.004100
0.069828 0.005032
0.076452 0.006063
0.083099 0.007193
0.089771 0.008425
0.096467 0.009759
0.103187 0.011196
0.109933 0.012738
0.116704 0.014338
0.123501 0.016088
0.130324 0.017945
0.137173 0.019912
0.144048 0.021988
0.150950 0.024177
0.157880 0.026478
0.164836 0.028893
0.171821 0.031423
0.178833 0.034071
0.185874 0.036837
0.192944 0.039723
0.200043 0.042730
0.207172 0.045859
0.214330 0.049114
0.221519 0.052494
0.228738 0.056001
0.235989 0.059638
0.243271 0.063405
0.250584 0.067268
0.257930 0.071300
0.265309 0.075469
0.272721 0.079775
0.280166 0.084221
0.287646 0.088808
0.295160 0.093540
0.302709 0.098417
0.310294 0.103441
0.317915 0.108615
0.325572 0.113941
0.333266 0.119422
0.340998 0.125058
0.348768 0.130854
0.356577 0.136810
0.364426 0.142930
0.372314 0.149216
0.380242 0.155670
0.388212 0.162296
0.396224 0.169095
0.404278 0.176071
0.412376 0.183226
0.420517 0.190564
0.428703 0.198087
0.436935 0.205799
0.445212 0.213702
0.453536 0.221800
0.461908 0.230096
0.470329 0.238594
0.478799 0.247297
0.487319 0.256209
0.495891 0.265333
0.504514 0.274674
0.513191 0.284235
0.521921 0.294021
0.530707 0.304036
0.539549 0.314284
0.548448 0.324770
0.557405 0.335498
0.566422 0.346473
0.575500 0.357700
0.584640 0.369185
0.593843 0.380932
0.603110 0.392948
0.612444 0.405238
0.621845 0.417807
0.631314 0.430663
0.640854 0.443811
0.650467 0.457258
0.660152 0.471011
0.669914 0.485077
0.679752 0.499463
0.689669 0.514177
0.699668 0.529228
0.709749 0.544623
0.719915 0.560372
0.730169 0.576482
0.740512 0.592965
0.750947 0.609829
0.761477 0.627086
0.772104 0.644745
0.782830 0.662819
0.793659 0.681214
0.804594 0.700149
0.815638 0.719536
0.826793 0.739389
0.838065 0.759721
0.849455 0.780548
0.860969 0.801887
0.872610 0.823753
0.884382 0.846166
0.896291 0.869143
0.908341 0.892705
0.920536 0.916874
0.932884 0.941671
0.945388 0.967121
0.958056 0.993249
0.970894 1.020083
0.983909 1.047652
0.997109 1.075987
1.010501 1.105122
1.024095 1.135092
1.037900 1.165938
1.051926 1.197699
1.066183 1.230423
1.080684 1.264158
1.095442 1.298958
1.110471 1.334882
1.125787 1.371994
1.141405 1.410364
1.157346 1.450071
1.173629 1.491200
1.190279 1.533847
1.207321 1.578121
1.224783 1.624141
1.242700 1.672042
1.261107 1.721982
1.280048 1.774135
1.299573 1.828708
1.319738 1.885938
1.340612 1.946105
1.362274 2.009542
1.384821 2.076448
1.408372 2.147712
1.433073 2.223749
1.459113 2.305334
1.486735 2.393481
1.516269 2.489554
1.548176 2.595470
1.583143 2.714070
1.622264 2.849945
1.667507 3.011158
1.723168 3.215564
1.804011 3.524383
