-0.168291 2.904581
-0.140764 2.315773
-0.121812 1.904871
-0.106406 1.571804
-0.093085 1.288332
-0.081179 1.041692
-0.070315 0.825755
-0.060259 0.637170
-0.050853 0.474149
-0.041987 0.335878
-0.033576 0.221940
-0.025557 0.132216
-0.017880 0.066090
-0.010504 0.023263
-0.003396 0.002521
0.000066 0.000000
0.003527 0.002778
0.010635 0.024112
0.018011 0.068632
0.025688 0.137999
0.033707 0.233821
0.042118 0.356979
0.050984 0.509341
0.060390 0.692464
0.070446 0.908759
0.081311 1.161881
0.093217 1.457682
0.106537 1.806124
0.121943 2.225877
0.140895 2.758815
0.168422 3.550674
