-1.287532 3.514199
-1.025549 2.495920
-0.845173 1.891741
-0.698558 1.458326
-0.571781 1.125769
-0.458468 0.861791
-0.355069 0.646416
-0.259361 0.468959
-0.169849 0.325573
-0.085464 0.214234
-0.005415 0.130906
0.070904 0.072156
0.143971 0.033473
0.214169 0.010790
0.281812 0.001096
0.314758 0.000000
0.347704 0.001123
0.415347 0.010106
0.485545 0.028191
0.558612 0.057790
0.634932 0.100848
0.714980 0.159485
0.799365 0.235610
0.888877 0.333234
0.984585 0.456112
1.087985 0.611038
1.201297 0.807277
1.328074 1.059081
1.474690 1.393308
1.655065 1.867397
1.917048 2.680166
