-1.850445 3.479506
-1.766889 3.174354
-1.709360 2.972395
-1.662599 2.813126
-1.622165 2.678943
-1.586026 2.561786
-1.553048 2.457164
-1.522523 2.362268
-1.493974 2.275206
-1.467061 2.194629
-1.441530 2.119534
-1.417189 2.049156
-1.393885 1.982889
-1.371497 1.920251
-1.349923 1.860894
-1.329081 1.804387
-1.308901 1.750505
-1.289324 1.699014
-1.270299 1.649710
-1.251781 1.602418
-1.233733 1.556987
-1.216119 1.513280
-1.198911 1.471179
-1.182081 1.430579
-1.165605 1.391384
-1.149463 1.353509
-1.133634 1.316877
-1.118101 1.281418
-1.102847 1.247069
-1.087860 1.213773
-1.073124 1.181475
-1.058627 1.150128
-1.044359 1.119686
-1.030309 1.090107
-1.016468 1.061355
-1.002825 1.033507
-0.989373 1.006298
-0.976104 0.979815
-0.963011 0.954029
-0.950087 0.928913
-0.937326 0.904442
-0.924721 0.880591
-0.912267 0.857339
-0.899959 0.834665
-0.887791 0.812549
-0.875759 0.790972
-0.863859 0.769917
-0.852087 0.749366
-0.840437 0.729304
-0.828907 0.709716
-0.817493 0.690587
-0.806191 0.671905
-0.794999 0.653655
-0.783912 0.635826
-0.772929 0.618406
-0.762046 0.601384
-0.751261 0.584749
-0.740571 0.568491
-0.729973 0.552600
-0.719465 0.537067
-0.709046 0.521882
-0.698712 0.507037
-0.688462 0.492524
-0.678293 0.478335
-0.668205 0.464463
-0.658194 0.450899
-0.648259 0.437637
-0.638399 0.424671
-0.628611 0.411992
-0.618895 0.399596
-0.609248 0.387477
-0.599670 0.375627
-0.590158 0.364043
-0.580712 0.352717
-0.571330 0.341646
-0.562010 0.330823
-0.552752 0.320244
-0.543554 0.309905
-0.534416 0.299800
-0.525335 0.289925
-0.516312 0.280276
-0.507344 0.270848
-0.498431 0.261638
-0.489572 0.252641
-0.480766 0.243854
-0.472012 0.235273
-0.463309 0.226895
-0.454656 0.218715
-0.446052 0.210731
-0.437497 0.202939
-0.428989 0.195336
-0.420529 0.187918
-0.412114 0.180684
-0.403745 0.173630
-0.395420 0.166752
-0.387140 0.160049
-0.378902 0.153517
-0.370708 0.147153
-0.362555 0.140956
-0.354443 0.134923
-0.346372 0.129051
-0.338341 0.123338
-0.330350 0.117781
-0.322397 0.112378
-0.314483 0.107127
-0.306607 0.102026
-0.298768 0.097073
-0.290965 0.092265
-0.283199 0.087601
-0.275468 0.083078
-0.267773 0.078695
-0.260112 0.074449
-0.252486 0.070340
-0.244894 0.066364
-0.237334 0.062521
-0.229808 0.058809
-0.222315 0.055225
-0.214853 0.051768
-0.207423 0.048437
-0.200025 0.045230
-0.192657 0.042146
-0.185320 0.039183
-0.178013 0.036338
-0.170735 0.033635
-0.163487 0.031025
-0.156268 0.028530
-0.149078 0.026149
-0.141917 0.023880
-0.134783 0.021723
-0.127677 0.019675
-0.120598 0.017736
-0.113546 0.015904
-0.106522 0.014178
-0.099523 0.012558
-0.092551 0.011040
-0.085605 0.009626
-0.078684 0.008313
-0.071788 0.007100
-0.064918 0.005987
-0.058072 0.004971
-0.051251 0.004053
-0.044454 0.003231
-0.037681 0.002503
-0.030932 0.001870
-0.024206 0.001330
-0.017504 0.000882
-0.010824 0.000526
-0.004167 0.000259
0.002467 0.000082
0.009079 -0.000007
0.012377 0.000000
0.015674 -0.000008
0.022286 0.000078
0.028920 0.000253
0.035577 0.000517
0.042257 0.000871
0.048959 0.001317
0.055685 0.001855
0.062434 0.002485
0.069207 0.003210
0.076004 0.004029
0.082825 0.004945
0.089671 0.005958
0.096541 0.007069
0.103437 0.008279
0.110358 0.009590
0.117304 0.011002
0.124276 0.012516
0.131275 0.014134
0.138299 0.015857
0.145351 0.017686
0.152430 0.019623
0.159536 0.021668
0.166670 0.023822
0.173831 0.026088
0.181022 0.028466
0.188240 0.030958
0.195488 0.033541
0.202766 0.036264
0.210073 0.039105
0.217410 0.042066
0.224778 0.045147
0.232176 0.048351
0.239606 0.051679
0.247068 0.055132
0.254561 0.058713
0.262088 0.062423
0.269647 0.066263
0.277239 0.070235
0.284865 0.074342
0.292526 0.078584
0.300221 0.082964
0.307952 0.087484
0.315718 0.092145
0.323521 0.096949
0.331360 0.101900
0.339236 0.106997
0.347150 0.112245
0.355103 0.117644
0.363094 0.123198
0.371125 0.128908
0.379196 0.134777
0.387308 0.140807
0.395461 0.147000
0.403655 0.153360
0.411893 0.159888
0.420173 0.166588
0.428498 0.173462
0.436867 0.180513
0.445282 0.187744
0.453742 0.195157
0.462250 0.202757
0.470805 0.210545
0.479409 0.218526
0.488062 0.226701
0.496765 0.235076
0.505519 0.243653
0.514325 0.252436
0.523184 0.261429
0.532097 0.270635
0.541065 0.280059
0.550088 0.289704
0.559169 0.299575
0.568307 0.309676
0.577505 0.320011
0.586763 0.330586
0.596083 0.341404
0.605465 0.352471
0.614911 0.363793
0.624423 0.375373
0.634001 0.387218
0.643648 0.399333
0.653364 0.411724
0.663152 0.424398
0.673012 0.437360
0.682947 0.450617
0.692958 0.464176
0.703046 0.478044
0.713215 0.492228
0.723465 0.506736
0.733799 0.521576
0.744218 0.536755
0.754726 0.552284
0.765324 0.568170
0.776014 0.584423
0.786799 0.601052
0.797682 0.618069
0.808665 0.635484
0.819752 0.653307
0.830944 0.671551
0.842246 0.690228
0.853660 0.709351
0.865190 0.728933
0.876840 0.748932
0.888612 0.769476
0.900513 0.790524
0.912544 0.812093
0.924712 0.834202
0.937020 0.856868
0.949474 0.880112
0.962079 0.903954
0.974840 0.928417
0.987764 0.953525
1.000857 0.979302
1.014126 1.005727
1.027578 1.032926
1.041221 1.060881
1.055062 1.089626
1.069113 1.119197
1.083380 1.149631
1.097877 1.180970
1.112613 1.213259
1.127600 1.246547
1.142854 1.280887
1.158387 1.316337
1.174216 1.352959
1.190359 1.390825
1.206834 1.430011
1.223664 1.470601
1.240873 1.512691
1.258486 1.556387
1.276534 1.601808
1.295052 1.649088
1.314077 1.698381
1.333654 1.749861
1.353834 1.803730
1.374676 1.860224
1.396250 1.919620
1.418638 1.982246
1.441942 2.048500
1.466283 2.118865
1.491814 2.193945
1.518727 2.274508
1.547276 2.361553
1.577801 2.456431
1.610779 2.561035
1.646918 2.678171
1.687352 2.812330
1.734113 2.971572
1.791642 3.173497
1.875198 3.478599
