-1.851518 3.473297
-1.767990 3.168645
-1.710480 2.967018
-1.663734 2.808012
-1.623314 2.674051
-1.587186 2.557088
-1.554219 2.452640
-1.523704 2.357903
-1.495165 2.270986
-1.468260 2.190543
-1.442738 2.115574
-1.418405 2.045314
-1.395109 1.979159
-1.372728 1.916626
-1.351161 1.857319
-1.330326 1.800909
-1.310153 1.747120
-1.290582 1.695718
-1.271564 1.646499
-1.253052 1.599290
-1.235010 1.553937
-1.217402 1.510306
-1.200199 1.468279
-1.183375 1.427750
-1.166905 1.388623
-1.150767 1.350842
-1.134943 1.314274
-1.119415 1.278877
-1.104167 1.244589
-1.089184 1.211351
-1.074453 1.179110
-1.059962 1.147818
-1.045699 1.117430
-1.031653 1.087904
-1.017816 1.059202
-1.004178 1.031289
-0.990730 1.004131
-0.977466 0.977698
-0.964377 0.951960
-0.951457 0.926891
-0.938700 0.902466
-0.926099 0.878661
-0.913650 0.855454
-0.901345 0.832823
-0.889182 0.810749
-0.877154 0.789214
-0.865258 0.768199
-0.853489 0.747688
-0.841843 0.727665
-0.830317 0.708115
-0.818907 0.689024
-0.807609 0.670379
-0.796420 0.652165
-0.785337 0.634372
-0.774358 0.616987
-0.763478 0.599999
-0.752697 0.583398
-0.742010 0.567173
-0.731416 0.551314
-0.720912 0.535812
-0.710495 0.520659
-0.700165 0.505845
-0.689918 0.491362
-0.679753 0.477203
-0.669668 0.463359
-0.659660 0.449824
-0.649729 0.436590
-0.639872 0.423651
-0.630088 0.411000
-0.620375 0.398631
-0.610731 0.386537
-0.601156 0.374714
-0.591647 0.363154
-0.582204 0.351854
-0.572825 0.340807
-0.563508 0.330008
-0.554253 0.319453
-0.545059 0.309136
-0.535923 0.299054
-0.526846 0.289201
-0.517825 0.279574
-0.508860 0.270168
-0.499950 0.260979
-0.491094 0.252003
-0.482291 0.243236
-0.473540 0.234675
-0.464839 0.226316
-0.456189 0.218156
-0.447588 0.210190
-0.439036 0.202417
-0.430531 0.194832
-0.422074 0.187432
-0.413662 0.180215
-0.405295 0.173178
-0.396974 0.166317
-0.388696 0.159630
-0.380461 0.153114
-0.372269 0.146766
-0.364119 0.140585
-0.356010 0.134566
-0.347942 0.128709
-0.339913 0.123010
-0.331924 0.117467
-0.323975 0.112078
-0.316063 0.106840
-0.308189 0.101752
-0.300353 0.096811
-0.292553 0.092016
-0.284789 0.087364
-0.277061 0.082853
-0.269368 0.078481
-0.261710 0.074246
-0.254086 0.070148
-0.246496 0.066183
-0.238940 0.062350
-0.231416 0.058647
-0.223925 0.055073
-0.216466 0.051626
-0.209038 0.048304
-0.201642 0.045106
-0.194277 0.042030
-0.186942 0.039074
-0.179637 0.036238
-0.172362 0.033519
-0.165117 0.030917
-0.157900 0.028430
-0.150713 0.026056
-0.143553 0.023794
-0.136422 0.021643
-0.129318 0.019602
-0.122242 0.017669
-0.115192 0.015843
-0.108170 0.014123
-0.101174 0.012508
-0.094204 0.010996
-0.087260 0.009586
-0.080341 0.008277
-0.073448 0.007069
-0.066580 0.005959
-0.059737 0.004947
-0.052918 0.004033
-0.046123 0.003214
-0.039352 0.002489
-0.032605 0.001859
-0.025882 0.001321
-0.019181 0.000876
-0.012504 0.000521
-0.005849 0.000256
0.000783 0.000080
0.007392 -0.000007
0.010689 0.000000
0.013986 -0.000008
0.020595 0.000080
0.027227 0.000255
0.033882 0.000519
0.040559 0.000873
0.047260 0.001319
0.053983 0.001856
0.060730 0.002486
0.067501 0.003209
0.074296 0.004028
0.081115 0.004942
0.087958 0.005953
0.094826 0.007062
0.101719 0.008270
0.108638 0.009578
0.115582 0.010988
0.122552 0.012499
0.129548 0.014114
0.136570 0.015834
0.143620 0.017659
0.150696 0.019591
0.157800 0.021632
0.164931 0.023782
0.172091 0.026043
0.179278 0.028417
0.186495 0.030903
0.193740 0.033505
0.201015 0.036223
0.208320 0.039058
0.215655 0.042013
0.223020 0.045088
0.230416 0.048286
0.237844 0.051607
0.245303 0.055053
0.252794 0.058627
0.260318 0.062329
0.267874 0.066161
0.275464 0.070125
0.283088 0.074194
0.290746 0.078427
0.298439 0.082797
0.306167 0.087306
0.313931 0.091957
0.321730 0.096751
0.329567 0.101690
0.337441 0.106777
0.345353 0.112013
0.353302 0.117400
0.361291 0.122941
0.369319 0.128639
0.377388 0.134494
0.385497 0.140511
0.393647 0.146691
0.401839 0.153036
0.410074 0.159550
0.418351 0.166235
0.426673 0.173094
0.435040 0.180129
0.443451 0.187344
0.451909 0.194741
0.460414 0.202324
0.468966 0.210095
0.477567 0.218058
0.486217 0.226216
0.494918 0.234572
0.503669 0.243131
0.512472 0.251895
0.521328 0.260868
0.530238 0.270054
0.539203 0.279457
0.548223 0.289082
0.557301 0.298931
0.566437 0.309011
0.575631 0.319324
0.584886 0.329876
0.594203 0.340671
0.603582 0.351715
0.613025 0.363012
0.622534 0.374568
0.632109 0.386388
0.641752 0.398478
0.651466 0.410844
0.661250 0.423491
0.671107 0.436426
0.681038 0.449656
0.691046 0.463187
0.701131 0.477026
0.711296 0.491181
0.721543 0.505660
0.731873 0.520469
0.742290 0.535618
0.752794 0.551115
0.763388 0.566970
0.774075 0.583190
0.784856 0.599787
0.795736 0.616770
0.806715 0.634150
0.817798 0.651938
0.828987 0.670146
0.840285 0.688786
0.851695 0.707872
0.863221 0.727416
0.874867 0.747434
0.886636 0.767939
0.898532 0.788948
0.910560 0.810477
0.922723 0.832545
0.935027 0.855169
0.947477 0.878371
0.960078 0.902169
0.972835 0.926587
0.985755 0.951649
0.998844 0.977380
1.012108 1.003806
1.025556 1.030956
1.039194 1.058861
1.053031 1.087555
1.067077 1.117073
1.081340 1.147453
1.095831 1.178736
1.110562 1.210968
1.125545 1.244197
1.140793 1.278476
1.156321 1.313863
1.172145 1.350420
1.188283 1.388219
1.204753 1.427335
1.221577 1.467854
1.238780 1.509870
1.256387 1.553489
1.274430 1.598830
1.292941 1.646026
1.311960 1.695232
1.331531 1.746621
1.351704 1.800396
1.372539 1.856791
1.394106 1.916083
1.416487 1.978599
1.439783 2.044737
1.464116 2.114979
1.489638 2.189928
1.516543 2.270350
1.545082 2.357244
1.575597 2.451957
1.608564 2.556378
1.644692 2.673310
1.685112 2.807237
1.731858 2.966202
1.789368 3.167777
1.872896 3.472352
