-1.871671 3.501971
-1.787671 3.194511
-1.729838 2.991034
-1.682828 2.830574
-1.642180 2.695391
-1.605849 2.577425
-1.572696 2.472027
-1.542009 2.376432
-1.513309 2.288730
-1.486252 2.207561
-1.460586 2.131919
-1.436116 2.061028
-1.412689 1.994351
-1.390181 1.931258
-1.368493 1.871421
-1.347540 1.814508
-1.327254 1.760240
-1.307573 1.708381
-1.288447 1.658727
-1.269831 1.611100
-1.251687 1.565348
-1.233980 1.521333
-1.216680 1.478938
-1.199761 1.438053
-1.183198 1.398585
-1.166969 1.360447
-1.151056 1.323562
-1.135441 1.287859
-1.120107 1.253275
-1.105039 1.219751
-1.090225 1.187233
-1.075652 1.155673
-1.061308 1.125025
-1.047184 1.095248
-1.033268 1.066302
-1.019553 1.038152
-1.006030 1.010765
-0.992691 0.984109
-0.979528 0.958155
-0.966536 0.932876
-0.953707 0.908248
-0.941035 0.884245
-0.928515 0.860846
-0.916141 0.838030
-0.903909 0.815776
-0.891814 0.794066
-0.879851 0.772882
-0.868015 0.752208
-0.856304 0.732026
-0.844713 0.712322
-0.833238 0.693082
-0.821876 0.674293
-0.810625 0.655939
-0.799479 0.638011
-0.788438 0.620495
-0.777497 0.603380
-0.766655 0.586656
-0.755908 0.570312
-0.745254 0.554338
-0.734690 0.538725
-0.724216 0.523464
-0.713827 0.508546
-0.703522 0.493962
-0.693300 0.479705
-0.683158 0.465768
-0.673094 0.452141
-0.663106 0.438819
-0.653194 0.425794
-0.643354 0.413061
-0.633587 0.400612
-0.623889 0.388441
-0.614259 0.376543
-0.604697 0.364911
-0.595201 0.353541
-0.585769 0.342426
-0.576400 0.331562
-0.567093 0.320944
-0.557846 0.310566
-0.548659 0.300425
-0.539530 0.290516
-0.530459 0.280833
-0.521444 0.271374
-0.512483 0.262134
-0.503577 0.253108
-0.494725 0.244294
-0.485924 0.235687
-0.477175 0.227283
-0.468476 0.219080
-0.459826 0.211073
-0.451226 0.203259
-0.442673 0.195636
-0.434168 0.188199
-0.425708 0.180946
-0.417295 0.173874
-0.408926 0.166979
-0.400602 0.160260
-0.392321 0.153713
-0.384082 0.147335
-0.375886 0.141125
-0.367732 0.135078
-0.359618 0.129194
-0.351544 0.123469
-0.343510 0.117901
-0.335516 0.112488
-0.327560 0.107228
-0.319641 0.102118
-0.311761 0.097190
-0.303917 0.092374
-0.296109 0.087701
-0.288338 0.083171
-0.280601 0.078780
-0.272900 0.074528
-0.265233 0.070412
-0.257601 0.066430
-0.250001 0.062582
-0.242435 0.058864
-0.234902 0.055275
-0.227401 0.051814
-0.219931 0.048479
-0.212494 0.045268
-0.205087 0.042180
-0.197711 0.039213
-0.190365 0.036366
-0.183049 0.033637
-0.175762 0.031025
-0.168505 0.028528
-0.161277 0.026145
-0.154077 0.023875
-0.146906 0.021716
-0.139762 0.019667
-0.132646 0.017727
-0.125557 0.015895
-0.118494 0.014169
-0.111459 0.012547
-0.104450 0.011030
-0.097467 0.009615
-0.090509 0.008302
-0.083577 0.007090
-0.076670 0.005976
-0.069788 0.004961
-0.062931 0.004043
-0.056098 0.003222
-0.049289 0.002495
-0.042504 0.001863
-0.035742 0.001324
-0.029004 0.000877
-0.022289 0.000521
-0.015597 0.000256
-0.008928 0.000080
-0.002281 -0.000008
0.001034 0.000000
0.004350 -0.000007
0.010997 0.000081
0.017666 0.000257
0.024358 0.000523
0.031073 0.000879
0.037811 0.001326
0.044573 0.001866
0.051358 0.002499
0.058167 0.003226
0.065000 0.004048
0.071857 0.004966
0.078739 0.005981
0.085646 0.007095
0.092578 0.008308
0.099536 0.009622
0.106519 0.011037
0.113528 0.012555
0.120563 0.014177
0.127626 0.015904
0.134715 0.017737
0.141831 0.019677
0.148975 0.021727
0.156146 0.023886
0.163346 0.026157
0.170574 0.028540
0.177831 0.031038
0.185118 0.033651
0.192434 0.036380
0.199780 0.039228
0.207156 0.042196
0.214563 0.045285
0.222000 0.048496
0.229470 0.051832
0.236971 0.055294
0.244504 0.058884
0.252070 0.062602
0.259670 0.066452
0.267302 0.070434
0.274969 0.074551
0.282670 0.078804
0.290407 0.083196
0.298178 0.087727
0.305986 0.092401
0.313830 0.097218
0.321710 0.102182
0.329628 0.107294
0.337585 0.112556
0.345579 0.117971
0.353613 0.123541
0.361687 0.129268
0.369801 0.135154
0.377955 0.141202
0.386151 0.147415
0.394390 0.153794
0.402671 0.160343
0.410995 0.167065
0.419364 0.173962
0.427777 0.181036
0.436237 0.188291
0.444742 0.195730
0.453295 0.203357
0.461895 0.211173
0.470545 0.219182
0.479244 0.227388
0.487993 0.235794
0.496794 0.244404
0.505646 0.253221
0.514552 0.262250
0.523513 0.271493
0.532528 0.280955
0.541599 0.290640
0.550728 0.300553
0.559915 0.310697
0.569162 0.321078
0.578469 0.331699
0.587838 0.342566
0.597270 0.353685
0.606766 0.365058
0.616328 0.376694
0.625958 0.388596
0.635656 0.400770
0.645423 0.413223
0.655263 0.425961
0.665175 0.438989
0.675163 0.452315
0.685227 0.465946
0.695369 0.479888
0.705591 0.494149
0.715896 0.508737
0.726285 0.523660
0.736759 0.538926
0.747323 0.554543
0.757977 0.570522
0.768724 0.586870
0.779566 0.603599
0.790507 0.620719
0.801548 0.638240
0.812694 0.656174
0.823945 0.674532
0.835307 0.693328
0.846782 0.712573
0.858373 0.732282
0.870084 0.752470
0.881920 0.773150
0.893883 0.794340
0.905978 0.816056
0.918210 0.838316
0.930584 0.861138
0.943104 0.884544
0.955776 0.908553
0.968605 0.933188
0.981597 0.958473
0.994760 0.984434
1.008099 1.011097
1.021622 1.038491
1.035337 1.066648
1.049253 1.095602
1.063377 1.125387
1.077721 1.156043
1.092294 1.187611
1.107108 1.220137
1.122176 1.253564
1.137510 1.288154
1.153125 1.323863
1.169038 1.360755
1.185267 1.398900
1.201830 1.438375
1.218749 1.479266
1.236049 1.521669
1.253756 1.565691
1.271900 1.611451
1.290516 1.659085
1.309642 1.708748
1.329323 1.760616
1.349609 1.814893
1.370562 1.871815
1.392250 1.931662
1.414758 1.994766
1.438185 2.061526
1.462655 2.132431
1.488321 2.208088
1.515378 2.289272
1.544078 2.376991
1.574765 2.472605
1.607918 2.578023
1.644249 2.696073
1.684897 2.831284
1.731907 2.991778
1.789740 3.195297
1.873740 3.502820
