-1.870390 3.485878
-1.786706 3.180090
-1.729089 2.977713
-1.682256 2.818115
-1.641760 2.683657
-1.605565 2.566260
-1.572537 2.461424
-1.541965 2.366336
-1.513373 2.279097
-1.486418 2.198356
-1.460849 2.123169
-1.436470 2.052648
-1.413131 1.986247
-1.390708 1.923482
-1.369101 1.863955
-1.348227 1.807336
-1.328016 1.753348
-1.308409 1.701754
-1.289355 1.652353
-1.270809 1.605027
-1.252733 1.559505
-1.235093 1.515712
-1.217858 1.473528
-1.201002 1.432847
-1.184502 1.393575
-1.168334 1.355626
-1.152481 1.318922
-1.136924 1.283395
-1.121647 1.248979
-1.106637 1.215618
-1.091878 1.183258
-1.077360 1.151851
-1.063070 1.121350
-1.048998 1.091715
-1.035135 1.062907
-1.021472 1.034891
-1.007999 1.007633
-0.994710 0.981102
-0.981597 0.955270
-0.968653 0.930109
-0.955872 0.905594
-0.943248 0.881701
-0.930775 0.858409
-0.918448 0.835695
-0.906262 0.813540
-0.894212 0.791926
-0.882293 0.770834
-0.870502 0.750248
-0.858835 0.730153
-0.847287 0.710532
-0.835856 0.691371
-0.824537 0.672658
-0.813327 0.654379
-0.802224 0.636521
-0.791224 0.619073
-0.780324 0.602024
-0.769522 0.585363
-0.758816 0.569080
-0.748202 0.553164
-0.737678 0.537607
-0.727243 0.522399
-0.716893 0.507532
-0.706627 0.492998
-0.696443 0.478789
-0.686339 0.464896
-0.676313 0.451313
-0.666363 0.438032
-0.656488 0.425048
-0.646685 0.412352
-0.636954 0.399939
-0.627292 0.387803
-0.617699 0.375938
-0.608173 0.364338
-0.598712 0.352998
-0.589316 0.341913
-0.579982 0.331076
-0.570710 0.320485
-0.561498 0.310132
-0.552345 0.300015
-0.543251 0.290128
-0.534213 0.280468
-0.525232 0.271029
-0.516305 0.261809
-0.507433 0.252802
-0.498613 0.244005
-0.489846 0.235415
-0.481129 0.227027
-0.472463 0.218839
-0.463846 0.210846
-0.455278 0.203046
-0.446757 0.195436
-0.438284 0.188011
-0.429856 0.180770
-0.421474 0.173709
-0.413137 0.166824
-0.404844 0.160115
-0.396594 0.153577
-0.388386 0.147208
-0.380221 0.141006
-0.372097 0.134967
-0.364014 0.129090
-0.355971 0.123372
-0.347967 0.117811
-0.340002 0.112404
-0.332076 0.107149
-0.324187 0.102044
-0.316336 0.097087
-0.308522 0.092276
-0.300744 0.087609
-0.293001 0.083083
-0.285294 0.078697
-0.277622 0.074449
-0.269984 0.070337
-0.262380 0.066359
-0.254809 0.062514
-0.247271 0.058799
-0.239766 0.055214
-0.232293 0.051755
-0.224852 0.048423
-0.217442 0.045215
-0.210063 0.042129
-0.202714 0.039188
-0.195396 0.036343
-0.188108 0.033615
-0.180849 0.031005
-0.173619 0.028510
-0.166418 0.026128
-0.159245 0.023859
-0.152100 0.021702
-0.144983 0.019654
-0.137894 0.017715
-0.130831 0.015884
-0.123796 0.014158
-0.116787 0.012538
-0.109804 0.011021
-0.102847 0.009607
-0.095915 0.008295
-0.089009 0.007083
-0.082128 0.005970
-0.075272 0.004956
-0.068441 0.004039
-0.061633 0.003218
-0.054850 0.002492
-0.048090 0.001860
-0.041354 0.001321
-0.034642 0.000875
-0.027952 0.000520
-0.021285 0.000255
-0.014640 0.000079
-0.008018 -0.000008
-0.004716 0.000000
-0.001413 -0.000007
0.005209 0.000081
0.011854 0.000258
0.018521 0.000524
0.025210 0.000881
0.031923 0.001329
0.038659 0.001869
0.045419 0.002502
0.052202 0.003229
0.059010 0.004052
0.065841 0.004970
0.072697 0.005986
0.079578 0.007100
0.086484 0.008314
0.093416 0.009627
0.100373 0.011043
0.107356 0.012561
0.114365 0.014183
0.121400 0.015909
0.128463 0.017742
0.135552 0.019683
0.142669 0.021732
0.149814 0.023891
0.156987 0.026161
0.164188 0.028544
0.171418 0.031041
0.178677 0.033653
0.185965 0.036382
0.193283 0.039228
0.200632 0.042195
0.208011 0.045282
0.215421 0.048472
0.222862 0.051806
0.230335 0.055266
0.237840 0.058853
0.245378 0.062569
0.252949 0.066416
0.260553 0.070395
0.268191 0.074509
0.275863 0.078758
0.283570 0.083146
0.291313 0.087673
0.299091 0.092342
0.306905 0.097155
0.314756 0.102114
0.322645 0.107220
0.330571 0.112477
0.338536 0.117885
0.346539 0.123448
0.354583 0.129168
0.362666 0.135046
0.370790 0.141086
0.378955 0.147290
0.387163 0.153661
0.395413 0.160200
0.403706 0.166912
0.412043 0.173797
0.420425 0.180860
0.428853 0.188103
0.437326 0.195529
0.445847 0.203142
0.454415 0.210943
0.463032 0.218937
0.471698 0.227127
0.480415 0.235516
0.489182 0.244108
0.498002 0.252907
0.506874 0.261915
0.515801 0.271137
0.524782 0.280578
0.533820 0.290240
0.542914 0.300128
0.552067 0.310247
0.561279 0.320601
0.570551 0.331194
0.579885 0.342032
0.589281 0.353119
0.598742 0.364461
0.608268 0.376063
0.617861 0.387929
0.627523 0.400067
0.637254 0.412481
0.647056 0.425179
0.656932 0.438165
0.666882 0.451447
0.676908 0.465032
0.687012 0.478926
0.697196 0.493138
0.707462 0.507674
0.717812 0.522542
0.728247 0.537751
0.738771 0.553310
0.749385 0.569228
0.760091 0.585513
0.770893 0.602176
0.781793 0.619226
0.792793 0.636676
0.803896 0.654535
0.815106 0.672817
0.826425 0.691532
0.837856 0.710694
0.849404 0.730317
0.861071 0.750414
0.872862 0.771002
0.884781 0.792096
0.896831 0.813712
0.909017 0.835869
0.921344 0.858584
0.933817 0.881879
0.946441 0.905774
0.959222 0.930291
0.972166 0.955454
0.985279 0.981289
0.998568 1.007822
1.012040 1.035082
1.025704 1.063100
1.039567 1.091910
1.053639 1.121548
1.067929 1.152051
1.082447 1.183461
1.097205 1.215823
1.112216 1.249187
1.127493 1.283605
1.143050 1.319135
1.158903 1.355841
1.175070 1.393793
1.191571 1.433068
1.208427 1.473751
1.225662 1.515938
1.243302 1.559734
1.261378 1.605258
1.279924 1.652647
1.298978 1.702052
1.318585 1.753650
1.338796 1.807644
1.359670 1.864268
1.381277 1.923800
1.403700 1.986470
1.427039 2.052874
1.451418 2.123399
1.476987 2.198650
1.503942 2.279396
1.532534 2.366640
1.563106 2.461735
1.596134 2.566577
1.632329 2.683981
1.672825 2.818447
1.719658 2.978054
1.777275 3.180442
1.860959 3.486190
