-1.866552 3.529003
-1.782798 3.219517
-1.725134 3.014666
-1.678262 2.853118
-1.637732 2.717016
-1.601507 2.598185
-1.568451 2.492068
-1.537854 2.395818
-1.509238 2.307513
-1.482261 2.225786
-1.456670 2.149620
-1.432271 2.078238
-1.408913 2.011028
-1.386471 1.947497
-1.364846 1.887243
-1.343955 1.829933
-1.323727 1.775286
-1.304104 1.723063
-1.285034 1.673059
-1.266472 1.625097
-1.248381 1.579021
-1.230726 1.534694
-1.213477 1.491996
-1.196607 1.450820
-1.180093 1.411069
-1.163912 1.372657
-1.148045 1.335506
-1.132475 1.299545
-1.117186 1.264710
-1.102163 1.230942
-1.087392 1.198187
-1.072862 1.166396
-1.058560 1.135523
-1.044477 1.105526
-1.030602 1.076366
-1.016927 1.048008
-1.003443 1.020416
-0.990143 0.993561
-0.977019 0.967413
-0.964065 0.941944
-0.951273 0.917129
-0.938638 0.892943
-0.926155 0.869365
-0.913818 0.846372
-0.901621 0.823946
-0.889561 0.802066
-0.877633 0.780714
-0.865832 0.759875
-0.854155 0.739531
-0.842598 0.719668
-0.831157 0.700271
-0.819828 0.681326
-0.808609 0.662820
-0.797497 0.644740
-0.786488 0.627076
-0.775579 0.609815
-0.764768 0.592946
-0.754053 0.576459
-0.743430 0.560345
-0.732897 0.544593
-0.722453 0.529195
-0.712095 0.514142
-0.701820 0.499425
-0.691628 0.485037
-0.681515 0.470969
-0.671481 0.457215
-0.661523 0.443767
-0.651639 0.430618
-0.641829 0.417761
-0.632089 0.405191
-0.622420 0.392901
-0.612819 0.380885
-0.603284 0.369137
-0.593816 0.357652
-0.584411 0.346425
-0.575070 0.335450
-0.565790 0.324723
-0.556570 0.314262
-0.547410 0.304014
-0.538308 0.294000
-0.529263 0.284214
-0.520274 0.274653
-0.511340 0.265313
-0.502460 0.256189
-0.493633 0.247277
-0.484859 0.238575
-0.476135 0.230078
-0.467461 0.221783
-0.458837 0.213686
-0.450262 0.205783
-0.441734 0.198073
-0.433254 0.190550
-0.424819 0.183214
-0.416430 0.176059
-0.408086 0.169084
-0.399786 0.162286
-0.391529 0.155662
-0.383315 0.149209
-0.375143 0.142924
-0.367012 0.136805
-0.358922 0.130850
-0.350872 0.125056
-0.342862 0.119420
-0.334890 0.113941
-0.326957 0.108616
-0.319062 0.103443
-0.311205 0.098420
-0.303384 0.093544
-0.295599 0.088814
-0.287850 0.084228
-0.280137 0.079783
-0.272458 0.075478
-0.264814 0.071310
-0.257203 0.067279
-0.249626 0.063382
-0.242082 0.059617
-0.234571 0.055984
-0.227092 0.052479
-0.219644 0.049102
-0.212228 0.045850
-0.204843 0.042723
-0.197488 0.039719
-0.190164 0.036835
-0.182869 0.034072
-0.175604 0.031426
-0.168368 0.028898
-0.161161 0.026485
-0.153983 0.024186
-0.146832 0.021999
-0.139709 0.019925
-0.132614 0.017960
-0.125545 0.016104
-0.118504 0.014355
-0.111489 0.012713
-0.104500 0.011176
-0.097537 0.009743
-0.090600 0.008413
-0.083689 0.007185
-0.076802 0.006057
-0.069940 0.005029
-0.063103 0.004099
-0.056290 0.003266
-0.049501 0.002530
-0.042735 0.001889
-0.035994 0.001343
-0.029275 0.000890
-0.022580 0.000529
-0.015908 0.000260
-0.009258 0.000082
-0.002630 -0.000007
0.000675 0.000000
0.003981 -0.000007
0.010609 0.000081
0.017259 0.000259
0.023931 0.000528
0.030626 0.000889
0.037345 0.001341
0.044086 0.001887
0.050852 0.002528
0.057641 0.003263
0.064454 0.004096
0.071291 0.005025
0.078153 0.006053
0.085040 0.007181
0.091951 0.008409
0.098888 0.009739
0.105851 0.011171
0.112840 0.012708
0.119855 0.014350
0.126896 0.016098
0.133965 0.017954
0.141060 0.019918
0.148183 0.021993
0.155333 0.024179
0.162512 0.026478
0.169719 0.028890
0.176955 0.031418
0.184220 0.034063
0.191515 0.036826
0.198839 0.039709
0.206194 0.042713
0.213579 0.045839
0.220995 0.049090
0.228443 0.052466
0.235922 0.055970
0.243433 0.059603
0.250977 0.063366
0.258554 0.067262
0.266165 0.071292
0.273809 0.075458
0.281488 0.079761
0.289201 0.084205
0.296950 0.088790
0.304735 0.093518
0.312556 0.098392
0.320413 0.103414
0.328308 0.108585
0.336241 0.113908
0.344213 0.119385
0.352223 0.125018
0.360273 0.130810
0.368363 0.136764
0.376494 0.142880
0.384666 0.149162
0.392880 0.155613
0.401137 0.162235
0.409437 0.169031
0.417781 0.176004
0.426170 0.183155
0.434605 0.190490
0.443085 0.198009
0.451613 0.205717
0.460188 0.213616
0.468812 0.221711
0.477486 0.230003
0.486209 0.238497
0.494984 0.247196
0.503811 0.256104
0.512691 0.265225
0.521625 0.274562
0.530614 0.284120
0.539659 0.293902
0.548761 0.303913
0.557921 0.314157
0.567141 0.324639
0.576421 0.335363
0.585762 0.346335
0.595167 0.357558
0.604635 0.369040
0.614170 0.380784
0.623771 0.392796
0.633440 0.405082
0.643179 0.417648
0.652990 0.430501
0.662874 0.443645
0.672832 0.457089
0.682866 0.470839
0.692979 0.484902
0.703171 0.499286
0.713446 0.513998
0.723804 0.529046
0.734248 0.544438
0.744781 0.560185
0.755404 0.576293
0.766119 0.592774
0.776930 0.609637
0.787839 0.626892
0.798848 0.644550
0.809960 0.662622
0.821179 0.681121
0.832508 0.700059
0.843949 0.719449
0.855506 0.739304
0.867183 0.759640
0.878984 0.780428
0.890912 0.801769
0.902972 0.823640
0.915168 0.846057
0.927506 0.869039
0.939989 0.892606
0.952624 0.916781
0.965416 0.941584
0.978370 0.967041
0.991494 0.993177
1.004794 1.020019
1.018278 1.047597
1.031953 1.075942
1.045828 1.105087
1.059911 1.135069
1.074213 1.165926
1.088743 1.197701
1.103514 1.230439
1.118537 1.264190
1.133826 1.299006
1.149396 1.334948
1.165263 1.372079
1.181444 1.410470
1.197958 1.450198
1.214828 1.491351
1.232077 1.534025
1.249732 1.578326
1.267823 1.624375
1.286385 1.672309
1.305455 1.722283
1.325078 1.774475
1.345306 1.829088
1.366197 1.886363
1.387822 1.946578
1.410263 2.010069
1.433622 2.077235
1.458021 2.148570
1.483612 2.224685
1.510589 2.306356
1.539205 2.394600
1.569802 2.490783
1.602858 2.596823
1.639083 2.715568
1.679613 2.851526
1.726485 3.012949
1.784149 3.217637
1.867903 3.526909
