-1.725781 3.545377
-1.646229 3.233862
-1.591457 3.027742
-1.546936 2.865220
-1.508440 2.728316
-1.474032 2.608799
-1.442634 2.502081
-1.413572 2.405296
-1.386391 2.316508
-1.360767 2.234341
-1.336460 2.157772
-1.313285 2.086017
-1.291098 2.018461
-1.269782 1.954509
-1.249242 1.893957
-1.229399 1.836367
-1.210186 1.781457
-1.191547 1.728985
-1.173433 1.678746
-1.155803 1.630561
-1.138620 1.584273
-1.121850 1.539745
-1.105466 1.496856
-1.089443 1.455498
-1.073757 1.415573
-1.058387 1.376995
-1.043317 1.339685
-1.028528 1.303572
-1.014006 1.268591
-0.999736 1.234683
-0.985706 1.201794
-0.971904 1.170071
-0.958320 1.139070
-0.944943 1.108949
-0.931765 1.079670
-0.918776 1.051197
-0.905968 1.023495
-0.893335 0.996533
-0.880870 0.970282
-0.868565 0.944714
-0.856415 0.919804
-0.844414 0.895526
-0.832557 0.871859
-0.820838 0.848781
-0.809254 0.826271
-0.797799 0.804311
-0.786469 0.782882
-0.775260 0.761968
-0.764169 0.741552
-0.753191 0.721619
-0.742324 0.702154
-0.731564 0.683144
-0.720908 0.664575
-0.710353 0.646434
-0.699896 0.628710
-0.689534 0.611392
-0.679266 0.594468
-0.669088 0.577927
-0.658998 0.561761
-0.648994 0.545959
-0.639073 0.530512
-0.629235 0.515412
-0.619476 0.500649
-0.609794 0.486217
-0.600189 0.472106
-0.590658 0.458310
-0.581199 0.444915
-0.571812 0.431725
-0.562493 0.418828
-0.553242 0.406219
-0.544058 0.393891
-0.534938 0.381838
-0.525882 0.370055
-0.516889 0.358536
-0.507956 0.347276
-0.499083 0.336269
-0.490269 0.325510
-0.481512 0.314995
-0.472811 0.304718
-0.464165 0.294676
-0.455574 0.284863
-0.447036 0.275277
-0.438550 0.265911
-0.430116 0.256763
-0.421732 0.247828
-0.413397 0.239103
-0.405111 0.230584
-0.396873 0.222267
-0.388681 0.214150
-0.380536 0.206228
-0.372436 0.198498
-0.364381 0.190957
-0.356369 0.183603
-0.348401 0.176431
-0.340476 0.169440
-0.332592 0.162625
-0.324749 0.155985
-0.316947 0.149517
-0.309185 0.143218
-0.301462 0.137085
-0.293778 0.131117
-0.286132 0.125310
-0.278523 0.119662
-0.270952 0.114170
-0.263417 0.108834
-0.255918 0.103650
-0.248454 0.098616
-0.241025 0.093729
-0.233631 0.088989
-0.226271 0.084393
-0.218945 0.079980
-0.211651 0.075664
-0.204390 0.071486
-0.197161 0.067444
-0.189965 0.063537
-0.182799 0.059763
-0.175664 0.056121
-0.168560 0.052607
-0.161486 0.049221
-0.154442 0.045962
-0.147428 0.042826
-0.140442 0.039814
-0.133485 0.036924
-0.126556 0.034153
-0.119656 0.031501
-0.112783 0.028966
-0.105937 0.026547
-0.099119 0.024242
-0.092327 0.022049
-0.085561 0.019969
-0.078822 0.017999
-0.072108 0.016138
-0.065420 0.014385
-0.058757 0.012738
-0.052118 0.011197
-0.045505 0.009760
-0.038916 0.008427
-0.032351 0.007195
-0.025810 0.006064
-0.019292 0.005048
-0.012798 0.004111
-0.006326 0.003273
0.000122 0.002532
0.006548 0.001888
0.012951 0.001340
0.019333 0.000887
0.025692 0.000527
0.032030 0.000259
0.038347 0.000081
0.044642 -0.000007
0.047781 0.000000
0.050921 -0.000007
0.057216 0.000082
0.063533 0.000261
0.069870 0.000530
0.076230 0.000892
0.082611 0.001347
0.089015 0.001895
0.095441 0.002539
0.101889 0.003278
0.108360 0.004114
0.114855 0.005048
0.121372 0.006081
0.127913 0.007164
0.134479 0.008393
0.141068 0.009724
0.147681 0.011158
0.154319 0.012696
0.160982 0.014339
0.167671 0.016088
0.174384 0.017945
0.181124 0.019912
0.187889 0.021988
0.194681 0.024175
0.201500 0.026476
0.208346 0.028890
0.215219 0.031420
0.222119 0.034067
0.229048 0.036832
0.236005 0.039717
0.242990 0.042723
0.250005 0.045851
0.257049 0.049104
0.264123 0.052483
0.271227 0.055951
0.278362 0.059584
0.285527 0.063348
0.292724 0.067244
0.299953 0.071274
0.307214 0.075440
0.314507 0.079744
0.321834 0.084188
0.329194 0.088773
0.336588 0.093501
0.344017 0.098375
0.351480 0.103396
0.358979 0.108567
0.366514 0.113890
0.374086 0.119366
0.381694 0.124999
0.389340 0.130790
0.397025 0.136742
0.404747 0.142858
0.412510 0.149139
0.420312 0.155588
0.428154 0.162209
0.436038 0.169003
0.443964 0.175973
0.451932 0.183123
0.459943 0.190455
0.467999 0.197971
0.476099 0.205676
0.484244 0.213573
0.492435 0.221664
0.500674 0.229952
0.508960 0.238443
0.517294 0.247138
0.525679 0.256041
0.534113 0.265157
0.542599 0.274489
0.551137 0.284041
0.559728 0.293817
0.568374 0.303822
0.577074 0.314060
0.585831 0.324535
0.594646 0.335251
0.603519 0.346215
0.612451 0.357430
0.621445 0.368903
0.630501 0.380637
0.639621 0.392640
0.648805 0.404916
0.658056 0.417471
0.667374 0.430312
0.676762 0.443444
0.686221 0.456875
0.695752 0.470612
0.705357 0.484661
0.715038 0.499029
0.724797 0.513725
0.734636 0.528553
0.744556 0.544021
0.754560 0.559746
0.764650 0.575833
0.774828 0.592291
0.785097 0.609129
0.795458 0.626359
0.805915 0.643991
0.816471 0.662036
0.827127 0.680507
0.837887 0.699415
0.848754 0.718774
0.859732 0.738597
0.870823 0.758899
0.882032 0.779694
0.893361 0.801000
0.904817 0.822833
0.916401 0.845211
0.928120 0.868152
0.939977 0.891676
0.951978 0.915806
0.964128 0.940562
0.976432 0.965970
0.988898 0.992055
1.001531 1.018844
1.014338 1.046366
1.027327 1.074652
1.040506 1.103736
1.053883 1.133653
1.067467 1.164443
1.081269 1.196147
1.095299 1.228606
1.109568 1.262274
1.124091 1.297004
1.138879 1.332854
1.153950 1.369889
1.169319 1.408179
1.185005 1.447802
1.201029 1.488843
1.217413 1.531399
1.234182 1.575575
1.251366 1.621494
1.268996 1.669289
1.287110 1.719115
1.305749 1.771149
1.324961 1.825596
1.344805 1.882692
1.365345 1.942716
1.386661 2.006002
1.408848 2.072948
1.432023 2.144146
1.456330 2.220003
1.481954 2.301393
1.509135 2.389326
1.538197 2.485162
1.569595 2.590811
1.604002 2.709107
1.642499 2.844579
1.687019 3.005359
1.741791 3.209202
1.821344 3.517139
