-1.855666 3.533758
-1.772449 3.223689
-1.715153 3.018492
-1.668581 2.856676
-1.628311 2.720354
-1.592318 2.601334
-1.559474 2.495051
-1.529073 2.398653
-1.500639 2.310215
-1.473835 2.228365
-1.448408 2.152088
-1.424166 2.080602
-1.400956 2.013295
-1.378658 1.949673
-1.357172 1.889335
-1.336414 1.831945
-1.316316 1.777223
-1.296819 1.724929
-1.277871 1.674858
-1.259428 1.626832
-1.241453 1.580695
-1.223911 1.536310
-1.206772 1.493557
-1.190010 1.452328
-1.173601 1.412527
-1.157524 1.374067
-1.141759 1.336869
-1.126289 1.300864
-1.111097 1.265986
-1.096170 1.232177
-1.081494 1.199383
-1.067057 1.167553
-1.052846 1.136644
-1.038853 1.106612
-1.025067 1.077418
-1.011480 1.049027
-0.998083 1.021404
-0.984868 0.994518
-0.971828 0.968340
-0.958956 0.942843
-0.946246 0.918000
-0.933692 0.893788
-0.921289 0.870184
-0.909030 0.847166
-0.896912 0.824715
-0.884929 0.802812
-0.873078 0.781438
-0.861352 0.760576
-0.849750 0.740211
-0.838267 0.720327
-0.826899 0.700910
-0.815643 0.681945
-0.804496 0.663420
-0.793454 0.645323
-0.782516 0.627641
-0.771677 0.610362
-0.760935 0.593477
-0.750288 0.577036
-0.739733 0.560904
-0.729268 0.545135
-0.718891 0.529720
-0.708599 0.514651
-0.698390 0.499918
-0.688263 0.485514
-0.678215 0.471432
-0.668245 0.457663
-0.658351 0.444201
-0.648530 0.431038
-0.638783 0.418168
-0.629106 0.405585
-0.619498 0.393282
-0.609958 0.381254
-0.600485 0.369494
-0.591077 0.357998
-0.581733 0.346759
-0.572451 0.335773
-0.563231 0.325035
-0.554070 0.314540
-0.544969 0.304282
-0.535925 0.294333
-0.526938 0.284536
-0.518006 0.274965
-0.509130 0.265614
-0.500306 0.256480
-0.491536 0.247559
-0.482817 0.238848
-0.474149 0.230341
-0.465532 0.222037
-0.456963 0.213931
-0.448442 0.206020
-0.439969 0.198302
-0.431543 0.190771
-0.423162 0.183427
-0.414827 0.176265
-0.406536 0.169283
-0.398289 0.162477
-0.390085 0.155846
-0.381924 0.149386
-0.373804 0.143095
-0.365725 0.136970
-0.357687 0.131008
-0.349688 0.125208
-0.341729 0.119567
-0.333809 0.114082
-0.325927 0.108751
-0.318082 0.103573
-0.310275 0.098544
-0.302504 0.093663
-0.294769 0.088928
-0.287070 0.084337
-0.279406 0.079887
-0.271776 0.075577
-0.264181 0.071406
-0.256619 0.067370
-0.249091 0.063468
-0.241595 0.059720
-0.234132 0.056080
-0.226700 0.052569
-0.219301 0.049186
-0.211932 0.045929
-0.204594 0.042796
-0.197287 0.039787
-0.190009 0.036899
-0.182761 0.034130
-0.175543 0.031480
-0.168353 0.028948
-0.161192 0.026531
-0.154059 0.024228
-0.146954 0.022038
-0.139877 0.019960
-0.132827 0.017992
-0.125804 0.016133
-0.118808 0.014382
-0.111838 0.012738
-0.104894 0.011198
-0.097976 0.009763
-0.091083 0.008431
-0.084215 0.007201
-0.077373 0.006071
-0.070555 0.005041
-0.063761 0.004110
-0.056992 0.003276
-0.050246 0.002538
-0.043524 0.001896
-0.036826 0.001348
-0.030151 0.000894
-0.023498 0.000532
-0.016868 0.000262
-0.010261 0.000083
-0.003676 -0.000007
-0.000391 0.000000
0.002893 -0.000008
0.009478 0.000080
0.016086 0.000258
0.022715 0.000527
0.029368 0.000887
0.036043 0.001339
0.042742 0.001886
0.049464 0.002526
0.056209 0.003262
0.062979 0.004095
0.069772 0.005025
0.076590 0.006054
0.083433 0.007182
0.090300 0.008411
0.097193 0.009742
0.104111 0.011176
0.111055 0.012714
0.118025 0.014358
0.125022 0.016108
0.132045 0.017965
0.139095 0.019932
0.146172 0.022009
0.153277 0.024197
0.160409 0.026498
0.167570 0.028855
0.174760 0.031382
0.181979 0.034027
0.189226 0.036790
0.196504 0.039672
0.203811 0.042676
0.211149 0.045802
0.218518 0.049053
0.225918 0.052429
0.233349 0.055933
0.240812 0.059565
0.248308 0.063329
0.255837 0.067225
0.263398 0.071255
0.270994 0.075421
0.278623 0.079725
0.286287 0.084168
0.293987 0.088753
0.301721 0.093482
0.309492 0.098356
0.317300 0.103377
0.325144 0.108549
0.333026 0.113872
0.340947 0.119350
0.348906 0.124983
0.356904 0.130776
0.364942 0.136729
0.373021 0.142846
0.381141 0.149129
0.389303 0.155580
0.397507 0.162162
0.405754 0.168957
0.414044 0.175929
0.422380 0.183080
0.430760 0.190413
0.439186 0.197931
0.447660 0.205638
0.456180 0.213536
0.464749 0.221630
0.473367 0.229921
0.482035 0.238414
0.490753 0.247112
0.499524 0.256018
0.508347 0.265137
0.517224 0.274473
0.526155 0.284029
0.535142 0.293810
0.544186 0.303819
0.553287 0.314061
0.562448 0.324542
0.571668 0.335264
0.580950 0.346234
0.590294 0.357455
0.599702 0.368934
0.609176 0.380676
0.618715 0.392686
0.628323 0.404970
0.638000 0.417533
0.647748 0.430383
0.657568 0.443525
0.667462 0.456966
0.677433 0.470713
0.687481 0.484772
0.697608 0.499153
0.707816 0.513861
0.718108 0.528905
0.728486 0.544294
0.738951 0.560036
0.749506 0.576141
0.760153 0.592617
0.770894 0.609475
0.781733 0.626726
0.792672 0.644379
0.803713 0.662446
0.814860 0.680939
0.826116 0.699872
0.837484 0.719255
0.848967 0.739105
0.860570 0.759434
0.872295 0.780259
0.884147 0.801594
0.896130 0.823458
0.908248 0.845868
0.920506 0.868733
0.932910 0.892290
0.945463 0.916454
0.958173 0.941246
0.971045 0.966691
0.984085 0.992815
0.997300 1.019645
1.010697 1.047210
1.024285 1.075540
1.038071 1.104671
1.052064 1.134638
1.066274 1.165479
1.080711 1.197238
1.095388 1.229959
1.110315 1.263691
1.125506 1.298488
1.140976 1.334410
1.156741 1.371520
1.172819 1.409889
1.189227 1.449594
1.205989 1.490723
1.223128 1.533371
1.240670 1.577645
1.258645 1.623666
1.277088 1.671569
1.296036 1.721511
1.315534 1.773668
1.335631 1.828246
1.356389 1.885481
1.377875 1.945655
1.400174 2.009101
1.423383 2.076219
1.447625 2.147502
1.473052 2.223559
1.499857 2.305169
1.528290 2.393344
1.558691 2.489450
1.591536 2.595404
1.627529 2.714049
1.667799 2.849933
1.714371 3.011215
1.771666 3.215718
1.854884 3.524696
