0.000000 0.000000
0.000000 1.285446
0.000000 0.163485
0.000000 0.250997
0.000000 1.348732
0.000000 3.532771
0.000000 3.861315
0.000000 1.621144
0.000000 0.855378
0.000000 1.138791
0.000000 2.365284
0.000000 4.679896
0.000000 4.738473
0.000000 2.853836
0.000000 2.448798
0.000000 2.931524
0.000000 3.875772
0.000000 4.289439
0.000000 3.171111
0.000000 0.205044
0.000000 10.590492
0.000000 6.611542
0.000000 4.048221
0.000000 3.344172
0.000000 3.928761
0.000000 5.591028
0.000000 7.215880
0.000000 3.702049
0.000000 1.636062
0.000000 1.205756
0.000000 1.968055
0.000000 3.811253
0.000000 4.942884
0.000000 1.921084
0.000000 0.358402
0.000000 1.145951
0.000000 6.736718
