-1.856532 3.484748
-1.773516 3.179089
-1.716360 2.976799
-1.669901 2.817272
-1.629729 2.682873
-1.593823 2.565530
-1.561058 2.460742
-1.530731 2.365697
-1.502366 2.278499
-1.475627 2.197796
-1.450262 2.122586
-1.426078 2.052099
-1.402925 1.985731
-1.380681 1.922997
-1.359247 1.863499
-1.338540 1.806909
-1.318490 1.752947
-1.299040 1.701380
-1.280138 1.652004
-1.261740 1.604643
-1.243808 1.559146
-1.226309 1.515376
-1.209212 1.473215
-1.192490 1.432556
-1.176121 1.393304
-1.160083 1.355375
-1.144356 1.318691
-1.128924 1.283182
-1.113769 1.248785
-1.098878 1.215441
-1.084238 1.183098
-1.069835 1.151707
-1.055660 1.121222
-1.041700 1.091602
-1.027948 1.062809
-1.014394 1.034807
-1.001029 1.007563
-0.987846 0.981046
-0.974837 0.955226
-0.961997 0.930078
-0.949318 0.905575
-0.936795 0.881694
-0.924421 0.858413
-0.912193 0.835710
-0.900104 0.813565
-0.888150 0.791960
-0.876327 0.770878
-0.864630 0.750301
-0.853056 0.730213
-0.841600 0.710600
-0.830260 0.691447
-0.819032 0.672741
-0.807911 0.654468
-0.796897 0.636617
-0.785985 0.619174
-0.775172 0.602131
-0.764456 0.585475
-0.753835 0.569196
-0.743306 0.553284
-0.732866 0.537731
-0.722514 0.522527
-0.712247 0.507663
-0.702063 0.493211
-0.691961 0.479001
-0.681937 0.465109
-0.671991 0.451525
-0.662121 0.438244
-0.652324 0.425259
-0.642600 0.412562
-0.632947 0.400148
-0.623362 0.388011
-0.613846 0.376144
-0.604396 0.364543
-0.595010 0.353201
-0.585689 0.342113
-0.576429 0.331275
-0.567231 0.320681
-0.558093 0.310326
-0.549014 0.300206
-0.539992 0.290317
-0.531027 0.280653
-0.522117 0.271212
-0.513262 0.261988
-0.504460 0.252978
-0.495711 0.244178
-0.487013 0.235585
-0.478366 0.227194
-0.469769 0.219002
-0.461221 0.211006
-0.452721 0.203202
-0.444269 0.195588
-0.435863 0.188191
-0.427503 0.180945
-0.419188 0.173880
-0.410917 0.166991
-0.402690 0.160277
-0.394506 0.153735
-0.386364 0.147362
-0.378264 0.141156
-0.370205 0.135114
-0.362186 0.129233
-0.354207 0.123511
-0.346267 0.117945
-0.338366 0.112535
-0.330503 0.107276
-0.322678 0.102168
-0.314889 0.097207
-0.307137 0.092392
-0.299421 0.087721
-0.291741 0.083192
-0.284095 0.078803
-0.276484 0.074551
-0.268907 0.070436
-0.261364 0.066455
-0.253853 0.062606
-0.246376 0.058889
-0.238931 0.055300
-0.231517 0.051839
-0.224136 0.048504
-0.216785 0.045292
-0.209465 0.042204
-0.202175 0.039236
-0.194915 0.036389
-0.187685 0.033659
-0.180484 0.031046
-0.173312 0.028548
-0.166168 0.026165
-0.159053 0.023894
-0.151965 0.021734
-0.144905 0.019684
-0.137872 0.017743
-0.130866 0.015909
-0.123887 0.014182
-0.116933 0.012560
-0.110006 0.011041
-0.103105 0.009626
-0.096229 0.008312
-0.089378 0.007098
-0.082552 0.005984
-0.075751 0.004968
-0.068974 0.004049
-0.062221 0.003227
-0.055491 0.002499
-0.048786 0.001866
-0.042104 0.001326
-0.035444 0.000879
-0.028808 0.000523
-0.022194 0.000257
-0.015603 0.000080
-0.009034 -0.000007
-0.005757 0.000000
-0.002481 -0.000007
0.004088 0.000080
0.010680 0.000256
0.017293 0.000522
0.023930 0.000878
0.030589 0.001325
0.037271 0.001865
0.043977 0.002498
0.050706 0.003225
0.057459 0.004047
0.064236 0.004966
0.071037 0.005981
0.077863 0.007095
0.084714 0.008309
0.091590 0.009623
0.098492 0.011039
0.105419 0.012557
0.112372 0.014179
0.119351 0.015906
0.126357 0.017740
0.133390 0.019681
0.140450 0.021731
0.147538 0.023891
0.154653 0.026118
0.161797 0.028500
0.168969 0.030996
0.176170 0.033607
0.183401 0.036335
0.190660 0.039181
0.197950 0.042146
0.205270 0.045233
0.212621 0.048442
0.220003 0.051776
0.227416 0.055235
0.234861 0.058821
0.242339 0.062537
0.249849 0.066383
0.257392 0.070362
0.264969 0.074475
0.272581 0.078724
0.280226 0.083111
0.287907 0.087637
0.295623 0.092306
0.303375 0.097118
0.311163 0.102075
0.318989 0.107181
0.326852 0.112436
0.334753 0.117844
0.342693 0.123406
0.350671 0.129124
0.358690 0.135002
0.366749 0.141041
0.374850 0.147243
0.382991 0.153612
0.391175 0.160150
0.399402 0.166860
0.407673 0.173744
0.415988 0.180805
0.424348 0.188046
0.432754 0.195470
0.441207 0.203080
0.449707 0.210879
0.458255 0.218871
0.466852 0.227058
0.475498 0.235444
0.484196 0.244033
0.492945 0.252828
0.501747 0.261833
0.510602 0.271051
0.519512 0.280488
0.528477 0.290146
0.537499 0.300029
0.546578 0.310144
0.555717 0.320492
0.564915 0.331081
0.574174 0.341913
0.583496 0.352994
0.592881 0.364330
0.602331 0.375925
0.611848 0.387785
0.621432 0.399915
0.631085 0.412322
0.640810 0.424932
0.650606 0.437908
0.660477 0.451179
0.670423 0.464752
0.680446 0.478634
0.690549 0.492832
0.700733 0.507355
0.711000 0.522209
0.721352 0.537404
0.731791 0.552948
0.742321 0.568849
0.752942 0.585118
0.763657 0.601763
0.774470 0.618796
0.785382 0.636227
0.796397 0.654067
0.807517 0.672328
0.818745 0.691022
0.830086 0.710162
0.841541 0.729762
0.853115 0.749836
0.864812 0.770399
0.876635 0.791467
0.888589 0.813057
0.900678 0.835186
0.912907 0.857873
0.925280 0.881138
0.937803 0.905002
0.950482 0.929487
0.963323 0.954617
0.976331 0.980417
0.989514 1.006914
1.002879 1.034138
1.016433 1.062119
1.030186 1.090890
1.044145 1.120486
1.058321 1.150947
1.072723 1.182314
1.087364 1.214631
1.102255 1.247948
1.117409 1.282317
1.132842 1.317796
1.148569 1.354450
1.164607 1.392347
1.180976 1.431565
1.197697 1.472189
1.214794 1.514314
1.232294 1.558045
1.250225 1.603455
1.268623 1.650772
1.287525 1.700102
1.306976 1.751621
1.327025 1.805531
1.347732 1.862067
1.369166 1.921507
1.391410 1.984179
1.414564 2.050480
1.438747 2.120895
1.464112 2.196028
1.490852 2.276647
1.519216 2.363752
1.549543 2.458694
1.582308 2.563367
1.618214 2.680579
1.658386 2.814824
1.704845 2.974164
1.762002 3.176211
1.845018 3.481490
