-0.169789 3.057113
-0.161771 2.849982
-0.156251 2.708237
-0.151764 2.593865
-0.147884 2.495747
-0.144416 2.408386
-0.141252 2.329132
-0.138323 2.256191
-0.135583 2.188353
-0.133001 2.124762
-0.130551 2.064780
-0.128215 2.007916
-0.125979 1.953787
-0.123831 1.902082
-0.121761 1.852550
-0.119761 1.804979
-0.117824 1.759194
-0.115946 1.715046
-0.114120 1.672404
-0.112343 1.631148
-0.110612 1.591192
-0.108921 1.552445
-0.107270 1.514749
-0.105655 1.478204
-0.104074 1.442664
-0.102525 1.408074
-0.101006 1.374386
-0.099516 1.341554
-0.098052 1.309538
-0.096614 1.278302
-0.095200 1.247810
-0.093809 1.218033
-0.092440 1.188940
-0.091092 1.160507
-0.089764 1.132901
-0.088455 1.105702
-0.087164 1.079094
-0.085891 1.053056
-0.084634 1.027572
-0.083394 1.002624
-0.082170 0.978195
-0.080960 0.954270
-0.079765 0.930834
-0.078584 0.907874
-0.077416 0.885378
-0.076262 0.863332
-0.075120 0.841725
-0.073990 0.820548
-0.072873 0.799788
-0.071766 0.779438
-0.070671 0.759487
-0.069586 0.739928
-0.068512 0.720751
-0.067449 0.701948
-0.066395 0.683521
-0.065350 0.665363
-0.064316 0.647721
-0.063290 0.630266
-0.062273 0.613329
-0.061265 0.596631
-0.060265 0.580150
-0.059273 0.564095
-0.058290 0.548441
-0.057314 0.533005
-0.056346 0.517801
-0.055385 0.502977
-0.054432 0.488448
-0.053486 0.474210
-0.052547 0.460258
-0.051614 0.446588
-0.050689 0.433195
-0.049770 0.420075
-0.048857 0.407225
-0.047950 0.394639
-0.047050 0.382316
-0.046156 0.370317
-0.045267 0.358439
-0.044385 0.347059
-0.043508 0.335750
-0.042637 0.324613
-0.041771 0.313772
-0.040910 0.303178
-0.039205 0.282586
-0.038360 0.272868
-0.037520 0.263011
-0.036685 0.253712
-0.035855 0.244464
-0.035029 0.235426
-0.034208 0.226607
-0.033392 0.218001
-0.032580 0.209600
-0.031772 0.201339
-0.030969 0.193517
-0.030171 0.185736
-0.029376 0.178160
-0.028586 0.170770
-0.027799 0.163569
-0.027017 0.156556
-0.026239 0.149733
-0.025464 0.143093
-0.024694 0.136637
-0.023927 0.130361
-0.023164 0.124263
-0.022404 0.118339
-0.021648 0.112589
-0.020896 0.107009
-0.020147 0.101598
-0.019402 0.096353
-0.018660 0.091273
-0.017922 0.086356
-0.017187 0.081531
-0.016455 0.076936
-0.015727 0.072497
-0.015001 0.068211
-0.014279 0.064077
-0.013560 0.060092
-0.012844 0.056447
-0.012131 0.052739
-0.011421 0.049176
-0.010714 0.045755
-0.010010 0.042474
-0.009309 0.039204
-0.008611 0.036208
-0.007915 0.033345
-0.007223 0.030614
-0.006533 0.028012
-0.005845 0.025538
-0.005161 0.023191
-0.004479 0.020967
-0.003800 0.018865
-0.003123 0.016884
-0.002449 0.015022
-0.001778 0.013277
-0.001108 0.011647
-0.000442 0.010130
0.000222 0.008725
0.000884 0.007594
0.001543 0.006375
0.002200 0.005266
0.002854 0.004267
0.003507 0.003485
0.004157 0.002671
0.004804 0.002030
0.005450 0.001415
0.006093 0.000908
0.006734 0.000581
0.007372 0.000262
0.008009 0.000108
0.008643 -0.000008
0.008960 0.000000
0.009276 0.000007
0.009911 0.000154
0.010547 0.000124
0.011186 0.000567
0.011827 0.000731
0.012470 0.001169
0.013116 0.001824
0.013763 0.002476
0.014413 0.003222
0.015065 0.003831
0.015720 0.004725
0.016377 0.005711
0.017036 0.006789
0.017698 0.007960
0.018362 0.009418
0.019028 0.010580
0.019697 0.012030
0.020369 0.013573
0.021043 0.015210
0.021720 0.016941
0.022399 0.018767
0.023081 0.020687
0.023765 0.022884
0.024452 0.025009
0.025142 0.027015
0.025835 0.029315
0.026531 0.031807
0.027229 0.034306
0.027930 0.036902
0.028634 0.039594
0.029341 0.042383
0.030051 0.045269
0.030764 0.048253
0.031480 0.051333
0.032199 0.054512
0.032921 0.057788
0.033646 0.061163
0.034375 0.064635
0.035107 0.068006
0.035842 0.071666
0.036580 0.075425
0.037322 0.079316
0.038067 0.083275
0.038816 0.087334
0.039568 0.091493
0.040324 0.095752
0.041083 0.100111
0.041846 0.104571
0.042613 0.109133
0.043384 0.113795
0.044158 0.118559
0.044937 0.123425
0.045719 0.128394
0.046505 0.133465
0.047296 0.138638
0.048090 0.143915
0.048889 0.149296
0.049692 0.154780
0.050500 0.160369
0.051312 0.166063
0.052128 0.171862
0.052949 0.177767
0.053774 0.183777
0.054605 0.189894
0.055440 0.196119
0.056280 0.202450
0.057125 0.208890
0.057975 0.215439
0.058830 0.222097
0.059691 0.228864
0.060556 0.235743
0.061428 0.242732
0.062305 0.249834
0.063187 0.257048
0.064076 0.264375
0.064970 0.271817
0.065870 0.279374
0.066777 0.287047
0.067689 0.294837
0.068608 0.302745
0.069534 0.310772
0.070466 0.318919
0.071406 0.327187
0.072352 0.335578
0.073305 0.344092
0.074266 0.352731
0.075234 0.361496
0.076209 0.370389
0.077193 0.379411
0.078185 0.388564
0.079184 0.397849
0.080193 0.407117
0.081210 0.416662
0.082235 0.426344
0.083270 0.436165
0.084315 0.446127
0.085368 0.456231
0.086432 0.466482
0.087506 0.476880
0.088591 0.487428
0.089686 0.498128
0.090792 0.508985
0.091910 0.520000
0.093040 0.531177
0.094182 0.542519
0.095336 0.554029
0.096504 0.565713
0.097685 0.577572
0.098880 0.589612
0.100089 0.601837
0.101314 0.614252
0.102554 0.626862
0.103810 0.639673
0.105084 0.652689
0.106374 0.665918
0.107683 0.679161
0.109012 0.692821
0.110360 0.706714
0.111729 0.720850
0.113120 0.735236
0.114534 0.749925
0.115972 0.764848
0.117436 0.780054
0.118926 0.795557
0.120445 0.811369
0.121994 0.827509
0.123575 0.843991
0.125190 0.860836
0.126841 0.878064
0.128531 0.895700
0.130263 0.913769
0.132040 0.932301
0.133866 0.951331
0.135744 0.970899
0.137681 0.991048
0.139680 1.011832
0.141751 1.033312
0.143899 1.055562
0.146135 1.078671
0.148471 1.102746
0.150920 1.127718
0.153503 1.154151
0.156242 1.182079
0.159171 1.211802
0.162336 1.243741
0.165804 1.278521
0.169684 1.317139
0.174171 1.361385
0.179691 1.415160
0.187708 1.491864
