-1.843084 3.479618
-1.759673 3.174525
-1.702245 2.972604
-1.655565 2.813364
-1.615201 2.679204
-1.579125 2.562067
-1.546204 2.457462
-1.515733 2.362581
-1.487233 2.275533
-1.460367 2.194967
-1.434881 2.119883
-1.410582 2.049515
-1.387319 1.983257
-1.364969 1.920627
-1.343433 1.861226
-1.322627 1.804728
-1.302482 1.750854
-1.282940 1.699369
-1.263947 1.650072
-1.245462 1.602786
-1.227445 1.557360
-1.209862 1.513659
-1.192684 1.471563
-1.175883 1.430967
-1.159436 1.391776
-1.143322 1.353904
-1.127520 1.317276
-1.112014 1.281820
-1.096787 1.247475
-1.081826 1.214181
-1.067115 1.181885
-1.052644 1.150540
-1.038401 1.120100
-1.024376 1.090523
-1.010558 1.061771
-0.996939 1.033809
-0.983510 1.006604
-0.970265 0.980124
-0.957195 0.954341
-0.944293 0.929227
-0.931554 0.904757
-0.918971 0.880909
-0.906538 0.857689
-0.894252 0.835013
-0.882105 0.812895
-0.870095 0.791316
-0.858215 0.770258
-0.846463 0.749706
-0.834834 0.729642
-0.823324 0.710053
-0.811929 0.690923
-0.800647 0.672240
-0.789474 0.653989
-0.778407 0.636160
-0.767443 0.618740
-0.756579 0.601718
-0.745813 0.585082
-0.735141 0.568824
-0.724562 0.552932
-0.714073 0.537397
-0.703671 0.522211
-0.693355 0.507364
-0.683123 0.492849
-0.672972 0.478658
-0.662901 0.464782
-0.652908 0.451215
-0.642990 0.437949
-0.633147 0.424978
-0.623377 0.412296
-0.613677 0.399895
-0.604047 0.387771
-0.594486 0.375916
-0.584990 0.364326
-0.575561 0.352995
-0.566195 0.341919
-0.556891 0.331090
-0.547649 0.320506
-0.538468 0.310161
-0.529345 0.300050
-0.520280 0.290169
-0.511272 0.280514
-0.502320 0.271081
-0.493423 0.261865
-0.484579 0.252862
-0.475789 0.244069
-0.467050 0.235483
-0.458362 0.227098
-0.449724 0.218913
-0.441135 0.210923
-0.432595 0.203125
-0.424102 0.195516
-0.415656 0.188094
-0.407256 0.180854
-0.398902 0.173794
-0.390592 0.166992
-0.382325 0.160282
-0.374102 0.153742
-0.365922 0.147372
-0.357783 0.141168
-0.349686 0.135127
-0.341629 0.129248
-0.333612 0.123528
-0.325634 0.117964
-0.317696 0.112555
-0.309795 0.107297
-0.301932 0.102190
-0.294107 0.097230
-0.286318 0.092415
-0.278565 0.087745
-0.270848 0.083216
-0.263166 0.078827
-0.255519 0.074576
-0.247906 0.070460
-0.240327 0.066479
-0.232781 0.062631
-0.225268 0.058913
-0.217787 0.055324
-0.210338 0.051862
-0.202921 0.048526
-0.195536 0.045314
-0.188181 0.042225
-0.180856 0.039257
-0.173562 0.036409
-0.166297 0.033678
-0.159062 0.031064
-0.151856 0.028566
-0.144678 0.026181
-0.137529 0.023909
-0.130407 0.021749
-0.123314 0.019698
-0.116247 0.017779
-0.109208 0.015944
-0.102195 0.014215
-0.095209 0.012591
-0.088249 0.011070
-0.081315 0.009653
-0.074406 0.008337
-0.067523 0.007121
-0.060664 0.006005
-0.053830 0.004987
-0.047021 0.004067
-0.040236 0.003242
-0.033475 0.002513
-0.026737 0.001878
-0.020023 0.001336
-0.013332 0.000887
-0.006665 0.000529
-0.000019 0.000261
0.006603 0.000083
0.013204 -0.000006
0.016496 0.000000
0.019788 -0.000008
0.026388 0.000078
0.033011 0.000252
0.039656 0.000516
0.046324 0.000871
0.053015 0.001316
0.059729 0.001855
0.066466 0.002486
0.073228 0.003211
0.080013 0.004032
0.086822 0.004949
0.093656 0.005963
0.100514 0.007076
0.107398 0.008288
0.114306 0.009600
0.121241 0.010981
0.128201 0.012496
0.135187 0.014115
0.142200 0.015838
0.149239 0.017668
0.156305 0.019606
0.163399 0.021652
0.170520 0.023808
0.177670 0.026075
0.184847 0.028454
0.192054 0.030948
0.199289 0.033557
0.206554 0.036282
0.213848 0.039126
0.221172 0.042089
0.228527 0.045173
0.235913 0.048380
0.243330 0.051711
0.250779 0.055167
0.258259 0.058751
0.265772 0.062464
0.273318 0.066307
0.280897 0.070283
0.288511 0.074393
0.296158 0.078639
0.303840 0.083023
0.311557 0.087547
0.319310 0.092212
0.327098 0.097021
0.334924 0.101975
0.342787 0.107077
0.350687 0.112329
0.358626 0.117733
0.366603 0.123291
0.374620 0.129006
0.382677 0.134880
0.390775 0.140915
0.398913 0.147113
0.407094 0.153478
0.415317 0.160012
0.423583 0.166658
0.431893 0.173536
0.440248 0.180590
0.448648 0.187824
0.457094 0.195241
0.465586 0.202844
0.474127 0.210635
0.482715 0.218619
0.491353 0.226798
0.500041 0.235177
0.508780 0.243757
0.517571 0.252543
0.526415 0.261539
0.535312 0.270749
0.544264 0.280107
0.553272 0.289754
0.562337 0.299626
0.571459 0.309727
0.580641 0.320064
0.589883 0.330639
0.599186 0.341458
0.608552 0.352526
0.617982 0.363847
0.627477 0.375428
0.637039 0.387272
0.646669 0.399388
0.656368 0.411779
0.666139 0.424452
0.675982 0.437413
0.685899 0.450670
0.695893 0.464228
0.705964 0.478094
0.716115 0.492277
0.726347 0.506783
0.736663 0.521621
0.747064 0.536798
0.757553 0.552324
0.768133 0.568207
0.778804 0.584457
0.789571 0.601083
0.800435 0.618097
0.811399 0.635507
0.822466 0.653326
0.833639 0.671566
0.844921 0.690238
0.856315 0.709355
0.867825 0.728932
0.879455 0.748982
0.891207 0.769520
0.903086 0.790563
0.915097 0.812127
0.927243 0.834229
0.939530 0.856889
0.951962 0.880126
0.964545 0.903961
0.977285 0.928417
0.990186 0.953516
1.003256 0.979285
1.016502 1.005751
1.029930 1.032942
1.043549 1.060889
1.057367 1.089625
1.071393 1.119187
1.085636 1.149611
1.100107 1.180940
1.114817 1.213219
1.129779 1.246496
1.145006 1.280825
1.160512 1.316262
1.176313 1.352873
1.192428 1.390725
1.208875 1.429897
1.225675 1.470473
1.242854 1.512549
1.260437 1.556229
1.278454 1.601633
1.296939 1.648896
1.315931 1.698170
1.335474 1.749630
1.355619 1.803479
1.376424 1.859951
1.397961 1.919323
1.420310 1.981933
1.443574 2.048160
1.467872 2.118497
1.493358 2.193546
1.520225 2.274076
1.548724 2.361085
1.579196 2.455923
1.612116 2.560482
1.648193 2.677567
1.688557 2.811668
1.735237 2.970839
1.792665 3.172672
1.876076 3.477486
