-1.877068 3.498803
-1.793216 3.191761
-1.735485 2.988558
-1.688558 2.828310
-1.647981 2.693306
-1.611714 2.575434
-1.578619 2.470174
-1.547987 2.374703
-1.519337 2.287113
-1.492328 2.206048
-1.466708 2.130501
-1.442280 2.059699
-1.418894 1.993035
-1.396426 1.930021
-1.374776 1.870258
-1.353861 1.813415
-1.333609 1.759214
-1.313963 1.707417
-1.294871 1.657822
-1.276288 1.610251
-1.258176 1.564551
-1.240500 1.520587
-1.223231 1.478239
-1.206341 1.437401
-1.189807 1.397976
-1.173608 1.359880
-1.157723 1.323036
-1.142135 1.287373
-1.126827 1.252828
-1.111787 1.219342
-1.096999 1.186862
-1.082451 1.155338
-1.068133 1.124725
-1.054033 1.094981
-1.040142 1.066067
-1.026451 1.037948
-1.012952 1.010591
-0.999636 0.983963
-0.986497 0.958037
-0.973527 0.932784
-0.960720 0.908237
-0.948071 0.884257
-0.935573 0.860879
-0.923221 0.838083
-0.911011 0.815848
-0.898937 0.794156
-0.886994 0.772988
-0.875180 0.752329
-0.863489 0.732162
-0.851919 0.712472
-0.840464 0.693245
-0.829122 0.674467
-0.817890 0.656125
-0.806765 0.638206
-0.795743 0.620699
-0.784821 0.603593
-0.773998 0.586877
-0.763270 0.570539
-0.752635 0.554572
-0.742090 0.538964
-0.731634 0.523708
-0.721263 0.508794
-0.710977 0.494214
-0.700772 0.479960
-0.690648 0.466025
-0.680602 0.452400
-0.670632 0.439079
-0.660737 0.426056
-0.650915 0.413323
-0.641164 0.400874
-0.631483 0.388702
-0.621871 0.376803
-0.612326 0.365171
-0.602846 0.353799
-0.593430 0.342683
-0.584078 0.331817
-0.574787 0.321196
-0.565557 0.310816
-0.556386 0.300673
-0.547274 0.290760
-0.538218 0.281074
-0.529219 0.271612
-0.520274 0.262368
-0.511384 0.253339
-0.502547 0.244520
-0.493761 0.235909
-0.485028 0.227501
-0.476344 0.219294
-0.467710 0.211282
-0.459125 0.203464
-0.450587 0.195836
-0.442096 0.188395
-0.433652 0.181137
-0.425253 0.174060
-0.416899 0.167161
-0.408589 0.160437
-0.400323 0.153885
-0.392099 0.147502
-0.383918 0.141287
-0.375777 0.135236
-0.367678 0.129347
-0.359618 0.123617
-0.351599 0.118045
-0.343618 0.112627
-0.335676 0.107362
-0.327772 0.102247
-0.319905 0.097280
-0.312075 0.092483
-0.304281 0.087807
-0.296523 0.083272
-0.288801 0.078877
-0.281113 0.074621
-0.273460 0.070501
-0.265840 0.066516
-0.258254 0.062663
-0.250702 0.058941
-0.243182 0.055349
-0.235694 0.051884
-0.228237 0.048545
-0.220813 0.045331
-0.213419 0.042239
-0.206056 0.039269
-0.198723 0.036418
-0.191420 0.033686
-0.184146 0.031071
-0.176902 0.028571
-0.169686 0.026186
-0.162499 0.023913
-0.155340 0.021751
-0.148209 0.019700
-0.141105 0.017757
-0.134029 0.015922
-0.126979 0.014194
-0.119956 0.012570
-0.112959 0.011051
-0.105988 0.009634
-0.099043 0.008319
-0.092123 0.007104
-0.085228 0.005989
-0.078359 0.004973
-0.071513 0.004053
-0.064692 0.003230
-0.057895 0.002502
-0.051122 0.001869
-0.044373 0.001329
-0.037647 0.000881
-0.030943 0.000524
-0.024263 0.000258
-0.017605 0.000081
-0.010970 -0.000007
-0.007661 0.000000
-0.004351 -0.000008
0.002284 0.000080
0.008942 0.000256
0.015622 0.000521
0.022325 0.000877
0.029051 0.001324
0.035801 0.001863
0.042574 0.002496
0.049371 0.003223
0.056192 0.004045
0.063037 0.004964
0.069907 0.005979
0.076802 0.007093
0.083722 0.008307
0.090667 0.009621
0.097638 0.011037
0.104635 0.012555
0.111658 0.014177
0.118708 0.015905
0.125784 0.017739
0.132888 0.019680
0.140019 0.021730
0.147178 0.023890
0.154365 0.026162
0.161581 0.028546
0.168825 0.031045
0.176098 0.033658
0.183402 0.036389
0.190734 0.039238
0.198098 0.042207
0.205491 0.045297
0.212916 0.048509
0.220372 0.051813
0.227860 0.055275
0.235380 0.058864
0.242933 0.062583
0.250519 0.066433
0.258138 0.070416
0.265792 0.074533
0.273479 0.078786
0.281202 0.083177
0.288960 0.087709
0.296753 0.092382
0.304584 0.097199
0.312450 0.102163
0.320355 0.107274
0.328297 0.112536
0.336278 0.117950
0.344297 0.123519
0.352356 0.129245
0.360456 0.135130
0.368596 0.141178
0.376778 0.147389
0.385002 0.153767
0.393268 0.160315
0.401578 0.167034
0.409932 0.173929
0.418331 0.181001
0.426775 0.188254
0.435266 0.195691
0.443803 0.203314
0.452389 0.211127
0.461023 0.219132
0.469706 0.227335
0.478440 0.235737
0.487225 0.244342
0.496063 0.253155
0.504953 0.262178
0.513897 0.271416
0.522897 0.280872
0.531952 0.290551
0.541065 0.300457
0.550236 0.310594
0.559466 0.320967
0.568757 0.331581
0.578109 0.342439
0.587525 0.353548
0.597004 0.364913
0.606550 0.376538
0.616162 0.388429
0.625843 0.400592
0.635593 0.413033
0.645416 0.425758
0.655311 0.438773
0.665280 0.452085
0.675327 0.465701
0.685451 0.479627
0.695655 0.493872
0.705942 0.508443
0.716312 0.523348
0.726769 0.538595
0.737313 0.554193
0.747949 0.570151
0.758677 0.586478
0.769500 0.603185
0.780421 0.620281
0.791444 0.637777
0.802569 0.655686
0.813801 0.674018
0.825143 0.692785
0.836597 0.712002
0.848168 0.731681
0.859859 0.751837
0.871673 0.772485
0.883615 0.793642
0.895689 0.815323
0.907900 0.837546
0.920252 0.860332
0.932750 0.883698
0.945399 0.907667
0.958206 0.932261
0.971175 0.957503
0.984315 0.983419
0.997631 1.010037
1.011130 1.037384
1.024821 1.065493
1.038712 1.094396
1.052811 1.124129
1.067130 1.154731
1.081677 1.186244
1.096465 1.218712
1.111506 1.252186
1.126813 1.286717
1.142401 1.322365
1.158286 1.359103
1.174486 1.397179
1.191020 1.436583
1.207909 1.477400
1.225179 1.519726
1.242854 1.563667
1.260967 1.609343
1.279550 1.656890
1.298642 1.706461
1.318288 1.758232
1.338539 1.812407
1.359455 1.869223
1.381105 1.928907
1.403573 1.991891
1.426959 2.058523
1.451386 2.129291
1.477007 2.204802
1.504016 2.285828
1.532665 2.373377
1.563298 2.468803
1.596393 2.574014
1.632660 2.691831
1.673237 2.826773
1.720163 2.986947
1.777895 3.190059
1.861747 3.496960
