-0.250548 2.950235
-0.239307 2.749391
-0.231568 2.612293
-0.225277 2.501656
-0.219838 2.406623
-0.214976 2.322222
-0.210539 2.245682
-0.206433 2.175348
-0.202592 2.109879
-0.198971 2.048491
-0.195537 1.990563
-0.192262 1.935755
-0.189127 1.883598
-0.186115 1.833793
-0.183213 1.786093
-0.180409 1.740295
-0.177694 1.696425
-0.175060 1.653916
-0.172501 1.612866
-0.170010 1.573168
-0.167581 1.534760
-0.165212 1.497496
-0.162897 1.461329
-0.160633 1.426199
-0.158416 1.392037
-0.156245 1.358782
-0.154115 1.326407
-0.152025 1.294858
-0.149973 1.264098
-0.147957 1.234090
-0.145975 1.204800
-0.144024 1.176199
-0.142105 1.148258
-0.140215 1.120951
-0.138353 1.094255
-0.136517 1.068148
-0.134707 1.042608
-0.132922 1.017616
-0.131161 0.993155
-0.129422 0.969208
-0.127706 0.945758
-0.126010 0.922792
-0.124334 0.900294
-0.122679 0.878253
-0.121042 0.856655
-0.119423 0.835488
-0.117822 0.814743
-0.116238 0.794407
-0.114671 0.774472
-0.113120 0.754928
-0.111584 0.735766
-0.110064 0.716976
-0.108558 0.698552
-0.107067 0.680485
-0.105589 0.662768
-0.104125 0.645379
-0.102674 0.628342
-0.101236 0.611633
-0.099810 0.595248
-0.098397 0.579180
-0.096995 0.563616
-0.095605 0.548155
-0.094226 0.532994
-0.092858 0.518128
-0.091500 0.503555
-0.090154 0.489267
-0.088817 0.475260
-0.087491 0.461529
-0.086174 0.448070
-0.084867 0.434880
-0.083569 0.421950
-0.082280 0.409284
-0.081001 0.396874
-0.079730 0.384717
-0.078468 0.372809
-0.077214 0.361148
-0.075969 0.349722
-0.074731 0.338537
-0.073502 0.327590
-0.072280 0.316875
-0.071066 0.306391
-0.069860 0.296131
-0.068661 0.286095
-0.067469 0.276274
-0.066284 0.266673
-0.065106 0.257298
-0.063936 0.248125
-0.062772 0.239161
-0.061614 0.230403
-0.060463 0.221829
-0.059319 0.213474
-0.058180 0.205317
-0.057048 0.197356
-0.055922 0.189589
-0.054803 0.182012
-0.053689 0.174628
-0.052580 0.167424
-0.051478 0.160405
-0.050381 0.153572
-0.049290 0.146917
-0.046049 0.128164
-0.044979 0.122139
-0.043914 0.116268
-0.042854 0.110642
-0.041800 0.105181
-0.040750 0.100024
-0.039705 0.094862
-0.038665 0.089866
-0.037630 0.085032
-0.036599 0.080356
-0.035573 0.075835
-0.034552 0.071467
-0.033535 0.067248
-0.032523 0.063179
-0.031515 0.059255
-0.030511 0.055476
-0.029511 0.051813
-0.028516 0.048511
-0.027525 0.045132
-0.026538 0.041891
-0.025555 0.038788
-0.024575 0.035820
-0.023600 0.032986
-0.022629 0.030282
-0.021662 0.027708
-0.020698 0.025261
-0.019739 0.022938
-0.018783 0.020739
-0.017830 0.018662
-0.016882 0.016703
-0.015937 0.014863
-0.014995 0.013138
-0.014057 0.011528
-0.013123 0.010198
-0.012192 0.008788
-0.011264 0.007489
-0.010340 0.006300
-0.009419 0.005219
-0.008501 0.004245
-0.007587 0.003496
-0.006676 0.002702
-0.005768 0.002014
-0.004863 0.001429
-0.003961 0.000947
-0.003063 0.000633
-0.002167 0.000317
-0.001274 0.000110
-0.000385 0.000010
0.000059 0.000000
0.000502 0.000016
0.001392 0.000127
0.002284 0.000344
0.003180 0.000668
0.004079 0.000985
0.004980 0.001467
0.005885 0.002045
0.006793 0.002721
0.007704 0.003497
0.008619 0.004208
0.009536 0.005155
0.010457 0.006208
0.011381 0.007207
0.012309 0.008425
0.013240 0.009741
0.014175 0.011159
0.015113 0.012461
0.016054 0.014069
0.016999 0.015771
0.017948 0.017535
0.018900 0.019396
0.019856 0.021352
0.020816 0.023405
0.021779 0.025553
0.022747 0.027799
0.023718 0.030141
0.024693 0.032580
0.025672 0.034905
0.026655 0.037520
0.027642 0.040267
0.028633 0.043077
0.029629 0.045985
0.030628 0.048989
0.031632 0.052091
0.032640 0.055290
0.033653 0.058587
0.034669 0.061981
0.035691 0.065474
0.036717 0.069064
0.037747 0.072753
0.038783 0.076540
0.039823 0.080425
0.040867 0.084409
0.041917 0.088492
0.042972 0.092673
0.044031 0.096953
0.045096 0.101333
0.046166 0.105812
0.047241 0.110390
0.048321 0.115068
0.049407 0.119846
0.050499 0.124724
0.051595 0.129701
0.052698 0.134779
0.053806 0.139958
0.054920 0.145237
0.056040 0.150617
0.057166 0.156098
0.058298 0.161680
0.059436 0.167363
0.060581 0.173148
0.061731 0.179031
0.062889 0.185026
0.064053 0.191111
0.065224 0.197309
0.066402 0.203408
0.067586 0.209798
0.068778 0.216291
0.069977 0.222887
0.071184 0.229618
0.072398 0.236390
0.073619 0.243331
0.074849 0.250344
0.076086 0.257461
0.077331 0.264685
0.078585 0.272014
0.079847 0.279449
0.081118 0.286991
0.082398 0.294641
0.083686 0.302398
0.084984 0.310263
0.086291 0.318237
0.087608 0.326321
0.088935 0.334514
0.090271 0.342818
0.091618 0.351235
0.092975 0.359763
0.094343 0.368406
0.095722 0.377162
0.097112 0.386035
0.098514 0.395022
0.099928 0.404127
0.101353 0.413350
0.102791 0.422692
0.104242 0.432155
0.105707 0.441739
0.107184 0.451447
0.108676 0.461280
0.110181 0.471239
0.111702 0.481327
0.113237 0.491544
0.114788 0.501893
0.116356 0.512374
0.117939 0.522992
0.119540 0.533747
0.121159 0.544642
0.122796 0.555679
0.124452 0.566861
0.126127 0.578192
0.127823 0.589673
0.129540 0.601309
0.131278 0.613102
0.133040 0.625056
0.134825 0.637175
0.136635 0.649464
0.138470 0.661928
0.140332 0.674572
0.142222 0.687400
0.144142 0.700420
0.146092 0.713640
0.148074 0.727065
0.150091 0.740702
0.152143 0.754560
0.154232 0.768646
0.156362 0.782972
0.158534 0.797548
0.160750 0.812387
0.163014 0.827501
0.165329 0.842906
0.167699 0.858618
0.170127 0.874656
0.172618 0.891042
0.175178 0.907800
0.177811 0.924957
0.180526 0.942545
0.183330 0.960603
0.186232 0.979174
0.189244 0.998309
0.192379 1.018072
0.195654 1.038540
0.199089 1.059808
0.202709 1.081997
0.206550 1.105054
0.210656 1.129600
0.215093 1.155733
0.219955 1.183894
0.225395 1.214786
0.231685 1.249669
0.239425 1.291378
0.250666 1.349179
