-1.857089 3.488824
-1.775606 3.182676
-1.719504 2.980072
-1.673903 2.820303
-1.634472 2.685704
-1.599229 2.568189
-1.567069 2.463302
-1.537301 2.368120
-1.509461 2.280799
-1.483215 2.199983
-1.458318 2.124669
-1.434580 2.054085
-1.411855 1.987628
-1.390021 1.924811
-1.368983 1.865235
-1.348658 1.808570
-1.328978 1.754539
-1.309887 1.702906
-1.291334 1.653468
-1.273276 1.606048
-1.255675 1.560494
-1.238498 1.516671
-1.221717 1.474458
-1.205304 1.433751
-1.189237 1.394453
-1.173495 1.356479
-1.158059 1.319752
-1.142911 1.284202
-1.128036 1.249766
-1.113420 1.216384
-1.099050 1.184005
-1.084913 1.152579
-1.070999 1.122060
-1.057297 1.092409
-1.043799 1.063585
-1.030495 1.035553
-1.017377 1.008280
-1.004437 0.981735
-0.991669 0.955888
-0.979065 0.930757
-0.966620 0.906228
-0.954328 0.882321
-0.942183 0.859015
-0.930180 0.836289
-0.918314 0.814121
-0.906581 0.792494
-0.894976 0.771391
-0.883496 0.750793
-0.872135 0.730685
-0.860891 0.711053
-0.849760 0.691881
-0.838739 0.673157
-0.827824 0.654866
-0.817012 0.636998
-0.806302 0.619540
-0.795689 0.602480
-0.785171 0.585808
-0.774746 0.569515
-0.764411 0.553589
-0.754164 0.538022
-0.744003 0.522804
-0.733925 0.507928
-0.723930 0.493384
-0.714013 0.479165
-0.704175 0.465263
-0.694412 0.451670
-0.684724 0.438381
-0.675108 0.425387
-0.665564 0.412682
-0.656088 0.400260
-0.646681 0.388116
-0.637340 0.376242
-0.628065 0.364634
-0.618852 0.353285
-0.609703 0.342191
-0.600615 0.331347
-0.591586 0.320747
-0.582617 0.310387
-0.573705 0.300261
-0.564849 0.290367
-0.556050 0.280699
-0.547304 0.271253
-0.538613 0.262025
-0.529973 0.253011
-0.521386 0.244207
-0.512849 0.235610
-0.504361 0.227216
-0.495923 0.219021
-0.487533 0.211022
-0.479190 0.203216
-0.470893 0.195599
-0.462643 0.188168
-0.454437 0.180921
-0.446275 0.173854
-0.438157 0.166992
-0.430082 0.160276
-0.422049 0.153732
-0.414057 0.147357
-0.406107 0.141149
-0.398196 0.135105
-0.390326 0.129222
-0.382494 0.123499
-0.374701 0.117932
-0.366946 0.112520
-0.359228 0.107260
-0.351547 0.102151
-0.343902 0.097189
-0.336293 0.092373
-0.328719 0.087702
-0.321181 0.083172
-0.313676 0.078781
-0.306206 0.074529
-0.298768 0.070414
-0.291364 0.066432
-0.283993 0.062583
-0.276653 0.058865
-0.269345 0.055276
-0.262069 0.051815
-0.254823 0.048480
-0.247608 0.045268
-0.240423 0.042180
-0.233268 0.039212
-0.226142 0.036365
-0.219045 0.033635
-0.211977 0.031023
-0.204938 0.028526
-0.197926 0.026143
-0.190942 0.023872
-0.183985 0.021713
-0.177055 0.019664
-0.170152 0.017723
-0.163275 0.015890
-0.156425 0.014164
-0.149600 0.012542
-0.142801 0.011025
-0.136027 0.009610
-0.129278 0.008297
-0.122553 0.007084
-0.115853 0.005971
-0.109177 0.004956
-0.102525 0.004038
-0.095897 0.003217
-0.089292 0.002491
-0.082710 0.001859
-0.076151 0.001320
-0.069615 0.000874
-0.063101 0.000519
-0.056609 0.000254
-0.050140 0.000079
-0.043692 -0.000008
-0.040476 0.000000
-0.037260 -0.000007
-0.030812 0.000082
-0.024342 0.000259
-0.017851 0.000526
-0.011337 0.000884
-0.004801 0.001332
0.001758 0.001873
0.008340 0.002507
0.014945 0.003236
0.021573 0.004059
0.028225 0.004979
0.034901 0.005997
0.041601 0.007112
0.048326 0.008327
0.055075 0.009642
0.061849 0.011059
0.068648 0.012579
0.075473 0.014203
0.082323 0.015932
0.089200 0.017767
0.096103 0.019709
0.103033 0.021760
0.109990 0.023922
0.116974 0.026194
0.123986 0.028548
0.131026 0.031047
0.138094 0.033660
0.145190 0.036390
0.152316 0.039239
0.159471 0.042207
0.166656 0.045296
0.173872 0.048508
0.181117 0.051844
0.188394 0.055305
0.195701 0.058894
0.203041 0.062612
0.210413 0.066461
0.217817 0.070443
0.225254 0.074558
0.232724 0.078810
0.240229 0.083199
0.247768 0.087729
0.255341 0.092400
0.262950 0.097214
0.270595 0.102175
0.278276 0.107283
0.285994 0.112541
0.293749 0.117951
0.301542 0.123516
0.309374 0.129237
0.317245 0.135117
0.325155 0.141159
0.333106 0.147364
0.341097 0.153736
0.349130 0.160276
0.357205 0.166989
0.365323 0.173875
0.373485 0.180939
0.381691 0.188182
0.389942 0.195609
0.398238 0.203222
0.406581 0.211023
0.414971 0.219017
0.423410 0.227207
0.431897 0.235596
0.440434 0.244187
0.449022 0.252985
0.457661 0.261992
0.466353 0.271213
0.475098 0.280652
0.483898 0.290312
0.492753 0.300198
0.501665 0.310314
0.510634 0.320666
0.519663 0.331256
0.528751 0.342090
0.537901 0.353174
0.547113 0.364511
0.556388 0.376108
0.565729 0.387970
0.575137 0.400102
0.584612 0.412511
0.594157 0.425202
0.603772 0.438181
0.613461 0.451456
0.623223 0.465033
0.633062 0.478919
0.642978 0.493121
0.652974 0.507647
0.663051 0.522506
0.673212 0.537704
0.683459 0.553251
0.693794 0.569156
0.704219 0.585429
0.714737 0.602078
0.725350 0.619114
0.736061 0.636548
0.746872 0.654392
0.757787 0.672656
0.768808 0.691353
0.779939 0.710496
0.791183 0.730099
0.802544 0.750176
0.814025 0.770742
0.825629 0.791813
0.837363 0.813406
0.849228 0.835537
0.861231 0.858227
0.873376 0.881494
0.885668 0.905360
0.898113 0.929847
0.910717 0.954979
0.923485 0.980781
0.936425 1.007280
0.949543 1.034505
0.962847 1.062487
0.976346 1.091164
0.990047 1.120759
1.003961 1.151218
1.018098 1.182583
1.032468 1.214898
1.047084 1.248212
1.061959 1.282577
1.077107 1.318054
1.092543 1.354703
1.108286 1.392596
1.124353 1.431808
1.140765 1.472426
1.157547 1.514544
1.174723 1.558268
1.192324 1.603717
1.210382 1.651025
1.228935 1.700346
1.248027 1.751855
1.267706 1.805754
1.288031 1.862277
1.309069 1.921703
1.330903 1.984359
1.353629 2.050642
1.377366 2.121037
1.402263 2.196148
1.428509 2.276741
1.456350 2.363818
1.486117 2.458726
1.518277 2.563360
1.553520 2.680478
1.592951 2.814664
1.638552 2.973931
1.694654 3.175878
1.776137 3.480993
