-1.857873 3.480569
-1.774343 3.175197
-1.716833 2.973097
-1.670086 2.813718
-1.629665 2.679445
-1.593537 2.562210
-1.560569 2.457520
-1.530054 2.362564
-1.501514 2.275446
-1.474609 2.194819
-1.449087 2.119678
-1.424753 2.049257
-1.401457 1.982952
-1.379075 1.920276
-1.357508 1.860835
-1.336673 1.804297
-1.316499 1.750387
-1.296928 1.698868
-1.277909 1.649539
-1.259397 1.602224
-1.241354 1.556770
-1.223747 1.513042
-1.206544 1.470922
-1.189719 1.430302
-1.173249 1.391089
-1.157111 1.353197
-1.141287 1.316549
-1.125759 1.281075
-1.110510 1.246712
-1.095527 1.213402
-1.080796 1.181091
-1.066304 1.149732
-1.052040 1.119278
-1.037995 1.089689
-1.024157 1.060925
-1.010519 1.032952
-0.997071 1.005737
-0.983807 0.979247
-0.970718 0.953455
-0.957798 0.928334
-0.945040 0.903857
-0.932439 0.880003
-0.919989 0.856747
-0.907685 0.834070
-0.895521 0.811951
-0.883493 0.790372
-0.871597 0.769314
-0.859828 0.748762
-0.848182 0.728700
-0.836656 0.709112
-0.825245 0.689983
-0.813947 0.671302
-0.802758 0.653053
-0.791675 0.635285
-0.780695 0.617866
-0.769816 0.600845
-0.759034 0.584212
-0.748347 0.567956
-0.737752 0.552068
-0.727248 0.536537
-0.716832 0.521356
-0.706501 0.506514
-0.696254 0.492006
-0.686089 0.477821
-0.676004 0.463953
-0.665996 0.450456
-0.656064 0.437198
-0.646207 0.424235
-0.636423 0.411561
-0.626710 0.399169
-0.617066 0.387054
-0.607490 0.375209
-0.597982 0.363630
-0.588538 0.352309
-0.579159 0.341243
-0.569842 0.330426
-0.560587 0.319853
-0.551392 0.309519
-0.542257 0.299420
-0.533179 0.289552
-0.524158 0.279909
-0.515193 0.270487
-0.506283 0.261284
-0.497427 0.252293
-0.488624 0.243513
-0.479872 0.234939
-0.471172 0.226567
-0.462522 0.218394
-0.453921 0.210417
-0.445368 0.202632
-0.436863 0.195036
-0.428405 0.187625
-0.419993 0.180398
-0.411627 0.173350
-0.403305 0.166480
-0.395027 0.159783
-0.386792 0.153258
-0.378600 0.146902
-0.370450 0.140712
-0.362341 0.134685
-0.354272 0.128820
-0.346244 0.123113
-0.338255 0.117563
-0.330305 0.112167
-0.322393 0.106923
-0.314519 0.101828
-0.306682 0.096882
-0.298882 0.092080
-0.291119 0.087422
-0.283390 0.082906
-0.275697 0.078529
-0.268039 0.074289
-0.260415 0.070186
-0.252825 0.066216
-0.245269 0.062379
-0.237745 0.058672
-0.230253 0.055094
-0.222794 0.051643
-0.215367 0.048318
-0.207970 0.045116
-0.200605 0.042037
-0.193270 0.039079
-0.185965 0.036240
-0.178690 0.033519
-0.171445 0.030914
-0.164228 0.028424
-0.157040 0.026048
-0.149881 0.023785
-0.142749 0.021632
-0.135645 0.019589
-0.128569 0.017681
-0.121519 0.015853
-0.114497 0.014131
-0.107500 0.012514
-0.100530 0.011000
-0.093586 0.009589
-0.086668 0.008279
-0.079774 0.007069
-0.072906 0.005959
-0.066063 0.004946
-0.059244 0.004031
-0.052449 0.003211
-0.045678 0.002487
-0.038931 0.001856
-0.032207 0.001319
-0.025507 0.000873
-0.018829 0.000518
-0.012175 0.000254
-0.005542 0.000079
0.001068 -0.000008
0.004364 0.000000
0.007661 -0.000007
0.014271 0.000081
0.020903 0.000258
0.027558 0.000524
0.034235 0.000880
0.040935 0.001327
0.047659 0.001866
0.054406 0.002498
0.061177 0.003224
0.067972 0.004045
0.074791 0.004962
0.081634 0.005976
0.088503 0.007088
0.095396 0.008299
0.102315 0.009611
0.109259 0.011024
0.116229 0.012539
0.123225 0.014158
0.130248 0.015881
0.137297 0.017711
0.144374 0.019648
0.151477 0.021693
0.158609 0.023848
0.165768 0.026093
0.172956 0.028471
0.180173 0.030962
0.187419 0.033569
0.194694 0.036292
0.201998 0.039133
0.209333 0.042094
0.216699 0.045175
0.224095 0.048379
0.231523 0.051707
0.238982 0.055160
0.246473 0.058740
0.253997 0.062449
0.261554 0.066289
0.269144 0.070261
0.276768 0.074367
0.284426 0.078609
0.292119 0.082988
0.299847 0.087507
0.307611 0.092168
0.315411 0.096972
0.323247 0.101921
0.331121 0.107019
0.339033 0.112265
0.346983 0.117664
0.354972 0.123217
0.363000 0.128927
0.371069 0.134795
0.379178 0.140824
0.387328 0.147018
0.395520 0.153377
0.403755 0.159905
0.412033 0.166605
0.420355 0.173478
0.428722 0.180529
0.437134 0.187760
0.445592 0.195174
0.454096 0.202773
0.462649 0.210562
0.471250 0.218542
0.479900 0.226719
0.488601 0.235094
0.497352 0.243672
0.506155 0.252456
0.515012 0.261450
0.523922 0.270657
0.532887 0.280083
0.541907 0.289730
0.550985 0.299602
0.560121 0.309705
0.569316 0.320043
0.578571 0.330620
0.587887 0.341442
0.597267 0.352512
0.606710 0.363837
0.616219 0.375421
0.625794 0.387270
0.635438 0.399390
0.645151 0.411786
0.654936 0.424465
0.664793 0.437433
0.674724 0.450696
0.684732 0.464261
0.694817 0.478136
0.704983 0.492327
0.715230 0.506843
0.725560 0.521691
0.735977 0.536880
0.746481 0.552417
0.757075 0.568313
0.767762 0.584467
0.778544 0.601106
0.789424 0.618132
0.800403 0.635556
0.811486 0.653390
0.822675 0.671645
0.833973 0.690333
0.845384 0.709468
0.856910 0.729064
0.868556 0.749134
0.880325 0.769693
0.892222 0.790757
0.904250 0.812344
0.916413 0.834471
0.928718 0.857156
0.941168 0.880419
0.953769 0.904282
0.966526 0.928766
0.979446 0.953896
0.992535 0.979696
1.005800 1.006194
1.019247 1.033419
1.032886 1.061400
1.046723 1.090173
1.060769 1.119771
1.075032 1.150234
1.089524 1.181604
1.104255 1.213924
1.119238 1.247244
1.134487 1.281618
1.150015 1.317102
1.165839 1.353761
1.181977 1.391665
1.198447 1.430890
1.215272 1.471470
1.232475 1.513601
1.250083 1.557340
1.268126 1.602805
1.286637 1.650133
1.305657 1.699474
1.325227 1.751005
1.345401 1.804929
1.366236 1.861480
1.387803 1.920936
1.410185 1.983627
1.433482 2.049948
1.457815 2.120386
1.483337 2.195544
1.510242 2.276191
1.538782 2.363328
1.569298 2.458306
1.602265 2.563021
1.638393 2.680282
1.678815 2.814585
1.725561 2.974000
1.783072 3.176144
1.866602 3.481582
