-0.803690 2.327225
-0.767753 2.057654
-0.743010 1.876919
-0.722898 1.733305
-0.705508 1.611860
-0.689964 1.505345
-0.675780 1.410128
-0.662652 1.323767
-0.650373 1.244724
-0.638798 1.171600
-0.627817 1.103655
-0.617348 1.040077
-0.607325 0.980627
-0.597696 0.924739
-0.588417 0.872067
-0.579453 0.822324
-0.570774 0.775268
-0.562354 0.730692
-0.554171 0.688419
-0.546207 0.648293
-0.538444 0.610179
-0.530869 0.573958
-0.523467 0.539705
-0.516229 0.506941
-0.509143 0.475783
-0.502200 0.446153
-0.495392 0.417980
-0.488711 0.391198
-0.482151 0.365655
-0.475704 0.341491
-0.469367 0.318551
-0.463132 0.296980
-0.456995 0.276324
-0.450952 0.256754
-0.444999 0.238238
-0.439131 0.220733
-0.433346 0.204203
-0.427639 0.188612
-0.422008 0.173926
-0.416449 0.160114
-0.410960 0.147144
-0.405539 0.134985
-0.400183 0.123608
-0.394889 0.112983
-0.389656 0.103082
-0.384481 0.093875
-0.379363 0.085337
-0.374299 0.077439
-0.369289 0.070155
-0.364330 0.063458
-0.359421 0.057322
-0.354560 0.051722
-0.349746 0.046631
-0.344978 0.041819
-0.340254 0.037656
-0.335573 0.033928
-0.330934 0.030612
-0.326337 0.027685
-0.321779 0.025122
-0.317259 0.022903
-0.312778 0.021004
-0.308333 0.019404
-0.303925 0.018082
-0.299551 0.017017
-0.295212 0.016191
-0.290907 0.015583
-0.286634 0.015175
-0.282393 0.014948
-0.278183 0.014886
-0.274004 0.014971
-0.269855 0.015188
-0.265736 0.015522
-0.261645 0.015958
-0.257582 0.016483
-0.253547 0.017083
-0.249538 0.017746
-0.245556 0.018461
-0.241600 0.019216
-0.237670 0.020002
-0.233765 0.020809
-0.229883 0.021628
-0.226027 0.022451
-0.222193 0.023270
-0.218383 0.024078
-0.214595 0.024869
-0.210830 0.025637
-0.207087 0.026377
-0.203365 0.027083
-0.199665 0.027751
-0.195985 0.028378
-0.192326 0.028960
-0.188688 0.029493
-0.185068 0.029976
-0.181469 0.030406
-0.177889 0.030782
-0.174327 0.031101
-0.170784 0.031362
-0.167260 0.031565
-0.163753 0.031709
-0.160264 0.031793
-0.156793 0.031817
-0.153339 0.031783
-0.149902 0.031689
-0.146482 0.031537
-0.143078 0.031327
-0.139690 0.031060
-0.136318 0.030738
-0.132963 0.030362
-0.129622 0.029933
-0.126298 0.029453
-0.122988 0.028924
-0.119693 0.028348
-0.116413 0.027726
-0.113147 0.027062
-0.109896 0.026357
-0.106659 0.025614
-0.103436 0.024835
-0.100227 0.024022
-0.097031 0.023180
-0.093849 0.022310
-0.090681 0.021415
-0.087525 0.020499
-0.084382 0.019564
-0.081252 0.018613
-0.078135 0.017848
-0.075030 0.016863
-0.071938 0.015873
-0.068857 0.014881
-0.065789 0.013891
-0.062733 0.012905
-0.059688 0.011927
-0.056655 0.010961
-0.053634 0.009907
-0.050624 0.008986
-0.047625 0.008089
-0.044638 0.007218
-0.041661 0.006378
-0.038695 0.005572
-0.035740 0.004989
-0.032796 0.004235
-0.029862 0.003529
-0.026939 0.002962
-0.024026 0.002345
-0.021123 0.001791
-0.018230 0.001304
-0.015348 0.000951
-0.012475 0.000584
-0.009612 0.000302
-0.006758 0.000110
-0.003915 0.000022
-0.002496 0.000000
-0.001078 0.000023
0.001766 0.000118
0.004619 0.000333
0.007482 0.000666
0.010355 0.001124
0.013238 0.001606
0.016131 0.002291
0.019033 0.003114
0.021946 0.003976
0.024870 0.005071
0.027804 0.006091
0.030748 0.007457
0.033703 0.008992
0.036669 0.010703
0.039645 0.012598
0.042633 0.014824
0.045631 0.017136
0.048641 0.019660
0.051663 0.022198
0.054696 0.025147
0.057740 0.028334
0.060796 0.031769
0.063865 0.035462
0.066945 0.039421
0.070037 0.043658
0.073142 0.048181
0.076260 0.053002
0.079389 0.058130
0.082532 0.063730
0.085688 0.069518
0.088857 0.075644
0.092039 0.081918
0.095234 0.088736
0.098444 0.095922
0.101667 0.103489
0.104904 0.111445
0.108155 0.119800
0.111420 0.128566
0.114700 0.137834
0.117995 0.147457
0.121305 0.157521
0.124630 0.168034
0.127970 0.179008
0.131326 0.190451
0.134697 0.202372
0.138085 0.214780
0.141489 0.227685
0.144909 0.241095
0.148346 0.255017
0.151800 0.269462
0.155272 0.284435
0.158761 0.299946
0.162267 0.316001
0.165792 0.332609
0.169334 0.349573
0.172896 0.367305
0.176476 0.385610
0.180076 0.404497
0.183695 0.423972
0.187334 0.444240
0.190993 0.464909
0.194672 0.485983
0.198373 0.507869
0.202094 0.530454
0.205838 0.553596
0.209603 0.577375
0.213390 0.601797
0.217201 0.626660
0.221034 0.652416
0.224891 0.678748
0.228772 0.705733
0.232677 0.733378
0.236608 0.761659
0.248554 0.850452
0.252589 0.881430
0.256652 0.913101
0.260743 0.945461
0.264863 0.978514
0.269012 1.012272
0.273191 1.046802
0.277400 1.081981
0.281641 1.117872
0.285914 1.154279
0.290220 1.191606
0.294559 1.229665
0.298932 1.268506
0.303341 1.308053
0.307785 1.348355
0.312267 1.389417
0.316786 1.431247
0.321344 1.473854
0.325942 1.517246
0.330581 1.561435
0.335261 1.606426
0.339985 1.652233
0.344753 1.698862
0.349567 1.746330
0.354428 1.794646
0.359337 1.843823
0.364296 1.893875
0.369307 1.944813
0.374370 1.996660
0.379488 2.049429
0.384663 2.103138
0.389896 2.157807
0.395190 2.213455
0.400546 2.270105
0.405968 2.327781
0.411456 2.386508
0.417015 2.446312
0.422646 2.507223
0.428353 2.569272
0.434139 2.632491
0.440006 2.696917
0.445960 2.762589
0.452003 2.829549
0.458139 2.897844
0.464374 2.967521
0.470712 3.038635
0.477158 3.111036
0.483718 3.185192
0.490399 3.260977
0.497207 3.338471
0.504150 3.417758
0.511236 3.498933
0.518475 3.582103
0.525876 3.667383
0.533452 3.754907
0.541214 3.844822
0.549178 3.937298
0.557361 4.032525
0.565781 4.130723
0.574460 4.232275
0.583424 4.337091
0.592703 4.445906
0.602333 4.559007
0.612356 4.676893
0.622825 4.800179
0.633805 4.929626
0.645380 5.066205
0.657659 5.211342
0.670788 5.366267
0.684972 5.533954
0.700515 5.717683
0.717906 5.922957
0.738017 6.160319
0.762760 6.451922
0.798698 6.874233
