0.108564 0.233823
-0.207686 -0.212008
-0.173765 -0.479549
-0.595634 -1.537648
-0.190904 -0.904841
-0.256853 -0.625005
0.193298 0.611888
-0.143867 -0.765877
0.367813 1.073442
0.354423 1.371650
0.051541 0.074372
-0.181388 -0.366113
-1.117929 -0.800961
0.194972 0.656482
-0.315258 -0.531370
-0.014373 -0.040575
-0.294565 -0.746988
-0.142333 -0.600080
-0.102227 -0.766493
0.526080 1.647722
-0.171397 -0.784298
-0.528077 -0.870517
0.835734 1.762729
0.101106 0.336619
-0.490179 -1.299854
0.196910 1.177930
-0.188430 -0.351358
-0.422178 -0.981296
0.170642 0.296327
0.108881 1.043939
-0.119975 -0.641634
0.043074 0.151392
-0.010692 -0.017621
-0.148141 -0.963952
0.352573 0.829424
-0.072990 -0.282613
0.203872 1.301476
0.600683 1.166663
0.146623 1.086686
0.177205 0.969973
-0.082727 -0.169801
0.094072 0.630357
0.076123 0.420340
-0.436917 -0.583439
-0.041716 -0.252068
-0.148573 -0.485503
-0.147618 -0.504269
-0.217122 -0.739012
0.255379 1.677417
-0.095653 -0.720447
