-0.046926 -0.997073
-0.032493 -0.745862
0.016151 0.268533
-0.044723 -0.626179
0.018477 0.503168
0.113374 0.772115
0.091984 0.660957
-0.033753 -0.471185
-0.043126 -0.874470
-0.036032 -0.634498
-0.052582 -0.395225
-0.068678 -1.410711
0.079931 1.044723
-0.148019 -1.756366
0.003749 0.039860
-0.009800 -0.286085
0.116749 0.924506
0.003035 0.082923
-0.049774 -0.824330
-0.140662 -1.767715
0.015302 0.210587
0.000602 0.010612
0.096919 0.982709
0.061975 1.076449
-0.018091 -0.245368
0.006207 0.070420
-0.185385 -2.028680
0.043763 0.839422
-0.178863 -1.534777
-0.088528 -1.301995
-0.032505 -0.871594
-0.075182 -0.737956
0.016980 0.238823
0.327907 1.091617
0.014645 0.273942
0.020727 0.376137
-0.012559 -0.375677
-0.013447 -0.285462
0.049747 0.798802
-0.021630 -0.732038
-0.070318 -1.467981
-0.018129 -0.239422
0.029789 0.370731
-0.152938 -1.628097
-0.075476 -0.956221
0.058458 0.506713
-0.033726 -0.569194
-0.042788 -0.661911
-0.036506 -0.464838
0.003593 0.068275
