0.158735 0.580990
0.034923 0.048636
-0.047727 -0.138531
0.114282 0.350402
-0.151474 -0.386445
-0.495032 -1.387917
0.134546 0.470799
-0.241500 -0.711521
0.226766 0.615645
-0.626854 -1.309732
0.021329 0.029765
0.032278 0.068107
0.605469 0.768741
-0.471854 -0.701086
0.074079 0.240861
-0.271334 -0.946996
-0.596809 -1.921642
-0.156881 -0.520578
-0.272094 -1.316730
0.335700 1.088553
-0.306309 -1.552728
0.059023 0.196644
0.664666 1.385487
-0.063147 -0.203857
-0.009029 -0.031015
0.129367 0.709668
-0.139502 -0.217719
-0.752530 -1.820059
-0.777668 -1.505962
-0.006023 -0.057622
-0.225114 -0.899380
-0.240828 -0.995167
0.249926 0.896328
-0.419632 -1.500643
0.385756 0.970563
0.022974 0.111032
0.060264 0.384080
0.324148 0.584777
-0.460317 -2.080706
0.080174 0.438089
-0.588981 -0.906874
-0.068237 -0.455447
-0.004868 -0.031669
-0.495798 -0.433118
-0.190376 -1.113434
-0.348632 -0.640344
-0.436228 -0.810669
-0.510697 -0.779485
0.077922 0.515313
-0.250540 -1.770912
