-0.153258 -0.676923
-0.600215 -0.418111
-0.166301 -0.371965
-0.735553 -1.682863
-0.202593 -0.891030
-0.271440 -1.070900
0.044030 0.075101
-0.170027 -0.842936
-0.750860 -1.300135
-0.427345 -0.818483
-0.220519 -0.232764
-0.129568 -0.265120
-0.665612 -0.632776
0.286340 1.145504
-0.207177 -0.365123
-0.070360 -0.200514
-0.387130 -1.200949
-0.152497 -0.552251
-0.124748 -0.784539
0.435920 1.399751
-0.182662 -0.922513
-0.001037 -0.002363
0.767399 1.645873
0.040453 0.127255
0.186825 0.758483
0.160214 0.951069
-0.111287 -0.141269
-0.380960 -0.974012
0.143004 0.178992
0.068247 0.652833
0.073695 0.303126
-0.125561 -0.658531
0.316155 1.146370
-0.226249 -1.112704
-0.949865 -1.641780
-0.015926 -0.060336
0.221235 1.328771
0.703068 1.369846
0.041832 0.285596
0.224383 1.203750
-0.398508 -0.827709
0.030606 0.183766
-0.278538 -1.101599
-0.735798 -0.661310
-0.089997 -0.579243
-0.210332 -0.757044
0.149607 0.495022
-0.198840 -0.465333
0.203114 1.367963
-0.158570 -0.892853
