-0.719061 -4.488040
-0.049121 -0.257397
-0.400277 -1.601188
0.182895 0.962524
-0.074851 -0.573858
-0.064816 -0.201635
-0.067552 -0.106015
0.264924 1.285262
-0.888926 -5.295756
-0.397424 -0.964424
0.070587 0.444366
0.060221 0.322715
0.192882 0.764412
-0.125745 -0.580183
-0.071114 -0.458913
-0.400001 -0.852839
-0.044095 -0.131395
-0.400014 -0.782222
-0.035828 -0.089493
0.048754 0.314391
-0.399999 -1.408851
0.187107 0.965009
0.075110 0.491965
-0.371766 -0.422576
0.222967 1.055381
-0.025768 -0.154534
-0.000880 -0.005956
0.018201 0.117714
0.088818 0.477954
-0.028568 -0.171055
-0.118982 -0.603911
0.214004 0.982082
0.107587 0.586224
-0.400035 -0.933137
-0.758966 -6.998714
0.208677 1.143425
-0.038358 -0.232535
0.349303 1.374837
-0.051992 -0.238182
0.197468 0.742544
-0.550914 -0.603184
-0.009500 -0.052008
-0.025955 -0.180545
-0.029298 -0.162984
0.015534 0.064147
-0.118384 -0.683959
0.128491 0.575363
-0.081525 -0.358664
0.073092 0.562670
-0.026929 -0.072411
