0.159714 0.966366
-0.513197 -0.632776
-0.190667 -0.585792
-0.647390 -1.579289
-0.169595 -0.795040
-0.190834 -0.601228
0.363744 1.390362
-0.027759 -0.106629
0.387045 1.170167
-0.368725 -0.770200
-0.201189 -0.255327
-0.124235 -0.250650
-0.604650 -0.539687
0.324570 1.327395
-0.195987 -0.491666
0.094093 0.315562
-0.341908 -0.759553
-0.148197 -0.558117
-0.006314 -0.035102
0.447015 1.507624
-0.118057 -0.509246
0.029042 0.070263
0.788063 1.738823
-0.014140 -0.048994
-0.496143 -1.380317
0.175963 1.076908
-0.196029 -0.398403
-0.378760 -0.944018
-0.595511 -0.989658
0.061064 0.514994
0.159555 0.734391
0.016396 0.052775
0.341083 1.302075
-0.143224 -0.920693
0.342652 0.812731
-0.065598 -0.239039
0.201340 1.293716
0.591534 1.211293
0.110832 0.845307
0.223790 1.275059
-0.087159 -0.180258
0.141155 1.057115
-0.369703 -1.455901
-0.414408 -0.610612
-0.005273 -0.030410
-0.153462 -0.527701
-0.409371 -0.629362
-0.164580 -0.544077
0.190211 1.398457
-0.131994 -0.867781
