-0.176573 -1.265482
0.038499 0.402751
-0.009987 -0.297288
-0.073608 -0.808527
-0.049761 -1.230682
0.018722 0.203934
-0.038411 -0.442022
-0.105964 -0.948077
-0.004382 -0.073690
0.049404 0.504213
-0.051250 -0.847646
-0.069852 -0.913137
0.001717 0.011711
-0.040524 -0.888878
-0.050846 -1.040699
0.016939 0.153288
0.063288 0.392978
-0.058924 -0.872577
-0.021579 -0.238390
-0.063035 -1.009831
-0.004377 -0.082923
0.057950 0.373911
-0.031442 -0.612631
0.247659 0.674240
-0.115924 -0.974564
0.085795 0.164120
-0.015936 -0.346435
0.032592 0.437514
-0.094836 -1.058637
-0.027702 -0.560487
0.062729 0.614047
-0.142715 -1.171354
0.137605 0.257869
0.088487 0.740307
-0.001406 -0.058280
0.042239 0.245540
0.004946 0.090371
-0.030693 -0.205853
-0.000967 -0.017870
-0.182103 -1.199323
0.000942 0.010698
-0.047041 -0.754024
-0.019166 -0.452629
-0.009223 -0.180151
-0.031554 -0.396867
0.160768 1.005967
-0.002350 -0.025832
0.065441 0.568845
-0.006971 -0.208618
-0.070521 -0.725882
