-0.233550 -2.322611
-0.449911 -2.220239
-0.039350 -0.165578
0.418164 2.912568
0.456832 1.015282
-0.262915 -0.652302
-0.036551 -0.124102
0.160773 0.650185
0.105656 0.397520
-0.636109 -4.762367
0.598397 1.312926
0.651513 1.449823
-0.750624 -2.976994
-0.121321 -0.515999
-0.152094 -0.995484
0.331968 0.590768
-0.517756 -1.655805
0.415446 0.816211
-0.065687 -0.167272
-0.933683 -3.763874
-0.127434 -0.496775
-0.262882 -0.874731
-1.003402 -2.093193
-0.526598 -1.986286
0.138235 0.557389
0.055532 0.228335
0.030019 0.488687
-0.322903 -0.617328
-0.232011 -1.557729
-0.029265 -0.085870
-0.305763 -1.306543
0.361016 0.985182
-0.425325 -2.380892
-0.292175 -0.806862
0.757550 1.305108
-0.718456 -0.955596
0.220953 0.592157
0.061405 0.304401
-0.476010 -1.317850
-0.001013 -0.004190
-0.353155 -0.509094
-0.895018 -2.804971
0.293978 0.807031
0.080603 0.266170
0.053247 0.156562
-0.032727 -0.066275
-0.034714 -0.171033
-0.652870 -1.588104
0.290597 0.895712
-0.106880 -0.379287
