-0.021397 -0.213904
0.017218 0.101057
0.038032 0.278182
-0.099379 -1.091249
-0.077338 -0.865598
-0.236385 -1.047851
-0.197810 -0.517971
0.276029 1.102024
0.292771 1.002251
0.331252 1.194156
0.048932 0.284478
0.420449 1.454254
0.021440 0.153824
0.286389 1.070268
0.105926 0.610078
-0.027490 -0.240717
-0.173155 -0.401963
0.430704 1.240321
-0.385824 -3.633368
-0.497870 -3.112918
-0.274289 -1.231800
-0.150984 -1.132949
-0.510538 -1.038112
-0.358281 -0.726168
0.396342 1.437060
0.129136 0.769160
0.507869 1.632885
-0.247507 -1.523589
-0.019846 -0.234977
0.175516 0.757477
-0.073327 -0.973290
0.768964 1.539323
-0.012081 -0.078144
0.014217 0.116883
-0.090904 -0.287933
-0.018934 -0.113382
0.043058 0.243567
-0.123105 -0.446843
0.170644 0.613100
-0.006575 -0.036693
0.116156 0.853921
0.271268 1.384689
-0.101785 -0.850326
0.214712 1.139104
0.143345 0.701265
-0.072431 -0.171092
-0.089353 -0.813484
0.028723 0.183814
0.342365 1.176393
-0.156062 -0.339819
