0.244173 0.796497
-0.566431 -0.613493
-0.180979 -0.487691
-0.623562 -1.533093
-0.173189 -0.825832
-0.276310 -0.634469
0.334064 1.234639
-0.126727 -0.606616
0.336183 0.908018
-0.385490 -0.792817
-0.261086 -0.338903
-0.093385 -0.178080
-0.619718 -0.626181
0.236150 0.909694
-0.053577 -0.074975
-0.063643 -0.185633
-0.279450 -0.817035
-0.145490 -0.504326
-0.083383 -0.523990
0.513826 1.601839
-0.137965 -0.690957
0.093806 0.266572
0.808829 1.705972
-0.091485 -0.341226
-0.472243 -1.125343
0.203488 1.197693
-0.108443 -0.182346
-0.438225 -0.877331
0.371409 0.986950
0.110510 1.060533
0.139939 0.595320
0.050260 0.181984
0.485537 1.644324
-0.146287 -0.979873
0.308934 0.637278
-0.049322 -0.170000
0.195935 1.250542
0.705988 1.388066
0.101936 0.732617
0.150370 0.795703
-0.046339 -0.095225
-0.033075 -0.167530
-0.326256 -1.311786
-0.432605 -0.591700
-0.039206 -0.234641
-0.186498 -0.689229
0.108573 0.271195
-0.169126 -0.572839
0.235588 1.584187
-0.119984 -0.676129
