-0.094539 -0.993127
-0.050656 -0.570398
-0.071034 -1.186915
-0.017396 -0.116870
-0.143865 -4.477157
0.054083 0.454692
0.324581 1.560015
0.008367 0.040584
-0.047206 -0.416393
-0.041112 -0.279358
-0.123341 -2.010462
-0.104102 -1.108060
0.002437 0.011247
-0.066978 -0.872908
-0.139525 -3.309484
0.296368 1.562444
0.076854 0.401596
-0.040220 -0.440862
-0.000623 -0.004921
-0.149545 -2.821349
-0.028791 -0.263696
0.319881 1.510619
-0.090304 -1.246226
0.288020 1.156508
0.437538 1.576151
0.045396 0.140747
-0.098776 -1.442541
-0.004373 -0.038622
-0.011838 -0.102822
-0.061478 -0.690868
-0.056914 -0.753659
-0.174543 -1.792678
0.099700 0.623747
0.048325 0.407274
-0.140697 -4.795757
0.137586 0.967250
0.056996 0.517944
0.115334 0.411673
0.091132 0.573041
-0.073213 -0.514271
0.052547 0.274352
-0.061587 -0.645852
-0.089359 -1.220516
-0.073495 -0.830440
-0.035278 -0.273263
-0.034950 -0.534451
0.047619 0.264043
-0.010248 -0.097240
-0.164263 -5.094842
0.088969 0.520791
