-0.297369 -0.681872
-0.534004 -0.468021
-0.157669 -0.406712
-0.649039 -1.583364
-0.172117 -0.816455
-0.265280 -0.669992
0.323816 1.203252
-0.120091 -0.585677
0.348554 0.992892
-0.387733 -0.800952
-0.211265 -0.259578
-0.087761 -0.166420
-0.586646 -0.591436
0.225510 0.842207
-0.090943 -0.137275
-0.027700 -0.078465
-0.276947 -0.812661
-0.145873 -0.532305
-0.084970 -0.534803
0.495213 1.591254
-0.140566 -0.709887
0.084358 0.221808
0.824108 1.742824
-0.078907 -0.292831
-0.483191 -1.150149
0.195360 1.166220
-0.187118 -0.352053
-0.432495 -0.884582
0.396469 1.067442
0.105801 0.998847
0.113252 0.465076
0.054450 0.213831
0.467472 1.612770
-0.146012 -0.960935
0.385444 0.905070
-0.070910 -0.239831
0.190518 1.181080
0.723931 1.418013
0.104882 0.762839
0.171461 0.917508
-0.046648 -0.092602
-0.005303 -0.027331
-0.337215 -1.337230
-0.432764 -0.595551
-0.040960 -0.242421
-0.178874 -0.635267
0.108041 0.269092
-0.172587 -0.586776
0.244704 1.631355
-0.121005 -0.681866
