-0.012356 -0.162578
0.037194 0.319123
-0.012556 -0.157530
0.028246 0.288156
-0.004188 -0.050464
-0.046593 -0.749285
0.025409 0.267578
-0.057403 -1.036601
0.050570 0.451317
0.008990 0.102867
0.261818 1.216171
0.053018 0.444057
0.417375 1.440502
-0.021417 -0.289199
0.024805 0.262634
-0.010895 -0.137625
-0.075252 -1.458226
-0.057092 -0.871262
-0.095674 -2.548707
0.016189 0.174879
-0.045806 -0.736896
-0.023452 -0.301085
0.150810 0.992224
-0.030866 -0.434293
0.021797 0.237310
-0.057060 -1.056164
0.097449 0.711913
0.045356 0.419701
0.088575 0.701716
-0.105695 -3.610737
-0.064052 -1.132059
-0.047094 -0.806333
0.016231 0.174237
-0.113367 -3.249947
0.078514 0.615290
-0.065299 -1.233429
-0.049073 -0.844171
0.328672 1.422254
-0.062388 -1.250589
-0.045433 -0.771650
0.146477 0.962974
-0.055833 -1.046823
-0.069287 -1.442325
0.128232 0.794065
-0.073537 -1.610469
-0.010541 -0.125565
-0.009054 -0.112292
0.008155 0.089401
-0.054405 -1.033496
-0.081727 -1.915845
