-0.187834 -1.317861
0.011459 0.190755
-0.036654 -0.680325
-0.058136 -0.610268
-0.077314 -2.653236
0.013533 0.177015
0.015259 0.164512
-0.060110 -0.524820
-0.089036 -1.435364
-0.054753 -1.190396
-0.089228 -1.664584
-0.082211 -1.128786
-0.033239 -0.188945
-0.037253 -0.736353
-0.077248 -1.945977
-0.050013 -0.460507
0.335654 1.276768
-0.049470 -0.634639
0.081250 0.901912
-0.098116 -2.052699
0.032470 0.465636
0.114870 0.811156
-0.025001 -0.305958
0.133804 0.694722
-0.104449 -0.942587
0.031128 0.466674
-0.090288 -2.005620
0.016795 0.280082
-0.068664 -0.817881
-0.038287 -0.568629
-0.004024 -0.052133
-0.146289 -1.643321
0.165941 1.104028
0.110645 1.246941
-0.041278 -0.075609
0.107800 0.808092
0.312891 0.952641
0.025868 0.173197
-0.129020 -1.020102
-0.016289 -0.142203
-0.055970 -0.785544
-0.069464 -1.683980
0.018810 0.271959
-0.054658 -0.531398
0.180781 1.842214
0.000695 0.007514
-0.051828 -0.718777
-0.051739 -1.185094
0.007542 0.080599
