-0.099868 -3.314159
0.027185 0.156674
-0.071542 -0.487972
0.085398 0.374151
0.133706 0.547648
-0.204800 -2.860445
-0.056657 -0.374696
-0.191463 -2.481826
-0.056756 -0.376570
0.227488 0.873202
-0.167867 -1.720268
-0.111250 -0.871193
0.050153 0.240236
0.143510 0.568395
0.091034 0.403048
-0.043598 -0.275491
0.297126 0.910712
-0.070521 -0.482593
-0.067896 -0.515847
0.012337 0.066703
-0.187839 -2.413172
0.315941 0.927210
-0.043297 -0.271988
-0.041653 -0.285296
-0.099122 -0.838605
0.118435 0.487255
0.068921 0.365465
0.148937 0.652873
0.001651 0.008963
0.141877 0.561144
-0.024130 -0.142505
0.631880 1.245381
0.389999 1.166125
-0.227431 -3.365875
-0.069964 -0.476692
0.501242 1.181527
0.065565 0.307802
0.068684 0.316150
0.028435 0.162075
0.012544 0.067686
-0.059192 -0.440563
0.132706 0.535241
0.055652 0.301414
0.253796 0.933877
-0.055625 -0.406693
0.033155 0.169904
0.259924 0.849198
0.147305 0.571369
-0.081460 -0.656819
-0.214027 -2.897532
