-0.102929 -1.224593
0.153116 1.032890
-0.040209 -0.321572
0.003401 0.036961
-0.006464 -0.045730
-0.066288 -0.608596
0.039138 0.375211
-0.099814 -1.116499
0.077655 0.643539
0.013546 0.141180
0.388631 1.692835
0.048500 0.417900
0.516626 1.861548
-0.024436 -0.190021
-0.021105 -0.155632
0.034334 0.334236
-0.060572 -0.542218
-0.012877 -0.091363
-0.153362 -2.537073
0.041663 0.394872
-0.046721 -0.405069
0.054636 0.495497
0.196398 1.220659
-0.053899 -0.463206
-0.124829 -1.661873
0.067953 0.572312
0.030975 0.295591
0.103932 0.798954
-0.151373 -2.659839
-0.065547 -0.598112
-0.067018 -0.648425
0.017502 0.179869
-0.132049 -1.791595
0.179286 1.156918
-0.057502 -0.517541
-0.078993 -0.813640
0.266645 1.427581
-0.099212 -1.172375
-0.075139 -0.762074
0.101836 0.791802
-0.126842 -1.754609
-0.102556 -1.198341
0.322247 1.548806
-0.102953 -1.244652
-0.003461 -0.023836
0.023898 0.240001
0.021420 0.212803
-0.118150 -1.546490
-0.155958 -2.709397
