0.003673 0.023593
-0.143129 -0.922636
-0.261855 -2.230872
0.264042 1.353370
-0.090925 -0.866633
-0.114858 -0.564939
0.143919 0.804411
0.183012 0.888254
-0.031539 -0.179242
-0.066171 -0.535472
-0.022962 -0.139037
-0.032252 -0.161439
0.332650 1.322140
-0.120371 -1.001317
0.004681 0.048357
-0.678334 -1.074804
0.082073 0.498601
-0.264180 -1.257133
-0.011391 -0.046578
0.050768 0.407993
-0.679052 -3.052497
0.212723 1.101344
-0.037292 -0.241133
-0.378611 -0.682034
0.245045 1.134872
-0.060695 -0.391690
-0.005650 -0.036589
-0.621676 -3.130376
0.079381 0.478725
-0.031491 -0.206848
-0.126094 -1.033489
0.158880 0.707010
-0.040664 -0.192625
-0.435952 -1.793803
-0.073698 -0.722569
0.046362 0.247494
-0.072833 -0.514216
0.476465 1.572895
-0.085294 -0.531662
0.182411 0.633463
-0.593235 -0.987402
0.032783 0.262461
-0.029974 -0.214000
-0.197984 -1.351876
0.011741 0.062543
-0.133891 -1.142407
0.156292 0.782185
-0.087282 -0.560039
-0.112201 -1.045441
-0.126708 -0.511080
