0.226379 1.178483
-0.540480 -0.477653
-0.181996 -0.503488
-0.653921 -1.543505
-0.170663 -0.809886
-0.293374 -0.769618
0.330225 1.237378
-0.125650 -0.574065
0.334434 0.954348
-0.378048 -0.823549
-0.232881 -0.301089
-0.126167 -0.247613
-0.673972 -0.644579
0.234819 0.899977
-0.269842 -0.539332
-0.018102 -0.049833
-0.275266 -0.850270
-0.124946 -0.443202
-0.087817 -0.516808
0.493555 1.573766
-0.145749 -0.733957
-0.015478 -0.037664
0.822234 1.734292
-0.077405 -0.273686
-0.491735 -1.181236
0.200651 1.183120
-0.183082 -0.327168
-0.461896 -0.939903
0.323658 0.842570
0.098129 0.914142
0.093070 0.370363
0.032745 0.116883
0.447477 1.571496
-0.141621 -0.961497
0.403477 0.963526
-0.051382 -0.169209
0.145402 0.852996
0.705388 1.395695
0.116776 0.875505
0.178477 0.964048
-0.055755 -0.117838
0.063694 0.418434
-0.342815 -1.343375
-0.457754 -0.642791
-0.028084 -0.162536
-0.179688 -0.700010
0.161414 0.512096
0.154031 0.399680
0.221798 1.526210
-0.113817 -0.637401
