-0.590443 -2.458862
0.269183 0.546557
-0.126852 -0.123098
0.287412 0.733394
-0.187815 -0.153378
-0.874593 -2.786306
0.251847 0.686672
-0.741940 -2.797113
0.226603 0.561560
-0.037169 -0.121658
0.038802 0.056227
0.289559 0.585404
0.898828 1.041421
0.153148 0.495379
-0.112398 -0.126087
-0.100877 -0.097637
-0.067577 -0.053455
-0.534642 -1.380039
-0.354410 -0.862078
0.229639 0.617817
-0.174686 -0.290451
0.286958 0.746044
0.202359 0.433394
-0.350349 -0.718349
0.160717 0.507096
0.013538 0.060199
-0.074283 -0.052531
-0.074625 -0.060042
0.288845 0.664250
-0.175780 -1.950960
-0.082229 -0.300568
-0.793267 -2.891001
0.269884 0.713148
-0.387837 -1.415891
0.789352 1.269317
-0.635269 -2.214440
-0.101792 -0.097558
0.781137 1.181182
-0.113684 -0.130750
0.072399 0.285744
0.289331 0.672529
-0.648688 -3.222306
-0.045027 -0.336291
0.649503 0.933442
-0.262686 -0.821778
-0.028985 -0.023186
0.115017 0.358412
-0.056637 -0.140887
-0.138801 -1.083550
-0.313649 -1.367531
