0.323863 1.054377
-0.098425 -0.764938
-0.282830 -5.325676
-0.018957 -0.108931
-0.350219 -11.199629
-0.145270 -1.221392
0.062835 0.329387
0.112088 0.432028
-0.256779 -2.117248
-0.248073 -2.574521
-0.322740 -5.129386
0.099220 0.525015
-0.161629 -0.655793
-0.266677 -3.790145
-0.341619 -8.057913
0.127832 0.621584
-0.001289 -0.006409
-0.174356 -1.479858
-0.146892 -1.014545
-0.353914 -6.597371
-0.052782 -0.388966
-0.096455 -0.443379
-0.276506 -3.074482
0.133544 0.525779
0.263952 0.983817
-0.183291 -1.340918
-0.346983 -7.098853
-0.196612 -1.892007
-0.198125 -1.529879
-0.141340 -1.083816
-0.217447 -2.129127
-0.341288 -3.201425
-0.059338 -0.407479
-0.162182 -1.571129
-0.335970 -10.838189
-0.026469 -0.185316
-0.005099 -0.038426
0.336879 1.117945
-0.088624 -0.716991
-0.314398 -2.167649
-0.015257 -0.088519
0.039079 0.242556
-0.265742 -2.453267
-0.066248 -0.588960
-0.228482 -1.655272
-0.164982 -2.166485
0.106381 0.521566
-0.138094 -0.728168
-0.079882 -0.786719
-0.010505 -0.055527
