-0.083177 -0.391657
0.285411 0.652142
-0.982200 -2.347560
0.186988 0.574952
-0.160740 -0.507749
-0.247802 -0.776446
0.278503 0.821149
-0.211073 -1.074702
0.148118 0.431230
-0.098544 -0.377091
-0.473580 -0.270967
-0.049342 -0.102258
0.152687 0.118364
0.056441 0.214312
-0.298705 -0.614750
-0.082953 -0.330163
-0.147714 -0.594272
-0.340457 -0.919324
-0.329399 -1.358085
0.199163 0.613532
-0.310494 -0.801279
0.310920 0.873874
0.316726 0.737084
-0.214544 -0.737339
0.210531 0.712178
-0.055934 -0.304379
0.300371 0.725845
-0.893393 -1.716192
0.255233 0.671661
-0.213799 -2.055219
-0.178475 -0.716075
-0.729024 -1.734909
0.264914 0.791906
-0.464847 -2.284039
0.830667 1.401921
-0.649787 -1.506352
-0.064084 -0.370628
0.797112 1.306828
-0.127954 -0.876533
0.021650 0.101649
0.291926 0.764712
-0.277873 -1.548591
-0.931864 -3.113379
0.268895 0.429320
-0.335288 -1.420242
-0.101773 -0.317611
0.006804 0.025730
-0.790481 -1.720137
-0.095222 -0.627760
-0.377705 -1.978685
