-0.004214 -0.205801
-0.056496 -0.818165
0.059814 1.425601
-0.020190 -0.368803
0.123798 1.307885
-0.023792 -0.861016
0.011509 0.309440
-0.004569 -0.216736
0.009432 0.239159
-0.087638 -0.861115
0.044620 1.560421
-0.018558 -0.578711
-0.071006 -1.056549
-0.011919 -0.177766
0.005976 0.098004
0.015785 0.341591
-0.068052 -0.625057
0.035937 0.960288
-0.023720 -0.507355
0.006799 0.142313
-0.003706 -0.144595
-0.056791 -0.550645
0.011600 0.273808
-0.135860 -1.287765
0.002926 0.086345
0.011760 0.234290
0.042476 0.941468
-0.107580 -1.097798
0.034834 0.714965
-0.035252 -0.477915
-0.048634 -0.909241
0.068300 0.573836
-0.190276 -1.109130
-0.012828 -0.782621
-0.008933 -0.220393
0.101710 0.801059
-0.009624 -0.163476
0.047428 0.904837
-0.151570 -1.121071
0.008119 0.207518
-0.003123 -0.086251
-0.006916 -0.107206
0.021796 0.443156
0.065801 0.946899
-0.006795 -0.179912
-0.052037 -0.782372
0.007196 0.073145
-0.012965 -0.204264
0.057702 1.447256
0.010219 0.509687
