0.129276 0.627793
-0.063369 -0.361947
-0.119037 -1.150674
-0.015586 -0.077408
-0.575368 -5.278933
0.056097 0.412570
0.294076 1.904393
0.057438 0.164728
-0.040427 -0.219821
-0.055501 -0.296416
-0.215519 -1.202381
-0.400002 -1.761268
0.098225 0.241586
-0.105394 -0.810815
-0.187819 -1.487257
0.210548 1.332747
0.153068 0.629689
-0.112686 -0.805279
0.117477 0.794875
-0.317759 -0.335093
-0.060983 -0.420391
0.286481 1.724688
-0.173142 -1.196946
0.253599 1.344948
-0.304633 -0.112570
-0.072147 -0.474992
-0.136538 -0.992548
-0.014014 -0.068205
-0.071182 -0.444829
-0.181181 -1.291777
-0.128999 -1.106109
-0.399347 -1.387441
0.119338 0.680826
0.030295 0.227660
-0.584005 -5.632426
0.267275 1.671971
0.062089 0.485462
0.183051 0.632793
0.099028 0.671875
-0.154535 -0.504285
0.024561 0.169767
-0.057493 -0.357934
-0.220113 -1.501788
-0.129708 -0.858637
-0.084603 -0.466446
-0.030433 -0.334477
-0.826290 -4.181808
-0.014909 -0.103951
-0.397900 -2.154531
0.077339 0.387182
