-0.002244 -0.055299
-0.008388 -0.216003
-0.045947 -1.228045
-0.013409 -0.342137
0.046961 1.001833
-0.020610 -0.537456
0.021927 0.508433
-0.012725 -0.331372
0.008673 0.207400
0.068578 1.519296
0.063605 1.379021
-0.009794 -0.244520
-0.020098 -0.501320
-0.032421 -0.840283
0.011754 0.297016
0.028773 0.688818
-0.056942 -1.564440
-0.008933 -0.229608
-0.004313 -0.111721
-0.032143 -0.867940
0.011231 0.268003
-0.009943 -0.241656
0.026035 0.615434
0.067353 1.463447
-0.023869 -0.620994
-0.035275 -0.909772
0.002255 0.056928
0.052464 1.169862
-0.005193 -0.132222
-0.029279 -0.767873
-0.036345 -0.952155
-0.012220 -0.317173
-0.045776 -1.245920
-0.056421 -1.560909
0.072437 1.587122
-0.037471 -0.984877
0.062914 1.381501
0.026695 0.623225
0.034772 0.812227
-0.017714 -0.440595
0.071072 1.484050
-0.034267 -0.897938
-0.038719 -1.037433
-0.091715 -2.682478
-0.020884 -0.525982
0.038361 0.884643
0.016660 0.410480
-0.091538 -2.646922
0.010667 0.255595
0.104149 2.055507
