0.558579 1.012434
0.272843 0.633160
-0.981785 -2.357390
0.191281 0.586204
-0.885258 -1.567471
-0.830281 -2.278587
0.295878 0.852534
-0.219140 -1.093747
0.118811 0.353185
-0.116344 -0.438943
-0.659362 -0.500085
-0.110935 -0.213751
0.224620 0.212793
0.061976 0.236577
-0.318977 -0.679925
-0.069677 -0.279413
-0.181114 -0.665566
-0.387269 -0.806663
-0.410956 -1.822569
0.134561 0.432662
-0.333407 -0.614469
0.283411 0.824905
0.290256 0.675136
-0.105190 -0.432433
0.139386 0.502588
-0.063651 -0.355857
0.301166 0.727886
0.076639 0.244615
0.165520 0.454267
-0.204530 -1.942170
-0.207663 -0.778152
-0.235314 -1.155157
0.064492 0.227285
-0.433118 -1.682187
0.838541 1.410341
-0.660655 -1.283165
-0.090549 -0.537863
0.781398 1.286616
-0.122380 -0.834040
0.026097 0.121182
0.278854 0.735608
-0.279386 -1.527433
-0.013482 -0.072495
0.223159 0.346634
-0.306570 -1.536142
-0.173217 -0.484363
0.020963 0.079007
-0.809763 -1.805044
-0.113636 -0.772277
-0.360670 -1.954030
