-0.137235 -0.878832
-0.108696 -0.757240
-0.182079 -1.870850
0.148926 0.561944
-0.165206 -1.625363
-0.125995 -0.746792
0.087285 0.368516
0.154410 0.554884
-0.026424 -0.145634
-0.131840 -1.096168
-0.071025 -0.447755
0.050932 0.232913
0.404957 1.042482
-0.154245 -1.291891
-0.117175 -0.910054
0.008159 0.036621
0.039748 0.181036
-0.109640 -0.716621
-0.011516 -0.052260
0.058665 0.288493
-0.000043 -0.000232
0.205975 0.700360
-0.042977 -0.258878
0.291508 0.687303
0.250349 0.786220
0.018100 0.095623
-0.136910 -1.061870
-0.265504 -2.118631
0.183825 0.693047
-0.084142 -0.566232
-0.208432 -2.003148
0.167118 0.580233
-1.310250 -2.885941
-0.152232 -1.077095
-0.161027 -1.602733
0.030231 0.136334
-0.941764 -3.317390
0.520645 1.156102
-1.033326 -2.985070
0.402872 1.044946
-0.117006 -0.664028
-0.033748 -0.195439
-0.122302 -0.955888
-0.015582 -0.088840
0.156362 0.589381
-0.190957 -1.859736
0.114894 0.445360
-0.787714 -2.826307
-0.156457 -1.435918
0.022348 0.099559
