0.107754 0.459267
0.080518 0.137293
-0.007679 -0.025127
0.156244 0.501610
-0.361446 -1.338858
-0.497137 -1.420591
0.130716 0.461013
-0.211147 -0.634533
0.259625 0.751676
-0.630350 -1.410252
0.084131 0.124063
0.027050 0.056861
0.614909 0.789641
-0.473762 -0.852240
0.035155 0.104015
-0.253176 -0.843393
-0.514906 -1.570341
-0.192443 -0.653384
-0.278209 -1.445510
0.315606 1.022458
-0.308246 -1.573955
0.059308 0.188680
0.669942 1.426772
-0.239097 -0.581943
0.012225 0.046037
0.122204 0.683085
-0.277550 -0.418138
-0.742361 -1.785648
-0.794199 -1.620054
-0.011284 -0.107612
-0.233013 -0.940712
-0.235248 -1.015798
0.228683 0.831012
-0.439575 -1.481241
0.430785 1.071580
0.019775 0.090232
0.055851 0.354422
0.374326 0.714152
-0.458081 -2.101207
0.097722 0.529665
-0.581486 -0.953084
-0.046941 -0.330690
0.012577 0.083079
-0.497064 -0.483655
-0.192168 -1.102802
-0.212935 -0.228460
-0.472765 -0.790612
-0.593558 -0.817361
0.081829 0.552690
-0.250453 -1.768057
