0.110195 0.767803
-0.071229 -0.434742
-0.063113 -1.101522
-0.200001 -1.654711
-0.199763 -0.022984
-0.068311 0.229837
0.052667 0.192025
0.045773 -0.854261
-0.200001 -1.098023
-0.200014 -1.055843
-0.200029 -0.813388
-0.200020 -0.574083
-0.199993 -0.356714
-0.062442 -1.539725
-0.199999 -0.002474
-0.000695 2.569730
0.440696 0.413256
0.061749 0.624754
0.112037 -1.608634
-0.199998 0.089454
0.014604 0.613538
0.130470 -0.258379
-0.066356 1.069501
0.280516 -0.705270
-0.200046 -0.221244
-0.052225 -1.037745
-0.200004 0.767256
0.121110 -0.010452
-0.072357 -0.993550
-0.200000 -0.242952
-0.092800 -0.874537
-0.199985 0.839364
0.159859 0.594089
0.085873 -0.593267
-0.106966 0.779996
0.180505 3.300936
0.412599 -0.016975
-0.045761 -1.300868
-0.341483 -0.639941
-0.201967 -0.018196
-0.058824 -0.003201
-0.000596 -1.386287
-0.200002 0.120309
-0.067136 1.658773
0.024383 -1.579943
0.195238 0.519677
-0.415948 -1.328126
0.079423 0.465115
