0.224864 1.378359
-0.203138 -0.179695
-0.199999 -0.390138
-0.199999 -0.297058
-0.200000 -0.635876
0.070771 0.020122
0.227369 0.476065
-0.199948 -0.647415
0.348254 0.902590
0.303149 1.029537
0.553637 1.214109
-0.200335 -0.258969
-0.153301 -0.107954
0.362568 1.480843
-0.200000 -0.283775
-0.173689 -0.243374
-0.200618 -0.310009
-0.200002 -0.413864
-0.200000 -0.771397
0.491889 2.038237
-0.197894 -0.588748
0.127151 0.033615
0.714843 2.616074
-0.521149 -0.070744
0.276014 0.901847
0.248755 1.225631
0.308911 0.508735
-0.200014 -0.370946
0.402730 1.132883
0.127649 0.731275
-0.200003 -0.580942
-0.199981 -0.297651
-0.206360 -0.271774
-0.200001 -0.754609
0.579021 2.114809
-0.197617 -0.335714
0.181847 0.734749
0.690917 2.214288
0.184108 0.970890
0.262660 1.247336
-0.199998 -0.274680
-0.199997 -0.554376
0.220173 1.113190
-0.200002 -0.268565
-0.200000 -0.722000
-0.199999 -0.385550
-0.199957 -0.260432
-0.200001 -0.470857
0.312608 1.924657
-0.199176 -0.528957
