-0.008919 -0.266943
-0.041133 -0.500748
0.003406 0.075591
0.049414 0.974179
-0.006589 -0.150280
-0.034598 -0.864418
0.014172 0.318006
-0.006575 -0.223563
0.089059 1.286592
0.020597 0.482477
0.017255 0.158984
-0.094912 -0.945616
0.175128 1.153700
0.020085 0.512152
0.039094 0.790751
-0.046873 -0.902106
-0.031896 -0.740771
-0.106852 -1.315432
-0.036006 -1.151688
0.063305 1.119391
0.017821 0.528497
0.009814 0.212194
0.156477 1.567030
-0.009937 -0.239320
0.013020 0.347427
0.019169 0.704225
-0.042055 -0.533262
0.028220 0.547395
0.094835 1.319857
0.008014 0.539431
-0.022963 -0.554256
0.011227 0.384270
0.057048 1.105993
-0.050161 -1.244745
-0.007660 -0.113461
-0.005177 -0.171540
0.005530 0.237299
0.126814 1.219572
0.008138 0.391457
-0.006408 -0.218531
0.065283 0.970561
-0.026014 -0.957152
0.037765 1.292677
0.019486 0.188827
-0.004839 -0.207443
-0.139959 -1.414214
0.008630 0.205353
-0.007119 -0.142347
0.008183 0.396317
-0.030521 -1.085632
