0.144070 1.419005
-0.047738 -0.400401
0.060814 0.568337
-0.123821 -3.275638
-0.057534 -0.825413
0.105098 0.827134
0.152849 0.582801
-0.021528 -0.141152
-0.066850 -0.429294
0.266723 0.687944
0.189742 0.968219
-0.185236 -1.642422
-0.105827 -1.466876
-0.001961 -0.013148
0.256405 1.305070
-0.044595 -0.523520
0.081417 0.351785
0.037120 0.176187
-0.086466 -1.556309
-0.123680 -2.549235
0.126145 0.929023
-0.070948 -0.901663
0.440828 1.433448
0.281314 0.933132
-0.056268 -0.393356
-0.100323 -1.142853
-0.272143 -2.579009
-0.072128 -1.060848
-0.074214 -1.215450
0.215055 0.670246
-0.105580 -2.036699
0.792538 1.962105
0.194698 1.195585
-0.112682 -1.958308
0.188910 0.889182
-0.096135 -1.098879
0.032030 0.262211
0.016963 0.120439
0.417863 1.586895
-0.049580 -0.461291
-0.207765 -4.664405
-0.171696 -2.999388
0.117910 1.123457
-0.112689 -1.420951
-0.091597 -0.824550
0.214264 1.167957
0.127677 1.279361
-0.126333 -1.735871
0.086029 0.467425
0.055363 0.246884
