0.169198 0.235133
-0.495146 0.467102
0.014380 0.023778
0.463243 1.765262
-0.195906 0.800738
-0.277269 0.723713
0.277622 0.701572
-0.150425 0.698302
0.360891 0.788575
0.239141 0.235227
0.269392 0.210865
-0.178612 0.349175
-0.656398 0.433807
0.371290 1.792441
0.131201 0.210135
-0.094041 0.292748
-0.399277 0.568041
-0.194868 0.641674
-0.128207 0.838793
-0.967843 2.951957
-0.124576 0.574536
-0.270542 0.471925
0.898034 2.472731
-0.112565 0.308305
0.235973 0.741696
0.146344 0.248093
-0.371485 0.466860
-0.362948 0.633383
0.439376 0.141453
0.052259 0.201262
-0.060131 0.423715
-0.090435 1.525385
0.393210 0.676628
-0.141615 1.368014
0.534815 0.147668
-0.037846 1.700261
0.238821 2.133140
0.894194 0.090657
0.037450 0.745982
0.178257 0.466195
-0.204552 0.682777
-0.161063 0.090813
0.051061 0.128838
0.230444 0.544760
-0.089794 0.791143
-0.204736 0.517736
0.277718 1.465335
-0.186351 0.081402
