-0.205826 -1.584492
-0.070727 -0.314622
-0.141429 -0.530766
0.209006 0.794090
-0.982730 -1.940284
-0.126721 -0.351224
-0.206463 -0.428343
0.374181 1.648790
0.451893 1.744849
0.024793 0.194446
-0.388251 -0.473018
0.547069 1.578290
-0.109125 -0.542434
0.070613 0.221297
0.235335 1.598677
-0.376677 -0.453895
-0.122006 -0.550661
-0.361944 -0.274256
-0.160450 -0.463767
-0.348647 -1.284707
-0.116452 -0.441617
-0.359409 -1.320658
-0.675724 -1.508703
-0.125573 -0.389123
0.346520 1.611265
0.476541 1.863225
-0.356459 -1.468849
-0.570683 -1.805860
-0.016792 -0.059883
-0.266307 -0.433919
-0.083227 -0.478830
-0.028558 -0.050879
-0.087243 -0.609718
-0.072274 -0.282864
1.242317 2.011441
-0.690943 -0.828318
0.125601 0.199552
0.301795 1.630925
-0.127168 -0.510514
-0.040041 -0.103355
-0.247298 -0.719564
0.500734 1.377090
0.111273 0.228175
-0.075355 -0.096854
-0.781315 -1.666178
0.145414 0.609861
0.277034 1.384670
0.388792 1.263056
-0.175582 -0.531333
