-0.209045 -0.739609
0.102618 0.145828
-0.212667 -0.587850
-0.718253 -1.734452
-0.229053 -1.091283
0.032149 0.085859
0.143030 0.441353
-0.184115 -1.003622
0.261044 0.700474
0.209710 0.766812
0.525940 0.852562
-0.081975 -0.145920
-1.206224 -0.973765
0.276997 1.115660
-0.341353 -0.560447
-0.041625 -0.117794
-0.480493 -1.474370
-0.162576 -0.573366
-0.146900 -1.107281
0.438806 1.388979
-0.221115 -1.002466
0.066785 0.172505
0.796106 1.690821
0.061574 0.206123
-0.604384 -1.667692
0.161047 0.954522
0.218816 0.458264
-0.461785 -1.047822
0.298176 0.754899
0.067071 0.637261
-0.162186 -0.856571
-0.015891 -0.050148
0.358599 1.281690
-0.224807 -1.075303
0.566960 1.420260
-0.063062 -0.211477
0.105989 0.636000
0.755097 1.447680
-0.345004 -1.039691
0.173844 0.960616
-0.123766 -0.254189
-0.127445 -0.679381
0.135726 0.883757
-0.464902 -0.614667
-0.127270 -0.987127
-0.157791 -0.510780
-0.438371 -0.891040
-0.230501 -0.785109
0.222276 1.431408
-0.115534 -0.619630
