0.110735 0.866751
0.024128 0.248574
-0.004668 -0.059533
0.031510 0.319116
0.141207 0.925443
-0.097785 -2.740992
-0.008331 -0.108479
-0.083080 -2.046872
-0.029583 -0.447276
0.067729 0.553618
-0.065766 -1.402974
-0.053223 -0.947294
0.000923 0.011104
0.043310 0.395202
0.106108 0.843468
-0.005732 -0.072751
0.124711 0.838268
-0.037425 -0.585303
-0.019690 -0.263931
0.009726 0.108558
-0.072199 -1.558528
0.107198 0.759516
-0.008182 -0.103299
-0.032369 -0.412503
-0.024073 -0.342367
0.058471 0.556680
0.029355 0.308963
0.016383 0.160149
-0.028377 -0.393343
0.111101 0.816001
-0.014939 -0.194917
0.330169 1.431427
0.204149 1.078346
-0.109620 -4.038509
-0.057749 -0.990886
0.355495 1.461699
0.018938 0.199305
0.045476 0.436587
0.001065 0.011875
0.011041 0.129549
-0.062174 -1.133650
0.044802 0.413978
0.001648 0.019265
0.145104 0.960777
-0.032796 -0.498841
-0.109529 -1.905624
0.178596 1.047449
0.075722 0.628583
-0.009782 -0.131097
-0.112117 -4.001789
