0.391299 0.862159
-0.250673 -1.293673
-0.299242 -0.898281
0.515363 1.171463
-0.466290 -1.094363
0.205446 0.723303
0.184425 0.839157
0.338310 1.276259
-0.063401 -0.599838
0.203002 0.511139
0.428429 1.222115
-0.274880 -1.228248
-0.080540 -0.242534
0.007799 0.051130
-0.773193 -0.904868
-0.293540 -0.788675
-0.637488 -0.623937
-0.291887 -0.910143
0.045598 0.234196
-0.188144 -0.531541
0.125269 0.629055
0.043722 0.066527
-0.260042 -1.491905
0.007580 0.036879
0.373520 1.426999
-0.013356 -0.061093
-0.927626 -2.450861
-0.012441 -0.088719
-0.583365 -1.129120
-0.195049 -0.661179
0.133938 0.349205
-0.298173 -1.415716
-0.239369 -0.892517
1.252235 1.860064
-0.925250 -1.083325
0.250944 0.664387
0.176562 0.926953
-0.295190 -1.227859
-0.032021 -0.092158
-0.242254 -0.823527
-0.717295 -2.232170
0.537862 1.425887
0.042012 0.110490
-0.582847 -0.932834
-0.148649 -0.213345
-0.042049 -0.156351
-0.004474 -0.019008
0.380797 1.232975
-0.302301 -0.909642
