0.061388 0.374238
-0.020640 -0.359226
-0.003329 -0.073765
-0.060843 -0.829090
-0.042329 -1.509648
-0.028165 -0.398765
0.045649 0.362654
-0.081022 -0.938330
-0.060782 -1.074945
-0.056075 -1.691306
-0.093114 -1.765919
-0.028384 -0.405774
0.011882 0.089482
-0.015756 -0.354160
-0.036529 -0.970725
-0.051138 -0.641595
0.313148 1.361929
-0.024844 -0.423007
0.016236 0.163845
-0.114309 -2.113846
0.014504 0.206792
0.073029 0.497148
-0.029824 -0.599574
0.106659 0.461340
-0.117290 -1.252807
-0.000895 -0.014494
-0.078194 -1.769837
0.011283 0.176370
-0.102540 -1.445039
-0.030674 -0.643766
-0.011732 -0.257631
-0.189250 -1.786544
0.136330 0.879059
0.072410 0.810626
-0.024447 -0.884789
0.129425 0.704204
0.039725 0.539359
0.007479 0.047254
-0.023686 -0.413760
-0.156440 -1.316739
-0.000249 -0.003036
-0.020602 -0.355309
-0.053653 -1.499729
-0.024226 -0.454634
-0.031599 -0.394398
0.193128 1.853858
0.015556 0.148968
0.023751 0.322111
-0.042113 -1.360454
0.023034 0.218185
