-0.001720 -0.039248
-0.016514 -0.337889
-0.020924 -0.683839
-0.070607 -0.927234
-0.037553 -1.240864
0.025393 0.345744
-0.047626 -0.610634
-0.132579 -1.326460
0.024451 0.374026
0.014970 0.400318
-0.087185 -1.455284
-0.057384 -0.902391
0.030971 0.250606
-0.036498 -0.947763
-0.044996 -1.154479
0.044165 0.482197
0.057695 0.580318
-0.032337 -0.589787
0.081361 0.769448
-0.111370 -1.696259
-0.007984 -0.167090
0.118913 0.943075
-0.051559 -1.067636
0.086133 0.395840
-0.114715 -1.137124
0.084393 0.891476
-0.009213 -0.221237
0.039450 0.650420
-0.017614 -0.259888
-0.014473 -0.337683
0.002647 0.066386
-0.141510 -1.359973
0.160445 1.243876
0.091142 1.076992
-0.015383 -0.667337
0.109799 0.674635
0.018186 0.373830
-0.052386 -0.374118
-0.001005 -0.019208
-0.192527 -1.451747
0.019641 0.266942
-0.042984 -0.804411
-0.028630 -0.786593
0.029431 0.522042
-0.033587 -0.469303
0.130518 1.289287
0.012124 0.130721
0.074863 0.956549
-0.031755 -0.985501
-0.076203 -0.898294
