-0.256419 -0.778002
-0.014857 -0.042666
-0.002103 -0.012202
0.021856 0.200633
0.008871 0.073473
-0.126351 -0.536623
-0.172198 -0.808318
0.304026 1.239666
-0.365915 -0.693402
0.311205 1.124670
-0.284266 -0.714841
0.498240 1.821891
-0.104437 -0.531095
0.321289 1.244292
-0.090109 -0.387243
-0.290407 -1.690401
-0.490733 -1.118762
0.262563 0.670875
-0.064849 -0.630695
-0.378206 -2.234387
-0.138631 -0.728824
-0.295479 -2.105288
-0.465643 -0.874177
-0.297375 -0.670128
0.534300 1.989139
-0.437469 -1.889656
0.355789 1.350933
-0.137493 -0.706277
-0.212208 -1.784132
0.199526 0.771584
0.084730 1.146953
0.426431 0.841932
-0.316681 -1.501089
0.083099 0.616501
-0.195442 -0.274080
-0.438106 -2.143101
-0.147822 -0.475354
-0.191731 -0.952874
-0.176136 -0.221993
0.045748 0.194288
-0.432915 -2.376939
0.360790 2.062199
-0.038163 -0.081452
0.377587 2.007231
0.286467 1.440429
-0.286245 -0.910450
0.118662 1.172869
0.127552 0.763091
-0.222530 -0.639631
-0.291156 -0.634819
