-0.039136 -1.112771
0.017006 0.373879
0.102885 1.795525
0.201024 1.518718
-0.032143 -0.559705
0.016813 0.328516
0.055836 0.979833
0.071940 1.130306
-0.012834 -0.689239
0.044197 0.596332
0.068864 0.901069
0.003270 0.091333
-0.046173 -1.273003
-0.011181 -0.412911
0.022713 0.221254
-0.015185 -0.501759
0.056479 0.580242
-0.068983 -1.072752
0.010718 0.291874
-0.042988 -1.042104
-0.014965 -0.456028
0.033013 0.452943
0.006173 0.100613
0.006696 0.169566
0.007482 0.174238
-0.007614 -0.229790
0.004557 0.076646
-0.020896 -0.954374
-0.000266 -0.004671
-0.013693 -0.448102
-0.000571 -0.009485
-0.050122 -2.289088
-0.026033 -0.588639
0.240167 1.555337
-0.019234 -0.176555
0.030452 0.434870
0.016469 0.440801
-0.141346 -1.824552
0.032792 -1.619436
-0.059447 0.751764
0.043815 0.819612
0.074922 -0.324802
-0.016393 -0.292908
-0.017273 -0.248143
-0.016470 -0.759417
-0.024991 -0.316309
-0.010725 1.099755
0.081635 -1.118852
