0.005092 0.004812
0.005092 0.004812
0.005092 0.004812
0.005092 0.004812
0.005092 0.004812
0.005092 0.004812
0.005092 0.004812
0.005092 0.004812
0.005092 0.004812
0.005092 0.004812
0.005092 0.004812
0.005092 0.004812
0.005092 0.004812
0.005092 0.004812
0.005092 0.004812
0.005092 0.004812
0.005092 0.004812
0.005092 0.004812
0.005092 0.004812
0.005092 0.004812
0.005092 0.004812
0.005092 0.004812
0.005092 0.004812
0.005092 0.004812
0.005092 0.004812
0.005092 0.004812
0.005092 0.004812
0.005092 0.004812
0.005092 0.004812
0.005092 0.004812
0.005092 0.004812
0.005092 0.004812
0.005092 0.004812
0.005092 0.004812
0.005092 0.004812
0.005092 0.004812
0.005092 0.004812
0.005092 0.004812
0.005092 0.004812
0.005092 0.004812
0.005092 0.004812
0.005092 0.004812
0.005092 0.004812
0.005092 0.004812
0.005092 0.004812
0.005092 0.004812
0.005092 0.004812
0.005092 0.004812
0.005092 0.004812
0.005092 0.004812
