-0.017235 -0.441817
0.005308 0.070865
-0.023644 -0.400440
0.048889 0.937763
-0.029356 -0.527936
-0.022608 -0.460170
0.049814 0.952406
-0.072701 -2.184509
0.065683 1.047438
-0.000881 -0.014800
0.147546 1.298226
-0.128246 -1.568875
0.225746 1.578637
0.015090 0.355438
0.011380 0.234109
0.019603 0.435807
-0.070872 -1.748100
-0.089863 -1.762651
-0.077647 -3.242819
0.066522 1.151245
-0.032606 -0.722212
0.065714 1.152493
0.168162 1.774701
-0.035406 -0.705164
-0.016516 -0.319512
-0.013753 -0.334671
0.002711 0.041051
0.004291 0.082554
0.072974 1.108216
-0.027248 -0.991168
-0.027152 -0.562284
0.017649 0.494864
0.056600 1.036813
-0.056186 -1.669425
0.061630 0.895801
-0.006931 -0.142968
0.015503 0.474316
0.221838 1.893539
0.001399 0.050793
-0.021458 -0.517694
0.054662 0.825366
-0.016195 -0.417329
-0.033749 -0.975282
0.103583 1.000672
-0.021018 -0.578385
-0.076852 -1.368332
-0.001441 -0.023269
-0.079776 -1.516400
-0.017002 -0.469645
-0.041103 -1.403229
