-0.027022 -0.237751
-0.218878 -1.072927
-0.060133 -0.609643
0.211123 1.055466
0.062745 0.821572
-0.012258 -0.057421
-0.495026 -0.725490
0.248948 0.991379
0.099024 0.466660
-0.313926 -0.797011
0.062489 0.098966
-0.570726 -2.939022
0.161732 0.138935
0.033744 0.260122
0.070603 0.708270
-0.370375 -1.271123
-0.007514 -0.031112
-0.157636 -0.809251
0.102696 0.263523
0.142291 1.114371
-0.197984 -1.127485
0.208091 0.891834
-0.059623 -0.377078
-0.325302 -0.759292
0.139073 0.110444
0.007880 0.029523
0.045046 0.290100
-0.277996 -1.035671
0.100251 0.357875
0.138873 1.312444
-0.097932 -0.708703
0.486954 2.197341
-0.245341 -0.821517
-0.200508 -1.043358
-0.251330 -2.963983
-0.018255 -0.075662
-0.016869 -0.118307
0.193289 0.101776
0.090429 0.141698
0.424028 1.583974
-0.224971 -1.033326
0.054105 0.066800
0.162935 0.185499
0.009831 0.032914
-0.123492 -0.516960
-0.155429 -1.635407
0.159604 0.113719
-0.067264 -0.381067
0.102706 1.307801
0.108059 0.111603
