-0.327914 -4.635195
-0.072157 -0.604818
-0.286926 -5.101014
0.048786 0.241020
-0.347027 -10.967077
-0.132811 -0.995674
-0.014001 -0.066733
0.154316 0.684768
0.057119 0.335285
-0.218749 -1.574073
-0.223886 -1.446281
0.116387 0.582142
-0.083689 -0.319545
-0.267216 -3.826253
-0.342602 -8.182333
0.125492 0.606663
0.043576 0.247673
-0.190539 -2.034186
-0.091003 -0.507689
-0.318134 -4.784519
-0.150529 -0.880435
-0.126255 -0.445458
0.004564 0.030586
0.111122 0.459525
-0.156658 -0.452351
-0.165959 -1.331325
-0.329463 -5.776721
-0.023355 -0.170900
-0.204899 -1.616730
-0.174468 -1.061944
-0.215914 -2.076213
-0.274204 -2.207616
-0.071596 -0.357215
-0.172540 -1.680455
-0.311219 -6.218299
-0.011323 -0.077903
-0.017720 -0.139754
0.327458 1.079896
-0.091056 -0.769033
-0.304147 -2.106595
-0.017748 -0.102107
-0.014859 -0.103936
-0.019780 -0.152019
-0.069381 -0.625788
-0.220777 -1.614250
-0.188799 -2.789100
0.056007 0.291942
-0.143174 -1.387625
-0.312855 -5.592087
-0.064279 -0.351083
