-0.095708 -0.206923
-0.673359 -1.149145
0.026865 0.131081
-0.187996 -0.480944
0.554241 1.161724
-0.434329 -1.912264
-0.413093 -1.060365
-0.107889 -0.761168
0.067293 0.282847
0.313369 0.763712
0.025511 0.142866
0.111633 0.501036
-0.052694 -0.186405
0.084294 0.222819
0.298090 0.848333
-0.050458 -0.194179
0.306950 0.623138
-0.819622 -2.951604
-0.333966 -0.585108
0.016541 0.056179
-0.132162 -1.600872
0.338604 0.713706
-0.062724 -0.241541
-0.357922 -0.544520
-0.136209 -0.577446
0.320853 0.947415
0.260105 0.896799
0.132117 0.320421
0.196707 0.700479
0.290841 0.735107
0.028664 0.116194
1.067955 28.830859
-0.205462 -0.162266
-0.270597 -2.623645
-0.608327 -1.753295
-0.040188 -0.040044
-0.063057 -0.162190
0.099602 0.349722
0.006272 0.017423
0.061038 0.246060
-0.024544 -0.116819
0.386433 1.032399
0.169797 0.569791
0.463963 1.125273
-0.086999 -0.390161
-0.481645 -0.732426
0.802511 1.442505
-0.001768 -0.004794
0.069966 0.326684
-0.099731 -0.758854
