0.050563 0.338395
-0.017091 0.218813
0.000776 0.020421
-0.105068 1.428953
-0.060678 2.220107
0.013902 0.204803
0.027106 0.302164
0.048692 0.427416
-0.063792 1.037810
-0.054818 1.536408
-0.058024 1.009706
-0.071989 1.058434
-0.004953 0.026727
-0.025462 0.480779
-0.082951 2.454399
-0.047959 0.493150
0.230565 1.404504
-0.026932 0.371747
0.098126 0.943753
-0.075098 1.624026
-0.024282 0.367308
0.114930 0.853361
-0.012863 0.780362
0.155678 0.913729
-0.092184 0.573483
0.034272 1.685595
-0.073509 0.902584
0.067188 0.913278
-0.069846 0.820876
-0.043711 0.125002
-0.008078 1.870068
-0.160827 1.367744
0.178615 0.721851
0.044697 0.089953
-0.056778 0.997580
0.122774 1.036137
0.331219 0.862290
-0.126259 0.820733
-0.051391 0.696921
-0.091391 0.606120
0.052901 0.102367
-0.009226 1.744967
-0.065158 0.255174
-0.018154 0.751013
-0.061587 2.037453
0.195523 0.007914
-0.001087 0.082821
0.004719 1.184477
-0.042155 0.214450
