-0.227578 -0.540279
-0.516530 -0.644544
-0.192420 -0.532031
0.207141 0.531527
-0.181457 -0.834272
-0.242408 -0.483192
0.165050 0.500236
-0.131849 -0.710757
0.308046 0.899829
0.180720 0.653477
-0.215842 -0.270876
0.064872 0.089838
1.030857 1.368201
0.259086 1.044415
-0.375559 -0.474216
0.030988 0.090915
0.045022 0.145892
-0.160598 -0.594817
-0.101783 -0.721648
0.515537 1.629883
-0.167101 -1.005695
0.089204 0.227680
0.853673 1.811006
0.146891 0.584348
-0.502745 -1.321709
0.216653 1.303497
-0.270969 -0.725108
-0.432080 -1.070757
0.140409 0.206097
0.108088 1.029685
-0.048952 -0.207385
-0.067609 -0.314608
0.364095 1.344631
-0.143423 -0.962527
0.365299 0.884613
-0.129281 -0.413418
0.158512 0.997633
0.720384 1.437324
0.171714 1.308703
0.293670 1.558823
0.020963 0.043779
-0.017783 -0.066613
-0.149704 -0.746704
-0.426003 -0.655511
-0.036981 -0.215227
-0.167958 -0.565052
-0.082080 -0.183170
-0.241639 -0.376956
0.233927 1.583955
-0.089493 -0.553698
