0.042225 0.194929
-0.604719 -0.429840
-0.164211 -0.366616
-0.733949 -1.689714
-0.202994 -0.894089
-0.274669 -1.083533
0.048869 0.092330
-0.169318 -0.832265
0.318450 0.924097
-0.427292 -0.811443
-0.212922 -0.224679
-0.130598 -0.267729
-0.666388 -0.628584
0.277892 1.121924
-0.218424 -0.395531
-0.067967 -0.193941
-0.387449 -1.207651
-0.159966 -0.584615
-0.122643 -0.765036
0.437967 1.402854
-0.183581 -0.928584
-0.002365 -0.005224
0.766346 1.644604
0.046474 0.149956
0.184391 0.746924
0.161026 0.954959
-0.098622 -0.126083
-0.374797 -0.947912
-0.812440 -1.576087
0.066759 0.637474
0.076341 0.315139
-0.125141 -0.655031
0.318858 1.166164
-0.224805 -1.100716
-0.944409 -1.650316
-0.009478 -0.036815
0.222679 1.336812
0.703204 1.369585
0.041529 0.283174
0.224478 1.203649
-0.399327 -0.836441
0.031899 0.192308
-0.279700 -1.116984
-0.739680 -0.655188
-0.089581 -0.574557
-0.207415 -0.749052
0.144300 0.472116
-0.194823 -0.456824
0.200966 1.361519
-0.158339 -0.890881
