0.237543 1.252132
-0.567097 -0.671555
-0.208995 -0.597396
0.152126 0.378873
-0.198782 -0.862470
-0.281458 -1.048572
0.155435 0.508377
-0.097592 -0.364896
0.347106 1.049515
-0.405550 -0.829712
-0.211075 -0.234324
-0.159250 -0.344666
-0.659649 -0.563573
0.364366 1.435873
-0.289738 -0.694875
0.051593 0.172817
-0.386431 -0.767949
-0.177757 -0.669972
-0.044730 -0.249141
-0.841563 -1.745623
-0.158957 -0.677608
-0.037539 -0.078317
0.732595 1.629343
0.150534 0.603774
0.133055 0.522253
0.146118 0.901169
-0.159914 -0.241172
-0.360671 -1.046294
-0.774289 -1.509425
0.022226 0.187662
0.120083 0.553149
-0.143988 -0.803644
0.186909 0.659963
-0.225349 -1.011824
-0.924140 -1.626332
0.002569 0.010215
0.236854 1.425917
0.522604 1.069660
0.042918 0.310356
0.231841 1.283331
-0.200432 -0.439825
0.109903 0.791815
-0.310645 -1.126854
-0.623647 -0.686453
-0.043509 -0.264301
-0.206793 -0.764410
0.127736 0.421825
-0.180340 -0.404643
0.148374 1.097965
-0.171240 -1.122221
