-0.105051 -0.290235
0.091977 0.436750
0.185311 1.073050
-0.061228 -0.189845
0.185086 0.983484
-0.259790 -1.024495
0.257692 1.605293
-0.220181 -1.047545
0.261648 1.629625
-0.058660 -0.243500
-0.289428 -0.741209
0.265337 1.667157
0.290053 1.959856
0.151472 0.724578
0.196156 1.109591
0.162986 0.913767
-0.081552 -0.164088
0.209863 1.243404
0.032290 0.131372
0.036170 0.123796
0.249239 1.553982
-0.103364 -0.225920
0.092933 0.403411
-0.270102 -1.319825
-0.593698 -2.532629
0.234851 1.423449
-0.568676 -2.293563
0.097360 0.458002
-0.508630 -1.877218
-0.071883 -0.290861
0.009883 0.041862
-0.464469 -1.377345
-0.140193 -0.378131
0.228471 1.394554
0.136836 0.687724
0.120517 0.567022
-0.197254 -0.820204
0.107260 0.427556
-0.039000 -0.038564
0.324862 2.343032
-0.623476 -3.078800
0.324205 2.282548
0.170784 0.855091
0.430889 3.547868
-0.395515 -1.624382
-0.455404 -1.909363
-0.296500 -0.587416
0.347812 2.578327
-0.024085 -0.073567
0.031489 0.102139
