-0.152059 -0.838839
0.084362 0.145054
-0.007346 -0.024000
0.154933 0.499573
-0.359318 -1.324874
-0.492234 -1.407001
0.128029 0.451888
-0.211483 -0.610731
0.258376 0.748755
-0.633198 -1.403739
0.084601 0.124042
0.020730 0.043060
0.621228 0.796388
-0.476477 -0.879924
0.034141 0.100615
-0.253664 -0.842573
-0.597762 -1.952176
-0.190074 -0.641683
-0.277987 -1.432729
0.313497 1.018172
-0.309960 -1.579422
0.062068 0.198190
0.676834 1.428813
-0.251644 -0.599955
0.010374 0.038963
0.122602 0.684877
-0.279432 -0.406028
-0.744619 -1.789127
-0.798009 -1.624884
-0.012895 -0.124060
-0.235067 -0.948175
-0.237148 -1.017833
0.226593 0.827091
-0.447912 -1.526409
0.427533 1.065723
0.022389 0.102217
0.056200 0.356090
0.365903 0.694800
-0.459914 -2.075528
0.098278 0.532416
-0.579451 -0.948449
-0.048676 -0.340718
0.012935 0.085404
-0.520694 -0.512486
-0.193767 -1.104703
-0.227968 -0.221768
-0.485756 -0.807922
-0.587938 -0.741920
0.084045 0.557905
-0.250226 -1.766928
