-0.599219 -1.349018
0.262301 0.605642
-0.960613 -2.311427
0.176686 0.551248
-0.157115 -0.504185
-0.212112 -0.798793
0.287232 0.835568
-0.221633 -1.080493
0.133238 0.382154
-0.100766 -0.384643
-0.745030 -0.603862
-0.058321 -0.119510
0.058785 0.280805
0.074327 -0.642905
-0.259174 -0.430896
-0.110414 -0.609793
-0.151909 -0.816537
-0.332531 -1.310233
-0.345647 0.671458
0.219493 -0.941951
-0.279544 0.830863
0.289878 0.674365
0.294747 -0.775604
-0.236807 0.719564
0.214351 -0.254617
-0.047636 0.799182
0.332028 -1.771504
-0.895189 0.715384
0.268438 -2.000804
-0.208078 -1.520372
-0.750208 -1.068829
-0.222262 0.825547
0.285110 -1.572461
-0.429788 1.400352
0.806867 -0.492045
-0.097196 -0.377696
-0.065103 1.188721
0.683244 -0.854685
-0.125898 0.036054
0.007601 0.783656
0.300850 -1.881147
-0.641162 -0.114389
-0.021320 0.446068
0.276462 -1.464455
-0.334500 -0.450016
-0.168584 0.076741
0.020544 -1.636894
-0.762446 -0.684162
-0.103172 -2.016186
