0.488698 1.458246
-0.546982 -0.460533
-0.161115 -0.411638
-0.647229 -1.591573
-0.170948 -0.808531
-0.264584 -0.678738
0.323718 1.200468
-0.120732 -0.576935
0.358442 1.041703
-0.388459 -0.755173
-0.210287 -0.255454
-0.100146 -0.187945
-0.597191 -0.589866
0.209764 0.762913
-0.102561 -0.153035
-0.025559 -0.072289
-0.284917 -0.836164
-0.152093 -0.557535
-0.082984 -0.513192
0.493566 1.565268
-0.142821 -0.720170
0.084888 0.221709
0.831493 1.765355
-0.081098 -0.295647
-0.479080 -1.146405
0.197339 1.168248
-0.183679 -0.337447
-0.430698 -0.866701
0.387952 1.044717
0.103131 0.958530
0.114781 0.471075
0.052017 0.199826
0.469829 1.614537
-0.147285 -0.960548
0.376934 0.857602
-0.066625 -0.216618
0.191482 1.192327
0.728135 1.422310
0.107082 0.784372
0.172047 0.918380
-0.052119 -0.103405
-0.008793 -0.043785
-0.336591 -1.345001
-0.440244 -0.602876
-0.041853 -0.245619
-0.178914 -0.634928
0.096350 0.228972
-0.170708 -0.580051
0.243755 1.628488
-0.120321 -0.677762
