-0.001348 -0.001436
-0.610903 -0.423662
-0.176044 -0.391999
-0.687451 -1.608526
-0.200984 -0.885860
-0.282804 -1.100051
0.063240 0.137502
-0.177582 -0.846192
0.294122 0.838892
-0.408057 -0.742543
-0.181181 -0.211814
-0.157585 -0.327337
-0.725612 -0.641318
0.294831 1.173378
-0.235020 -0.489520
-0.065030 -0.182829
-0.323650 -0.749444
-0.166946 -0.578793
-0.127281 -0.746860
-0.848337 -1.681035
-0.187886 -0.944271
-0.050604 -0.107583
0.764669 1.648390
0.060638 0.198113
0.198847 0.825883
0.165673 0.992451
0.235381 0.523710
-0.402198 -0.963996
-0.775615 -1.512179
0.059763 0.558660
0.053723 0.214307
-0.129069 -0.685917
0.324548 1.196916
-0.217422 -1.094312
-0.959464 -1.644259
-0.009024 -0.034654
0.209977 1.278285
0.675636 1.331186
0.055041 0.393256
0.230608 1.246427
-0.160270 -0.347947
0.032852 0.195818
-0.285931 -1.145183
-0.758523 -0.743082
-0.080686 -0.500708
-0.219369 -0.841603
0.185949 0.676991
-0.216103 -0.478709
0.179760 1.246395
-0.152859 -0.852553
