-0.030237 -0.917685
-0.083129 -1.814427
0.012280 0.141482
0.113109 0.830332
0.259396 1.264182
-0.099248 -2.112578
0.020000 0.214483
0.026662 0.307082
0.035768 0.365138
-0.098739 -3.209316
0.091639 0.711110
0.079698 0.650917
-0.068838 -1.347746
-0.023303 -0.328149
-0.064708 -1.317881
0.024241 0.197638
-0.091496 -2.221533
0.121529 0.799710
-0.028873 -0.359866
-0.034166 -0.557374
-0.033281 -0.499834
-0.067170 -1.291140
0.051492 0.458388
-0.011658 -0.136794
-0.030069 -0.447360
-0.015150 -0.202874
-0.056035 -1.007560
0.083006 0.709390
-0.096047 -2.708951
0.091811 0.723372
-0.061716 -1.204777
0.045329 0.420167
-0.128769 -5.227211
-0.015461 -0.196387
0.381373 1.428702
0.169696 0.964930
0.092591 0.698046
-0.023673 -0.343208
-0.066002 -1.096424
0.002849 0.034054
-0.106879 -2.691006
0.032520 0.329011
0.114384 0.820622
0.051043 0.470732
0.003871 0.042360
0.064628 0.538297
-0.084346 -1.836438
-0.048779 -0.840765
0.042873 0.412741
-0.004876 -0.061773
