-0.020083 0.070865
0.005308 -0.400440
-0.023644 0.937763
0.048889 -0.527936
-0.029356 -0.460170
-0.022608 0.952406
0.049814 -2.184509
-0.072701 1.047438
0.065683 -0.014800
-0.000881 1.298226
0.147546 -1.568875
-0.128246 1.578637
0.225746 0.355438
0.015090 0.234109
0.011380 0.435807
0.019603 -1.748100
-0.070872 -1.762651
-0.089863 -3.242819
-0.077647 1.151245
0.066522 -0.722212
-0.032606 1.152493
0.065714 1.774701
0.168162 -0.705164
-0.035406 -0.319512
-0.016516 -0.334671
-0.013753 0.041051
0.002711 0.082554
0.004291 1.108216
0.072974 -0.991168
-0.027248 -0.562284
-0.027152 0.494864
0.017649 1.036813
0.056600 -1.669425
-0.056186 0.895801
0.061630 -0.142968
-0.006931 0.474316
0.015503 1.893539
0.221838 0.050793
0.001399 -0.517694
-0.021458 0.825366
0.054662 -0.417329
-0.016195 -0.975282
-0.033749 1.000672
0.103583 -0.578385
-0.021018 -1.368332
-0.076852 -0.023269
-0.001441 -1.516400
-0.079776 -0.469645
-0.017002 -1.403229
