0.434765 1.464725
-0.540689 -0.461200
-0.155933 -0.401391
-0.647916 -1.591602
-0.172370 -0.818598
-0.266999 -0.676379
0.325635 1.210497
-0.118940 -0.574954
0.358347 1.036637
-0.389344 -0.751842
-0.205588 -0.252161
-0.090222 -0.171338
-0.590878 -0.589270
0.213959 0.784764
-0.105266 -0.164379
-0.025193 -0.071474
-0.278347 -0.819770
-0.152077 -0.560710
-0.083056 -0.517781
0.497245 1.593861
-0.141114 -0.713393
0.083552 0.219375
0.823217 1.741792
-0.077243 -0.284788
-0.481869 -1.164225
0.196009 1.165515
-0.179383 -0.333193
-0.428716 -0.858026
0.385980 1.040602
0.104917 0.990943
0.115928 0.477832
0.056040 0.221334
0.470003 1.614900
-0.145336 -0.953212
0.375494 0.853604
-0.064613 -0.216828
0.191979 1.195636
0.720590 1.416561
0.104962 0.763242
0.171589 0.917702
-0.052957 -0.105073
-0.004392 -0.022388
-0.336169 -1.341762
-0.431528 -0.589953
-0.040451 -0.238896
-0.175875 -0.626545
0.100365 0.242770
-0.170747 -0.579772
0.242570 1.637295
-0.120672 -0.680950
