0.114990 0.680784
-0.113675 0.812764
-0.269137 2.383190
-0.342770 3.023440
-0.341153 7.544629
-0.148444 1.076819
0.101872 0.379658
0.136469 0.662436
-0.234894 0.889071
-0.218919 1.258758
-0.272393 0.553421
-0.349035 3.316809
0.029285 0.123458
-0.256673 2.252354
-0.349099 6.767314
-0.160584 0.611038
0.062503 0.368142
-0.197018 1.603219
-0.107377 0.630463
-0.250402 1.066770
-0.158655 0.857499
-0.090800 0.347596
-0.086317 0.554367
0.277517 0.758303
-0.176434 0.158726
-0.120166 0.754274
-0.328447 3.996368
-0.226256 1.461321
-0.300760 2.238457
-0.136603 0.996175
-0.219733 1.882834
-0.244196 1.189098
0.014965 0.081348
-0.172021 1.395171
-0.335492 0.624959
-0.006131 0.035710
-0.041059 0.335261
0.419161 1.655257
-0.081749 0.611259
-0.318981 1.762544
-0.132640 0.798917
0.044867 0.385167
-0.032556 0.256828
0.006429 0.062722
-0.234654 1.086028
-0.179648 2.296414
0.083934 0.393548
-0.064554 0.432024
-0.077233 0.696380
-0.007739 0.041550
