-0.015634 -0.287912
-0.096522 -1.496307
0.003029 0.080391
0.046102 0.756737
0.125003 1.202621
-0.063467 -2.411970
0.023600 0.518605
-0.015056 -0.644215
0.020899 0.465864
-0.015807 -0.195583
0.019510 0.579351
0.018024 0.465571
-0.030970 -0.644755
-0.001539 -0.023247
0.049517 0.710477
-0.049320 -1.052504
0.012893 0.139033
0.015576 0.371378
-0.008770 -0.210751
-0.041010 -0.838009
-0.036899 -1.533775
0.060104 0.652306
0.005336 0.116294
-0.074248 -1.170068
0.025057 0.573174
0.067810 1.011898
0.015122 0.318143
-0.020579 -0.276431
-0.027314 -0.593091
0.008485 0.128322
-0.045453 -1.093607
0.220318 1.419123
0.030477 0.269359
-0.028060 -1.779970
0.008485 0.198152
0.081941 0.659109
0.009421 0.155670
0.013041 0.252575
-0.102256 -1.337280
0.046195 0.883055
-0.011084 -0.300619
0.004824 0.076563
0.020201 0.385275
0.092368 1.081545
-0.038884 -1.047151
-0.137484 -1.554068
0.105432 0.995174
0.033389 0.500238
0.033097 0.755402
-0.028631 -1.496293
