0.049361 0.694338
-0.065706 -0.794460
-0.006230 -0.121493
0.055862 1.218302
-0.026619 -0.550789
-0.047083 -1.243241
0.015775 0.330525
-0.016754 -0.539851
0.078044 1.349597
0.029399 0.666371
-0.102587 -0.848784
-0.131119 -1.382128
0.188840 1.277336
0.009022 0.207187
-0.042373 -0.906605
-0.046178 -1.110771
-0.101531 -1.638078
-0.033794 -1.312580
0.080023 1.584208
0.001114 0.029310
0.021224 0.413677
0.148020 1.953749
0.029075 0.694614
-0.014243 -0.347871
0.029213 1.062706
-0.027779 -0.381177
0.023663 0.424313
0.056492 0.945727
0.013758 0.904539
0.001328 0.029164
0.013017 0.393794
0.092521 1.854750
-0.060614 -1.678439
0.068123 0.986657
-0.003269 -0.096227
0.000734 0.027305
0.119867 1.336580
0.012275 0.561496
-0.000929 -0.028863
-0.004673 -0.069089
-0.014404 -0.601644
0.022215 0.914897
0.017348 0.133152
0.017444 0.705315
-0.105230 -1.544750
0.018687 0.382705
-0.121231 -1.856559
0.012834 0.610745
-0.040792 -1.595856
