-0.666770 -1.486343
-0.007741 -0.011265
0.036000 0.129834
0.151524 0.508894
-0.091875 -0.206501
-0.512198 -1.466475
0.119552 0.432673
-0.229035 -0.845208
0.201201 0.581329
-0.541953 -0.824074
0.548769 0.954654
0.113365 0.252461
0.871627 1.204430
-0.361061 -1.010268
0.197081 0.693693
-0.278292 -1.023798
-0.560801 -1.831872
-0.236116 -0.914068
-0.272990 -1.469090
0.260305 0.884197
-0.319712 -0.836423
0.129588 0.472988
0.701248 1.497112
-0.353353 -0.656947
-0.049565 -0.160478
0.072644 0.436775
-0.013881 -0.022202
-0.694315 -1.747834
-0.872963 -1.847362
-0.048757 -0.490724
-0.196365 -0.755312
-0.168607 -0.705947
0.190355 0.718137
-0.436276 -1.485044
0.226794 0.574398
0.039907 0.195832
0.016140 0.104337
0.537924 1.107817
-0.452759 -2.129795
-0.034971 -0.182838
-0.510407 -0.964094
-0.160968 -0.879155
-0.012067 -0.082378
-0.275949 -0.132935
-0.203041 -1.245913
-0.290929 -0.611150
-0.308066 -0.911501
-0.570625 -0.587955
0.063538 0.440479
-0.253015 -1.879192
