-0.109729 -0.257552
0.284869 0.648714
-0.977367 -2.281865
0.187286 0.575528
-0.166676 -0.511920
-0.248190 -0.769806
0.279845 0.822626
-0.212434 -1.082261
0.150743 0.437209
-0.099168 -0.379573
-0.452548 -0.257429
-0.059880 -0.123936
0.147945 0.115259
0.059580 0.228389
-0.296695 -0.632707
-0.083189 -0.331599
-0.150240 -0.603248
-0.344299 -0.930944
-0.334187 -1.356313
0.202394 0.620362
-0.306396 -0.823812
0.309268 0.859052
0.306941 0.720110
-0.214057 -0.746745
0.210815 0.705535
-0.056332 -0.307027
0.296043 0.719239
-0.890719 -1.657577
0.252677 0.667927
-0.212946 -2.030758
-0.177493 -0.713597
-0.727181 -1.705438
0.268674 0.795053
-0.461775 -2.294811
0.835260 1.434481
-0.638239 -1.383316
-0.064619 -0.371854
0.794787 1.314593
-0.129742 -0.892960
0.021696 0.101908
0.292450 0.759595
-0.641839 -1.803743
-0.930196 -3.179854
0.264258 0.416280
-0.333887 -1.442018
-0.104836 -0.328688
0.007545 0.028556
-0.792226 -1.660493
-0.097073 -0.633628
-0.378820 -1.968286
