-0.256415 -0.440606
-0.461631 -0.710878
0.007967 0.022413
-0.762479 -1.777826
-0.144999 -0.395779
-0.192710 -0.612086
0.330818 1.090447
-0.082961 -0.278037
0.461019 1.219127
0.280811 0.974244
-0.140599 -0.194205
-0.075572 -0.105102
1.217031 1.423905
0.354790 1.297588
0.190782 0.590299
-0.063729 -0.152386
-0.360860 -1.150150
-0.156252 -0.484927
-0.093090 -0.599713
0.634218 1.638786
-0.082196 -0.329810
-0.583818 -1.495307
0.939395 1.714543
-0.069451 -0.142897
-0.606089 -1.734066
0.185118 0.960800
-0.229560 -0.472793
-0.375156 -0.906766
0.489737 1.210106
0.159046 1.282435
-0.096480 -0.355395
0.095799 0.439876
0.522651 1.531391
-0.103154 -0.456990
0.559195 1.261846
-0.035138 -0.100997
0.276765 1.436754
0.931332 1.546758
-0.276156 -1.347699
0.171708 0.839697
-0.159925 -0.323414
-0.075894 -0.347598
-0.370042 -1.668903
0.269409 0.367965
-0.046834 -0.223995
-0.151357 0.775332
0.229306 -0.516785
-0.162698 1.362934
0.229266 0.025817
