-0.125883 -1.042964
-0.130815 -1.121807
-0.066306 -0.441200
0.186085 0.658537
0.267968 0.829444
-0.048892 -0.309787
0.000313 0.001707
-0.009948 -0.054205
-0.025964 -0.153797
-0.214116 -2.790616
0.115162 0.478034
0.117520 0.474662
-0.108891 -0.842588
-0.073417 -0.493019
-0.194212 -2.568438
0.307641 0.912574
-0.145374 -1.328566
0.407833 1.051782
0.152867 0.573634
-0.105371 -0.797307
-0.115950 -0.953142
-0.081351 -0.565336
0.155644 0.590899
0.043785 0.241492
-0.094383 -0.687446
-0.016225 -0.092337
-0.090857 -0.655976
0.118847 0.487306
-0.201773 -2.477946
0.054498 0.255030
-0.146497 -1.338391
0.108149 0.455855
-0.192388 -2.214751
-0.017895 -0.105201
0.506172 1.122633
0.442107 1.151668
0.185476 0.656766
-0.088767 -0.626336
-0.039213 -0.241527
-0.019808 -0.112828
-0.079149 -0.542957
0.035879 0.176609
0.090366 0.390898
0.099817 0.410563
0.046710 0.225252
0.194276 0.687480
-0.170860 -1.782104
-0.097086 -0.729759
0.036480 0.178991
-0.044753 -0.278184
