0.291388 1.512064
-0.181172 -0.583238
0.336142 1.688869
-0.002147 -0.004107
-0.704105 -1.139263
-0.111642 -0.489908
-0.109258 -0.399973
0.036810 0.119704
0.039406 0.095205
-0.313815 -0.346671
0.292184 1.990626
0.237712 1.298340
0.035395 0.059979
-0.468189 -0.715748
0.429906 1.276944
-0.160231 -0.270803
-0.253678 -0.509580
0.208121 0.904234
-0.094363 -0.229675
0.318139 1.075603
-0.128072 -0.433509
0.576945 1.134798
-0.301587 -0.573300
-0.185695 -0.686567
-0.379214 -1.468986
0.371575 1.215279
0.148203 0.422609
-0.247036 -0.569620
0.150805 0.453968
0.686908 1.754305
-0.069156 -0.172408
-0.920246 -1.209967
-0.204228 -0.290633
-0.042257 -0.393770
-0.080193 -0.075843
-0.290983 -0.214107
-0.141692 -0.252192
0.410574 1.418235
0.271799 0.656558
0.371754 1.625207
0.041834 0.134521
-0.720432 -1.765244
-0.325608 -0.552735
0.351408 0.878260
-0.106425 -0.136060
-0.165237 -0.497905
-1.022113 -1.884074
0.038629 0.055906
-0.458336 -1.968718
0.227917 1.774741
