0.735794 -1.149145
-0.673359 0.131081
0.026865 -0.480944
-0.187996 1.161724
0.554241 -1.912264
-0.434329 -1.060365
-0.413093 -0.761168
-0.107889 0.282847
0.067293 0.763712
0.313369 0.142866
0.025511 0.501036
0.111633 -0.186405
-0.052694 0.222819
0.084294 0.848333
0.298090 -0.194179
-0.050458 0.623138
0.306950 -2.951604
-0.819622 -0.585108
-0.333966 0.056179
0.016541 -1.600872
-0.132162 0.713706
0.338604 -0.241541
-0.062724 -0.544520
-0.357922 -0.577446
-0.136209 0.947415
0.320853 0.896799
0.260105 0.320421
0.132117 0.700479
0.196707 0.735107
0.290841 0.116194
0.028664 28.830859
1.067955 -0.162266
-0.205462 -2.623645
-0.270597 -1.753295
-0.608327 -0.040044
-0.040188 -0.162190
-0.063057 0.349722
0.099602 0.017423
0.006272 0.246060
0.061038 -0.116819
-0.024544 1.032399
0.386433 0.569791
0.169797 1.125273
0.463963 -0.390161
-0.086999 -0.732426
-0.481645 1.442505
0.802511 -0.004794
-0.001768 0.326684
0.069966 -0.758854
