-0.298764 -0.927822
-0.429222 -0.788026
0.212456 1.064005
-0.589425 -1.056229
0.467175 1.081517
-0.263865 -1.281532
-0.279873 -1.154740
-0.052795 -0.328682
0.112050 0.471969
0.256583 0.549628
0.073306 0.527591
0.249934 1.245083
0.133371 0.455570
0.124620 0.279531
-0.020434 -0.044298
0.082948 0.285613
-0.386790 -0.619948
-0.167025 -0.363893
-0.312016 -1.168255
-0.614412 -1.532107
-0.347303 -1.102464
0.386333 0.760730
-0.663266 -2.030752
-0.343181 -1.194780
0.101470 0.479841
0.381716 1.283048
0.375472 1.377897
-0.385697 -0.758448
-0.014915 -0.045745
0.456113 1.184394
-0.235774 -0.553984
0.641011 1.067154
0.406698 0.595979
-0.205918 -1.652772
0.132460 0.560395
0.762123 1.207261
-0.281354 -0.478006
0.469458 1.520906
-0.356015 -0.523638
0.262402 1.122051
-0.025804 -0.104218
0.105624 0.266875
0.013880 0.034996
0.252414 0.655826
-0.410441 -0.924928
-0.313374 -0.732336
0.455411 0.968767
-0.297434 -0.752676
0.007788 0.036185
-0.057569 -0.427688
