-0.081184 -0.278503
-0.401075 -0.690578
-0.231737 -0.589504
0.196079 0.667745
-0.210854 -0.959987
-0.328778 -1.067325
-0.019837 -0.005763
-0.228786 -0.766625
0.237143 1.037742
-0.354321 -0.731901
-0.092172 -0.212311
-0.107105 -0.358717
-0.307598 -0.730341
0.339462 1.825534
-0.092468 -0.210834
-0.054172 -0.140686
-0.448614 -1.084267
-0.169199 -0.654475
-0.175864 -0.649041
-0.811040 -4.490411
-0.214356 -0.863109
-0.015225 -0.032561
0.481258 3.050709
0.075195 0.241775
0.236142 1.016314
0.298477 1.470436
0.164908 0.608921
-0.297443 -0.973759
-0.664678 -3.033607
-0.632493 -2.686355
0.086991 0.307784
-0.155606 -0.521264
0.293909 1.471155
-0.297740 -1.012080
0.271207 1.191574
-0.052936 -0.145254
0.402407 2.261679
0.359245 1.923809
0.116515 0.417201
0.366541 1.945223
-0.123347 -0.344002
0.063374 0.200522
-0.424205 -1.195235
-0.440826 -1.027096
-0.102736 -0.370383
-0.190982 -0.797772
0.148075 0.512963
-0.123769 -0.304750
0.442228 2.634813
-0.218489 -0.670605
