0.162136 0.448875
-0.141855 -0.775244
-0.180753 -0.786451
0.590496 1.664943
0.705047 1.608799
-0.145375 -0.383194
-0.242915 -0.423496
0.305401 1.356291
0.425516 1.634938
0.037876 0.340194
0.167199 0.323584
0.561030 1.583859
-0.141977 -0.671614
-0.251174 -0.695615
0.083710 0.491839
-0.674625 -0.734564
-0.180370 -0.937100
-0.389019 -0.294521
-0.203103 -0.577067
0.197081 1.075781
-0.149225 -0.485564
0.183669 0.908967
-0.702465 -1.546884
-0.164158 -0.973300
-0.398677 -1.445924
0.452635 1.797201
-0.029820 -0.082611
0.275288 0.830132
-0.109655 -0.629209
-0.298082 -0.217246
0.006404 0.028045
0.035742 0.071808
-0.127147 -0.887494
-0.111690 -0.435198
1.195064 2.008743
-0.826401 -1.045678
-0.511518 -0.869412
0.274109 1.496323
-0.168997 -0.625398
-0.068122 -0.169698
-0.145614 -0.458886
-0.340474 -0.921969
0.537564 1.492089
0.248868 0.750288
-0.110906 -0.143978
-0.803157 -1.702930
0.031559 0.098844
0.265309 1.314349
0.309706 1.009487
0.069827 0.177523
