-0.008611 -0.139163
0.031334 0.419867
-0.027795 -0.366875
-0.050476 -0.656344
-0.054294 -0.840402
-0.127270 -2.145404
-0.017901 -0.274589
-0.016575 -0.244619
0.043968 0.667779
0.028211 0.450503
0.013734 0.205653
0.008611 0.104736
0.008997 0.128182
-0.120260 -1.471225
-0.111477 -1.685537
-0.083773 -1.298078
-0.035025 -0.531545
-0.023268 -0.412344
-0.082597 -1.372222
-0.055569 -0.741588
0.073543 0.863665
0.026951 0.425736
0.031836 0.508908
0.034385 0.493881
0.056950 0.766678
0.042056 0.501902
-0.099110 -1.499866
-0.051156 -0.777243
0.084871 1.329905
0.002313 0.034544
0.003242 0.048214
-0.039857 -0.572888
-0.144534 -2.206940
-0.068900 -0.753298
-0.074399 -1.114221
-0.014866 -0.181620
0.018530 0.267798
0.005223 0.074393
0.067421 1.003067
0.152501 2.228223
0.023710 0.325905
-0.098307 -1.467956
-0.041651 -0.507183
-0.055264 -0.685074
-0.025559 -0.270213
0.018426 0.236843
0.006617 0.114838
-0.038306 -0.201840
-0.059185 -0.875185
0.047145 0.731344
