-0.799063 -1.596301
0.286920 0.648844
-0.976776 -2.283534
0.189029 0.585490
-0.164269 -0.507807
-0.803800 -2.150244
0.278009 0.820398
-0.217061 -1.091807
0.141714 0.416328
-0.099968 -0.382320
-0.462061 -0.264162
-0.053820 -0.112204
0.125451 0.026184
0.066287 0.253002
-0.288255 -0.632950
-0.085550 -0.341083
-0.147690 -0.595308
-0.329075 -0.908948
-0.340507 -1.335362
0.200708 0.616884
-0.304282 -0.841963
0.309322 0.858833
0.309500 0.724720
-0.219243 -0.754927
0.212618 0.709613
-0.057220 -0.312700
0.291845 0.709215
-0.894296 -1.780629
0.260828 0.682307
-0.211612 -2.026263
-0.179928 -0.720976
-0.725663 -1.692324
0.267592 0.793601
-0.463470 -2.314751
0.838957 1.440540
-0.639460 -1.432597
-0.065610 -0.378402
0.793942 1.303823
-0.129578 -0.893523
0.020817 0.098007
0.295931 0.772963
-0.277092 -1.575277
-0.930772 -3.127137
0.259311 0.407719
-0.335931 -1.438047
-0.100585 -0.316240
0.012321 0.046385
-0.791675 -1.730831
-0.094731 -0.622579
-0.378510 -1.978006
