-0.067320 -0.305709
-0.461631 -0.431597
0.007967 0.013582
-0.762479 -2.507397
-0.144999 -0.438044
-0.192710 -0.552364
0.330818 0.941577
-0.082961 -0.328359
0.461019 1.318957
0.280811 0.278655
-0.140599 -0.222814
-0.075572 -0.136509
1.217031 1.869171
0.354790 1.575912
0.190782 0.288732
-0.063729 -0.194743
-0.360860 -0.517008
-0.156252 -0.538706
-0.093090 -0.697421
0.634218 2.431248
-0.082196 -0.382345
-0.583818 -0.525985
0.939395 2.583637
-0.069451 -0.189791
-0.606089 -2.346547
0.185118 0.300352
-0.229560 -0.505384
-0.375156 -0.568956
0.489737 0.289388
0.159046 -0.408245
-0.096480 0.165261
0.095799 2.201231
0.522651 -0.516804
-0.103154 1.387708
0.559195 -0.136603
-0.035138 1.962833
0.276765 2.221086
0.931332 -0.458751
-0.276156 0.346317
0.171708 -0.360907
-0.159925 -0.401570
-0.075894 -0.538896
-0.370042 0.149905
0.269409 -0.274307
-0.046834 0.230446
-0.151357 -0.578692
0.229306 1.775814
-0.162698 0.017477
