-0.246483 0.478344
0.081648 -0.617866
-0.192171 1.008426
0.164086 -0.578352
-0.172292 -0.553365
-0.160764 1.851981
0.263386 -0.594885
-0.158351 0.226814
0.040640 -0.494025
-0.122457 -0.593767
-0.351279 -0.637418
-0.182750 -0.467392
-0.149955 0.814697
0.129463 -0.687378
-0.217970 -0.488530
-0.821852 -0.211099
-0.046824 -1.015965
-0.358084 -0.680956
-0.300771 0.620623
0.106866 -0.658660
-0.263328 2.072940
0.293813 -0.001662
-0.000335 -0.890763
-0.263532 2.538366
0.333820 0.923306
0.147304 -0.161190
-0.034464 -0.541115
-0.230523 0.454478
0.081412 -0.039231
-0.007886 -0.597932
-0.171020 -0.514839
-0.135071 1.925087
0.268993 -1.600603
-0.486720 4.141183
0.490060 -0.235177
-0.428051 0.530959
0.093388 1.993574
0.276162 0.258334
0.045918 1.516255
0.223828 0.899073
0.140571 -0.691832
-0.225889 1.586003
0.225893 -0.274638
-0.065257 -0.788789
-0.320005 -0.477603
-0.111474 0.076502
0.014635 -2.040369
-0.754589 2.825689
0.362594 -1.042410
