0.377418 1.723905
-0.041948 -0.130978
-0.078020 -0.430566
-0.019954 -0.179799
-0.000720 -0.006741
-0.171280 -0.943095
-0.012429 -0.041556
0.316453 1.312592
-0.487325 -0.900968
0.347666 1.284288
-0.462522 -1.949788
0.467431 1.701788
-0.143942 -0.872441
0.261965 0.994742
-0.025619 -0.106986
-0.074723 -0.287267
-0.216860 -0.441042
0.376516 1.093222
0.007829 0.098515
0.067864 0.590967
-0.185267 -1.039896
-0.018743 -0.141635
-0.366339 -0.817112
-0.330812 -0.633179
0.461350 1.734263
0.030570 0.132711
0.357230 1.374031
-0.245633 -1.578036
-0.269081 -2.275171
0.168385 0.663706
0.034875 0.458444
0.572967 1.226384
-0.358695 -1.505958
0.063800 0.501191
-0.158014 -0.283205
0.115112 0.697903
-0.211105 -0.744833
-0.234188 -1.116422
0.057450 0.141236
0.122285 0.706431
-0.426562 -2.460018
0.259259 1.611935
-0.168472 -0.724968
0.254836 1.449306
0.176135 0.836454
-0.316909 -1.042011
0.063326 0.609364
0.047294 0.251204
-0.219126 -0.705297
-0.290959 -0.489591
