0.130820 0.561434
-0.645296 -1.644061
-0.060183 -0.171775
0.161472 0.712657
-0.371538 -1.436242
-0.597518 -1.826557
0.109770 0.459187
-0.266032 -0.548427
0.149691 0.683870
-0.075293 -0.160070
0.085053 0.378603
-0.036020 -0.129513
0.190535 0.948761
-0.527286 -1.064804
0.091119 0.368347
-0.267152 -0.835887
-0.656970 -2.358165
-0.203710 -0.743040
-0.354741 -1.114504
0.261921 1.439661
-0.338073 -1.343930
-0.624024 -0.584713
0.378081 2.446564
-0.237093 -0.549000
0.063122 0.240553
0.285443 1.649322
0.107266 0.458413
-0.718636 -2.911947
-0.687717 -2.719666
0.202849 1.033989
-0.257858 -0.968904
-0.222569 -0.610213
0.219488 1.185247
-0.569978 -1.714497
0.270897 1.490021
0.046317 0.155252
0.195291 0.961094
0.144637 0.654376
-0.728505 -3.122971
0.231771 1.207331
-0.449145 -1.045930
0.050318 0.217269
0.188134 0.966829
-0.234067 -0.296568
-0.212205 -0.700982
-0.190440 -0.359080
-0.171796 -0.097564
-0.210958 -0.129206
0.320732 1.898303
-0.300690 -1.180049
