0.084384 0.941877
0.044630 0.546824
0.017319 0.335437
0.047927 0.795664
-0.051031 -1.144648
-0.020688 -0.593796
0.022304 0.435379
-0.062496 -1.914410
0.068636 0.929521
0.027806 0.556335
0.070244 0.616109
-0.112856 -1.276448
0.237513 1.333013
0.046571 0.861308
-0.009558 -0.199585
-0.043737 -0.922471
-0.019664 -0.550353
-0.110991 -1.685526
-0.032489 -1.359828
0.016240 0.296972
0.001358 0.035932
-0.042947 -0.904998
0.069442 0.806471
-0.027460 -0.713613
0.010376 0.236900
0.001760 0.056238
-0.047890 -0.685245
0.029679 0.497042
0.100563 1.159674
-0.011689 -0.583268
-0.046233 -1.229702
0.019450 0.482947
0.061885 0.956298
-0.038721 -1.281517
-0.014457 -0.216041
0.012038 0.315417
0.013008 0.383162
0.224437 1.519696
-0.001127 -0.041549
-0.015065 -0.492269
0.046629 0.643719
-0.015693 -0.642205
0.010748 0.323796
0.116735 0.967765
-0.009797 -0.374500
-0.064031 -1.169772
0.011780 0.226537
-0.063264 -1.227937
-0.001584 -0.058392
-0.016917 -0.676113
