0.292753 0.767579
0.031147 0.046772
-0.010249 -0.034064
0.154260 0.495960
-0.356539 -1.316976
-0.520731 -1.557691
0.136680 0.489164
-0.223286 -0.615007
0.243740 0.707460
-0.621632 -1.327687
0.408242 0.674621
-0.010625 -0.021771
0.796565 1.057972
-0.525476 -0.955681
-0.007491 -0.020873
-0.251473 -0.823301
-0.596221 -1.939314
-0.184880 -0.601642
-0.289841 -1.441116
0.296148 0.967301
-0.314197 -1.599031
-0.628649 -0.521366
0.684098 1.438991
-0.239462 -0.510032
0.032624 0.127793
-0.671723 -2.309309
-0.288867 -0.430473
-0.755193 -1.817390
-0.775616 -1.619270
-0.016040 -0.154571
-0.249843 -1.133352
-0.241244 -1.063439
0.216495 0.789469
-0.419822 -1.413811
0.078955 0.163911
0.034634 0.165199
0.048227 0.304568
0.352219 0.670015
-0.112043 -0.417328
0.104624 0.558480
-0.533421 -0.924658
-0.047729 -0.333990
0.015848 0.105747
-0.519129 -0.482017
-0.178331 -1.000413
-0.289015 -0.694329
-0.494201 -0.557805
-0.611908 -0.985076
0.064205 0.440049
-0.246469 -1.713366
