0.007992 0.191250
0.027813 0.472878
-0.006070 -0.199599
-0.067658 -0.885779
-0.029869 -1.031856
0.035255 0.469138
-0.057459 -0.730814
-0.111972 -1.165796
0.001931 0.032629
0.070188 1.092136
-0.079161 -1.382480
-0.042093 -0.682353
0.009575 0.082528
0.021203 0.517966
-0.043798 -1.131639
0.035093 0.404307
0.080244 0.709639
-0.042238 -0.755081
-0.002976 -0.035207
-0.068203 -1.285753
0.000226 0.004601
0.170962 1.021496
-0.035330 -0.771416
0.098462 0.461671
-0.115814 -1.148453
0.009017 0.172967
-0.044092 -0.991491
0.053012 0.773899
-0.023490 -0.348393
-0.038970 -0.885333
0.008757 0.211868
-0.154984 -1.445220
0.103914 0.935497
0.032094 0.522148
-0.005206 -0.231874
0.070584 0.593955
0.004876 0.108971
-0.006126 -0.040762
-0.002119 -0.040851
-0.238888 -1.640638
0.003723 0.052363
-0.065222 -1.154878
-0.030940 -0.800848
-0.006575 -0.137354
-0.043230 -0.598350
0.100404 1.221555
0.010846 0.117816
0.034593 0.529057
-0.045711 -1.306645
-0.064115 -0.760423
