-0.211426 -2.060147
-0.255822 -2.198899
-0.094060 -0.957043
-0.287343 -5.029828
-0.264569 -3.366821
-0.141865 -1.669957
0.049108 0.319102
-0.080709 -0.246271
-0.122912 -0.241677
0.184065 0.714309
0.066839 0.377001
-0.376839 -3.566231
-0.215665 -1.676946
-0.211165 -1.355998
-0.130066 -1.484063
-0.187666 -2.037641
0.055542 0.275015
0.040960 0.137868
-0.264691 -3.557581
-0.348998 -7.679376
-0.068473 -0.524671
-0.278038 -3.659210
0.210054 0.768818
0.116751 0.457719
0.273000 1.149120
-0.287637 -2.884585
-0.226822 -1.139092
-0.264319 -2.646936
-0.272878 -3.752424
0.112605 0.570701
-0.304486 -6.363314
0.619439 1.641952
-0.007239 -0.241917
-0.320615 -5.677589
0.049494 0.237497
0.001423 0.010258
-0.113262 -1.048484
-0.186459 -1.285076
0.050645 0.085779
-0.239015 -1.830409
-0.394623 -9.050713
-0.329973 -4.620409
-0.121400 -1.081766
-0.281624 -2.507310
0.153438 0.846135
0.061835 0.299669
-0.049228 -3.843098
-0.299780 -3.270199
-0.023231 -0.123567
0.033890 0.191938
