0.113985 0.740143
-0.046941 -0.409206
-0.081143 -1.417592
-0.016294 -0.109332
-0.129348 -3.540964
0.047924 0.389956
0.321633 1.570006
0.049312 0.157546
-0.030857 -0.237348
0.048916 0.307120
-0.125819 -2.071960
-0.166612 -2.600545
0.090139 0.217300
-0.073346 -0.981279
-0.117571 -2.328831
-0.029409 -0.231563
0.151679 0.578635
-0.077534 -0.995817
0.107812 0.710018
-0.153304 -2.949572
-0.045091 -0.466054
0.311732 1.396177
-0.108558 -1.728827
0.267467 1.098583
-0.151691 -1.440570
-0.052583 -0.538789
-0.090842 -1.293526
-0.010273 -0.064597
-0.052342 -0.509654
-0.112022 -1.902625
-0.086234 -1.389441
-0.194894 -2.067919
0.110116 0.608063
0.024934 0.219664
-0.126009 -3.404461
0.286936 1.368784
0.053634 0.456202
0.179205 0.539730
0.089167 0.607268
-0.099714 -0.755914
0.019767 0.162647
-0.041350 -0.380606
-0.127436 -2.566693
-0.086865 -1.101733
-0.060550 -0.545088
-0.021336 -0.303775
0.035081 0.206159
-0.011742 -0.107491
-0.164886 -5.025331
0.067783 0.360219
