0.126226 0.383720
0.233290 0.563709
-1.017360 -2.392440
0.205779 0.639433
-0.208340 -0.609376
-0.144304 -0.651952
0.263048 0.792646
-0.146206 -0.810016
0.206238 0.593292
-0.081069 -0.322744
-0.531883 -0.440070
-0.185490 -0.330892
0.436153 0.557339
0.163275 0.570303
-0.163588 -0.520107
-0.016853 -0.068062
-0.055836 -0.248243
-0.265182 -0.815270
-0.173803 -1.140074
0.174938 0.555371
-0.170391 -0.797641
0.273750 0.803401
0.340966 0.801166
-0.151020 -0.641784
0.152694 0.556677
-0.051536 -0.283288
-0.037069 -0.089283
-0.847823 -1.697917
0.203684 0.561902
-0.210330 -2.079503
-0.122458 -0.553941
-0.721850 -1.836682
0.187048 0.614243
-0.433888 -1.968786
0.747116 1.354849
-0.688950 -1.291177
-0.042837 -0.241985
0.652103 1.181737
-0.140514 -0.997796
0.053762 0.241619
0.272090 0.735951
-0.169279 -1.181308
-0.935463 -3.129651
0.150684 0.226628
-0.287138 -1.651151
-0.157198 -0.471595
0.028696 0.110437
-0.867104 -1.813968
-0.110656 -0.761299
-0.421157 -2.349280
