-0.705139 -1.841089
0.251690 0.592834
-0.108004 -0.380235
0.181093 0.562783
-0.126271 -0.433596
-0.203850 -0.818148
0.266610 0.794920
-0.170685 -0.931694
0.096525 0.292222
-0.192120 -0.646548
0.108998 0.157642
-0.388336 -0.294602
0.522891 0.677822
-0.003160 -0.013086
0.076914 0.258364
-0.278722 -0.953327
-0.175619 -0.696686
-0.418472 -0.941681
-0.407772 -1.997806
0.203066 0.629506
-0.228979 -0.916538
0.250820 0.750350
0.293400 0.696375
-0.110524 -0.482783
0.090578 0.358040
-0.066136 -0.374403
-1.496503 -2.346455
0.045313 0.150442
0.338757 0.856532
-0.241890 -2.440014
-0.623031 -1.468946
-0.112457 -0.625724
0.060882 0.217492
-0.459045 -2.272528
0.772986 1.386683
-0.065689 -0.332035
-0.094063 -0.574622
0.666001 1.191991
-0.755973 -3.096113
0.068783 0.301417
0.121139 0.337313
-0.306555 -1.632353
-0.934463 -3.192493
0.312389 0.540248
-0.371201 -1.488140
-0.021372 -0.073247
-0.031934 -0.122724
-0.126664 -0.443812
-0.068326 -0.426246
-0.419362 -2.504375
