0.197701 1.063372
-0.000008 -0.000038
0.000025 0.000191
-0.000041 -0.000220
-0.000004 -0.000038
0.157561 0.489926
0.000000 0.000002
0.000002 0.000010
0.156551 0.596990
-0.122082 -0.674068
0.000601 0.005233
-0.000001 -0.000005
0.173928 0.052896
0.000001 0.000008
-0.000378 -0.003359
0.210446 0.862024
0.250737 1.156557
-0.000222 -0.001154
0.284973 1.469202
0.000000 0.000002
0.000001 0.000003
0.344454 1.828316
-0.000016 -0.000116
0.294284 0.692176
-0.000001 -0.000005
0.289157 1.721049
-0.000025 -0.000115
0.198069 1.221537
0.000011 0.000044
0.000004 0.000019
-0.052666 -0.102307
0.000000 0.000003
0.400563 2.438420
0.301793 2.102728
-0.000028 -0.000238
0.329019 1.284161
-0.000002 -0.000012
0.000001 0.000002
-0.000006 -0.000022
-0.000000 -0.000000
-0.141365 -0.104489
-0.000139 -0.000828
-0.000001 -0.000010
-0.173449 -0.976405
0.000001 0.000005
0.361403 2.534350
-0.000027 -0.000074
-0.000072 -0.000434
0.000099 0.000865
0.000231 0.001140
