-0.527087 -2.235289
0.006673 0.054618
-0.231816 -1.712435
0.179513 0.861562
-0.059605 -0.761350
-0.047767 -0.261724
-0.049487 -0.182748
0.281927 1.092675
0.065623 0.423650
-0.394853 -1.688789
0.061383 0.439443
0.051488 0.322962
0.191847 0.686383
-0.485196 -2.076239
-0.516157 -2.469574
-0.270456 -0.855588
-0.017654 -0.090630
-0.175455 -0.878999
-0.050603 -0.191321
0.041090 0.309033
-0.413257 -1.859011
0.184591 0.847921
0.065628 0.478718
-0.195132 -0.378222
0.250144 0.993556
-0.019621 -0.168557
-0.000918 -0.008272
0.001209 0.010135
0.079210 0.460429
-0.022219 -0.193691
-0.466175 -1.738942
0.215188 0.858980
0.097511 0.556206
-0.191802 -1.180629
-0.029846 -0.405083
0.211523 1.005732
-0.029729 -0.264198
0.401879 1.123590
-0.563544 -1.445055
0.258878 0.892267
-0.138917 -0.586133
-0.007783 -0.057870
-0.020184 -0.199560
0.024945 0.194909
0.015627 0.084909
-0.080526 -0.893787
0.119071 0.540974
-0.058821 -0.455819
0.063759 0.552352
-0.021261 -0.092524
