-0.151027 -1.148336
-0.213280 -2.396839
-0.306961 -4.225535
-0.184260 -1.204702
-0.264593 -2.295169
-0.017063 -0.070631
0.076279 0.385314
0.034321 0.154061
-0.212421 -1.632323
-0.289688 -3.329106
0.498239 1.540007
-0.327719 -5.641236
-0.028667 -0.200134
-0.374103 -5.449763
-0.015354 -0.072890
-0.275722 -3.415161
-0.082498 -0.772101
-0.282149 -4.414713
-0.217215 -1.116497
-0.377820 -5.789192
-0.061974 -0.414670
-0.111632 -0.807543
-0.152236 -1.498687
-0.234493 -2.746733
-0.256369 -1.512432
-0.225930 -1.538567
-0.366636 -6.077474
-0.160181 -2.037555
-0.010653 -0.030323
-0.252441 -2.150714
-0.260566 -1.618238
0.305371 1.285439
-0.209830 -1.575247
0.124528 0.509853
-0.087698 -0.708777
-0.106791 -0.692913
-0.261133 -3.028881
-0.036438 -0.269180
-0.131166 -0.825796
-0.328223 -7.847832
-0.315253 -4.916363
0.104897 0.657398
-0.013661 -0.090084
-0.387667 -3.937562
0.156798 0.803708
0.037113 0.188305
0.089396 0.516643
-0.323499 -3.177729
-0.183586 -1.541316
