-0.280842 -0.677292
-0.812318 -0.543282
-0.084709 -0.246802
0.175106 0.597703
-0.359990 -1.275131
-0.555021 -1.487037
0.176591 0.657223
-0.105701 -0.451853
0.339609 0.991134
-0.633371 -1.445316
0.106552 0.162168
-0.014622 -0.030518
0.669159 0.899324
-0.041160 -0.130568
-0.169057 -0.150888
-0.158370 -0.495829
-0.061109 -0.164446
-0.204343 -0.715224
-0.129977 -0.616542
0.296124 1.006247
-0.279392 -1.157204
-0.574833 -0.702443
0.638910 1.415670
-0.066648 -0.222124
0.011241 0.043821
0.098678 0.578749
0.095506 0.213065
-0.715358 -1.815285
-0.793271 -1.619288
-0.039545 -0.403211
-0.214341 -0.881280
-0.262484 -1.265903
0.186961 0.708810
-0.465744 -1.482391
0.290328 0.779162
-0.043103 -0.200330
0.049436 0.320726
0.186030 0.296203
-0.106151 -0.461564
0.121339 0.658224
-0.581190 -0.984725
0.036104 0.260910
0.024326 0.166808
-0.334072 -0.255205
-0.178372 -1.010608
-0.170042 -0.205943
-0.541138 -0.527715
-0.576845 -0.152211
0.038632 0.281496
-0.263203 -2.021977
