-0.343138 -1.187011
0.027360 0.154253
-0.103602 -0.642203
-0.273919 -0.753987
-0.309810 -2.399816
-0.258871 -0.908922
0.077984 0.210568
0.253045 1.338399
0.215303 1.613792
-0.000776 -0.003160
-0.529406 -0.884452
0.183028 1.483185
-0.150095 -0.931503
0.322092 1.670167
-0.070781 -0.153346
-0.056228 -0.397222
-0.155047 -0.913630
-0.107275 -0.746399
-0.167763 -0.651972
0.373796 1.928400
-0.073377 -0.257336
0.005070 0.022887
-0.173961 -0.963469
-0.052374 -0.325501
0.263869 1.492546
-0.395086 -0.945885
0.417489 2.102116
-0.099050 -0.688175
-0.459505 -1.015297
0.245870 1.382068
0.154688 1.499594
0.275769 0.980143
-0.021370 -0.053041
-0.239537 -0.369840
-0.237607 -1.173143
-0.053634 -0.234831
-0.245407 -1.213994
0.011083 0.058732
-0.222433 -1.001102
0.045172 0.451606
0.171786 1.386280
-0.478391 -1.977654
-0.186784 -0.452800
0.544779 2.119554
0.135660 0.536038
-0.279864 -0.843815
0.060572 0.275781
-0.398226 -1.509207
0.317401 1.489220
-0.403137 -2.120744
