-0.060312 -1.247145
0.080425 0.679895
-0.012875 -0.207478
-0.021446 -0.643254
-0.009586 -0.224515
0.121812 0.902951
0.086407 0.696772
-0.053025 -0.550178
0.024242 0.157902
0.231557 0.879282
-0.040931 -0.599929
-0.196462 -1.766768
-0.101597 -1.948830
-0.079390 -0.788945
-0.113915 -1.700332
0.007478 0.127906
0.086634 0.560253
0.191983 0.784835
-0.012306 -0.374792
-0.056719 -1.350752
0.067330 0.637431
0.041494 0.527531
0.209117 0.620529
0.195119 0.766587
-0.074860 -0.758695
-0.094904 -1.543376
-0.097695 -0.947295
-0.016757 -0.416415
-0.016636 -0.504571
0.078511 0.511532
-0.074825 -2.701928
1.093192 2.569316
0.046794 0.489006
-0.040261 -0.930432
0.019803 0.185142
-0.074297 -1.256554
0.092948 0.659815
0.004713 0.057124
0.168135 0.583889
-0.101778 -1.593651
-0.056617 -1.343523
-0.137067 -2.110799
-0.020994 -0.538651
-0.080662 -1.235709
-0.101586 -1.286035
0.586174 2.431774
-0.012499 -0.297418
-0.073485 -1.289919
0.138098 0.869572
0.163515 0.441983
