-0.066042 -0.419016
-0.098714 -1.434657
-0.010757 -0.209270
-0.038767 -1.261129
0.002560 0.076411
0.050938 0.578954
0.018362 0.234743
-0.069359 -0.742447
-0.032094 -0.262812
0.105459 0.704759
-0.004083 -0.059593
-0.070921 -0.696968
0.005985 0.112524
-0.105326 -1.064736
-0.076211 -1.134379
0.040098 0.782001
0.165314 0.946774
-0.103909 -0.798248
0.002863 0.109009
-0.046810 -1.118150
0.113787 0.980593
-0.004660 -0.138033
0.139856 0.662811
0.140455 0.675689
-0.152178 -1.474287
-0.087733 -1.339418
-0.108959 -1.067405
0.018403 0.463703
-0.013727 -0.510169
-0.008464 -0.086829
-0.004931 -0.193490
-0.009634 -0.043500
0.016942 0.257663
0.026956 0.543410
0.044681 0.454466
-0.043723 -0.731950
0.146278 1.167043
0.012772 0.185862
-0.043016 -0.400412
0.043381 0.526210
-0.089885 -1.720179
-0.089891 -1.444223
-0.006768 -0.195036
-0.087451 -1.297547
-0.137549 -1.549708
0.709219 2.723308
-0.020098 -0.589425
-0.053814 -0.928622
0.104520 0.699563
0.050067 0.434150
