0.390025 0.803153
-0.625928 -0.656059
-0.279844 -0.513803
0.113744 -0.907012
-0.204016 -1.059535
-0.268919 0.090688
0.050069 -0.867082
-0.176224 0.804051
0.297454 -0.809519
-0.424566 -0.335449
-0.293969 -0.273915
-0.132978 -0.672459
-0.703403 1.331578
0.330405 -0.293844
-0.188232 -0.308017
-0.104616 -1.204660
-0.388902 -0.504064
-0.146440 -0.774766
-0.123310 1.453466
0.456111 -0.902224
-0.180115 0.008538
0.003479 1.586997
0.754256 0.072562
0.024150 0.770629
0.192491 1.005192
0.168667 0.105106
0.060141 -0.945139
-0.377150 -1.539202
-0.815216 0.703587
0.072699 0.427288
0.100313 -0.655197
-0.128809 1.205678
0.334451 -1.138205
-0.221857 -1.535095
-0.907905 0.031319
0.007342 1.347879
0.222639 1.330426
0.682704 0.269748
0.039937 1.133198
0.207903 -0.821971
-0.406603 0.013428
0.002629 -1.144880
-0.272196 -0.654238
-0.740544 -0.564169
-0.087220 -0.827887
-0.219597 0.488197
0.148417 -0.459477
-0.185931 1.311970
0.194954 -0.887287
