-0.155802 -0.617093
-0.280563 -0.764014
-0.206545 -0.548277
-0.666755 -3.252277
-0.179291 -0.868688
-0.228508 -0.653124
0.307113 1.462651
-0.174724 -0.569362
0.273437 1.179658
-0.311930 -0.615589
-0.083178 -0.219623
-0.068684 -0.218631
-0.379952 -0.674654
0.271930 1.168014
-0.021205 -0.041065
-0.018124 -0.046667
-0.409199 -1.056937
-0.149098 -0.612771
-0.137186 -0.507014
0.461495 2.630123
-0.172863 -0.697273
0.086386 0.236513
0.532309 3.414055
0.118970 0.388256
0.277106 1.166101
0.322005 1.539997
-0.095416 -0.237429
-0.304691 -0.789904
-0.532118 -2.014726
0.206277 0.699210
0.118064 0.408788
0.104357 0.288376
0.442646 2.639650
-0.201784 -0.928401
0.259279 0.967553
-0.119101 -0.372959
0.248567 0.938045
0.391928 2.073266
0.207002 0.836945
0.265626 1.122337
-0.012232 -0.035022
0.080569 0.284531
0.201389 0.734727
-0.231152 -0.618866
-0.065902 -0.223878
-0.134597 -0.516236
-0.357552 -0.630973
-0.142822 -0.529866
0.480885 2.850041
-0.181254 -0.559264
