-0.295836 -0.303863
-0.816160 -1.277578
-0.465912 -0.558291
-0.702420 -1.700312
-0.202184 -0.875756
-0.281685 -1.013655
0.050131 0.105701
-0.163558 -0.791791
0.216319 0.588323
-0.337077 -0.779101
-0.127960 -0.109076
-0.119994 -0.121808
-0.934053 -0.539155
0.192306 0.789943
0.496076 1.600063
-0.144263 -0.535447
-0.438318 -1.451775
-0.209454 -1.055879
-0.124285 -0.774356
-0.877788 -1.801858
-0.188325 -0.870516
0.062714 0.180179
0.687628 1.585464
-0.072717 -0.217050
0.217618 0.940627
0.112797 0.682270
0.076828 0.125831
-0.263938 -0.787259
-0.845087 -1.611382
0.015348 0.129350
0.123565 0.561459
-0.126259 -0.665232
0.080053 0.242766
-0.218584 -1.132371
-0.908640 -1.595905
-0.016024 -0.063030
0.166930 1.073973
0.688318 1.421962
0.042337 0.308478
0.163623 0.930705
-0.428691 -0.925327
-0.064752 -0.292937
-0.260420 -1.086917
-0.828458 -0.741252
-0.091146 -0.592733
-0.204216 -0.720002
-0.470469 -0.763462
-0.159921 -0.423648
0.173298 1.228486
-0.159441 -0.786943
