0.000010 0.000030
0.000000 0.000002
0.125101 0.484112
0.243567 2.169948
-0.000002 -0.000010
-0.000146 -0.000879
0.226853 1.967499
0.084690 2.274712
0.284232 0.001909
-0.112950 0.000919
0.000631 2.493919
0.000151 1.207200
0.459499 1.377227
0.163171 0.000174
0.190484 0.000014
0.000025 0.000001
0.000002 -0.000496
0.000000 2.041923
-0.000044 -0.000110
0.243974 2.946844
0.098580 -0.769416
-0.000021 -0.556647
0.387781 1.422746
-0.135436 -0.000054
-0.115938 0.000045
0.144379 1.377441
-0.000010 0.866409
0.000009 0.000115
0.213442 1.069805
0.087075 -2.682156
0.000015 -0.000002
0.132895 -0.000160
-0.280351 0.011020
-0.000000 0.017983
-0.000038 1.917786
0.001967 0.801234
0.059384 -0.000063
0.312842 2.049808
0.098973 -0.000062
-0.000011 2.131240
0.272572 0.052205
-0.000006 1.161141
0.171781 -0.000004
0.151472 1.381341
0.123149 0.097835
-0.000001 0.069437
0.181989 -0.000005
