-0.399943 -0.664240
0.265823 0.727467
-0.677501 -0.059990
0.100969 0.228897
-0.400001 -0.987343
-0.399996 -0.866200
0.176356 0.673099
-0.400164 -1.145869
-1.122329 -4.327858
0.054520 0.137888
0.112667 0.021163
-0.390734 -0.475828
0.144199 0.017083
-0.401780 -0.556700
0.238297 0.987295
-0.400004 -0.721097
-0.400006 -0.739049
-0.404990 -0.562822
-0.399900 -1.409663
0.276549 1.128474
-0.400041 -0.866116
0.117921 0.383064
0.613281 2.169877
-0.402395 -0.511826
0.020937 0.055230
0.115320 0.648802
0.187982 0.496115
-0.399237 -0.671898
-0.400000 -0.800709
-0.057127 -0.345551
-0.399988 -0.868983
-0.272343 -0.320614
0.216255 0.922501
-0.399646 -0.905485
0.319879 1.091767
-0.252655 -0.251486
0.053479 0.280294
0.296462 0.714458
-0.400067 -0.800904
0.116409 0.613373
-0.399992 -0.568619
0.006392 0.034703
-0.396963 -0.737268
-0.399981 -0.459504
-0.400742 -0.933876
-0.399997 -0.505053
0.047568 0.128019
-0.399977 -0.619820
0.093125 0.582453
-0.399997 -1.113329
