-0.433303 0.781938
0.269183 0.623649
-0.126852 0.407228
0.287412 1.107213
-0.187815 0.552578
-0.874593 0.872860
0.251847 1.031721
-0.741940 0.926168
0.226603 0.770710
-0.037169 0.130033
0.038802 0.023474
0.289559 0.700450
0.898828 1.417046
0.153148 0.745420
-0.112398 0.347291
-0.100877 0.339724
-0.067577 0.270932
-0.534642 1.452992
-0.354410 1.690794
0.229639 0.910770
-0.174686 0.751189
0.286958 1.121023
0.202359 0.413186
-0.350349 1.132583
0.160717 0.759286
0.013538 0.090562
-0.074283 0.166425
-0.074625 0.215677
0.288845 0.938594
-0.175780 1.395625
-0.082229 0.326704
-0.793267 0.766415
0.269884 1.068991
-0.387837 1.855894
0.789352 1.926848
-0.635269 1.278432
-0.101792 0.536628
0.781137 1.782646
-0.113684 0.670042
0.072399 0.432494
0.289331 0.955632
-0.648688 1.594102
-0.045027 0.226805
0.649503 1.244613
-0.262686 1.556510
-0.028985 0.086991
0.115017 0.501184
-0.056637 0.179188
-0.138801 0.849358
-0.313649 1.954198
