0.401461 -2.220239
-0.449911 -0.165578
-0.039350 2.912568
0.418164 1.015282
0.456832 -0.652302
-0.262915 -0.124102
-0.036551 0.650185
0.160773 0.397520
0.105656 -4.762367
-0.636109 1.312926
0.598397 1.449823
0.651513 -2.976994
-0.750624 -0.515999
-0.121321 -0.995484
-0.152094 0.590768
0.331968 -1.655805
-0.517756 0.816211
0.415446 -0.167272
-0.065687 -3.763874
-0.933683 -0.496775
-0.127434 -0.874731
-0.262882 -2.093193
-1.003402 -1.986286
-0.526598 0.557389
0.138235 0.228335
0.055532 0.488687
0.030019 -0.617328
-0.322903 -1.557729
-0.232011 -0.085870
-0.029265 -1.306543
-0.305763 0.985182
0.361016 -2.380892
-0.425325 -0.806862
-0.292175 1.305108
0.757550 -0.955596
-0.718456 0.592157
0.220953 0.304401
0.061405 -1.317850
-0.476010 -0.004190
-0.001013 -0.509094
-0.353155 -2.804971
-0.895018 0.807031
0.293978 0.266170
0.080603 0.156562
0.053247 -0.066275
-0.032727 -0.171033
-0.034714 -1.588104
-0.652870 0.895712
0.290597 -0.379287
