-0.500155 -2.182833
-0.200053 -0.748695
-0.199849 -0.717149
0.238386 1.018556
0.103697 0.784315
-0.200000 -0.504352
-0.199998 -0.599608
-0.548703 -0.817642
0.219486 1.153754
0.003724 0.010011
-0.633945 -4.001798
0.345779 2.034104
-0.393215 -0.326794
-0.226014 -0.473581
0.078251 0.421641
-0.199996 -0.365378
-0.200001 -0.411047
0.173434 0.787176
-0.199996 -0.472830
0.192197 1.137339
-0.199294 -0.493117
-0.185413 -0.291274
-0.587069 -3.416459
-0.199999 -0.516972
0.353216 1.561047
0.155039 0.891399
0.117333 0.622136
-0.400847 -0.244108
0.113924 0.235896
0.190176 1.177229
-0.200589 -0.596105
0.358553 1.588854
0.164024 0.643606
-0.199268 -0.499368
-0.199806 -0.787609
-0.200059 -0.359841
0.075247 0.276660
0.381931 1.170633
0.103078 0.384701
-0.200014 -0.263089
-0.405661 -0.302685
-0.643907 -3.991452
0.056077 0.216882
-0.027427 -0.008547
0.293778 1.558134
-0.200005 -0.906255
0.464630 2.370434
-0.417619 -0.175802
0.102287 0.629368
-0.199987 -0.316452
