0.091256 0.435284
0.099867 0.427357
0.261807 1.600559
-0.136295 -0.427465
-0.122000 -0.217890
-0.054880 -0.185823
0.316366 2.023551
-0.184444 -0.874546
0.262595 1.520996
-0.016125 -0.063820
-0.250724 -0.766565
-0.277152 -0.670488
0.309612 2.021448
0.185337 0.868103
0.222752 1.225309
0.167019 0.888624
-0.091997 -0.179916
0.208342 1.071128
0.085168 0.358917
0.007441 0.026689
0.192814 1.031554
-0.122544 -0.260104
0.215505 1.153656
-0.227961 -1.146607
-0.535276 -2.191192
0.263026 1.579855
-0.531734 -2.182084
0.154988 0.752755
-0.466038 -1.728648
-0.115906 -0.414385
0.060546 0.262207
-0.529245 -2.251888
-0.164825 -0.394151
0.249920 1.470894
0.202738 1.058235
-0.409687 -0.752306
-0.178447 -0.791778
-0.550043 -2.471699
0.141261 0.579900
0.252974 1.493250
-0.581672 -2.896434
0.349644 2.410794
0.245027 1.350476
0.415324 3.177454
-0.514658 -2.271948
-0.415121 -1.756106
-0.074635 -0.137138
0.256663 1.554857
-0.002527 -0.006970
-0.003138 -0.005527
