-0.107322 -0.188434
0.083987 0.508058
-0.185657 -2.610384
-0.254152 -7.705100
-0.075459 -0.551562
0.208418 1.342669
0.269943 1.238322
0.105368 0.360168
-0.162629 -0.447943
-0.197625 -0.344403
-0.085010 -0.188835
-0.066706 -0.275045
-0.162345 -1.589544
-0.167439 -1.461749
-0.059586 -0.164377
-0.045861 -0.142390
-0.108835 -1.014986
-0.036207 -0.196945
-0.176310 -1.169908
-0.102443 -0.283533
0.049001 0.293523
-0.140759 -0.878524
0.212621 1.141149
0.291196 1.466654
-0.124789 -0.911581
-0.228076 -3.386951
-0.102009 -0.923503
-0.161097 -1.151166
-0.122624 -0.385077
-0.112220 -0.668031
-0.075873 -0.370138
0.027432 0.236794
-0.049486 -0.436680
-0.205295 -0.364287
-0.002672 -0.012336
0.061286 0.725578
0.183664 0.860994
0.072815 0.487273
-0.100424 -0.349155
-0.034948 -0.268925
0.052932 0.251659
0.028451 0.128384
0.096807 0.991196
-0.101154 -0.637505
-0.066968 -0.638160
0.015522 0.109181
-0.099008 -0.627758
0.022611 0.192326
