0.333656 1.010182
-0.262267 -0.622482
0.333394 1.606458
0.237827 0.769108
-0.760882 -1.276049
-0.151072 -0.676901
-0.156360 -0.627272
0.004438 0.016385
0.026793 0.071188
-0.339327 -0.385633
0.230166 1.597620
0.201331 1.106725
-0.149713 -0.256224
0.456354 1.235929
0.349765 1.019185
0.263032 0.959153
-0.288694 -0.689853
0.112587 0.441612
-0.122568 -0.343425
0.245855 0.775393
-0.168345 -0.577892
-0.557828 -0.550942
-0.326832 -0.578702
-0.224084 -0.833511
-0.419212 -1.620821
0.321011 1.052589
-0.462854 -1.129989
-0.246166 -0.432959
-0.062230 -0.140642
0.675655 1.690032
-0.113724 -0.288108
0.822997 20.964106
-0.243057 -0.345865
-0.088673 -0.843025
-0.001241 -0.002575
-0.402097 -0.293101
-0.200891 -0.348051
0.483904 1.642472
-0.681399 -1.645707
0.382137 1.634453
-0.444859 -1.580664
0.149642 0.277203
-0.430039 -0.978821
0.390479 1.044203
-0.150116 -0.202931
-0.204146 -0.618942
0.893916 1.835257
0.147753 0.318307
0.184149 0.931110
0.215707 1.603743
