-0.357493 -0.434742
-0.071229 -1.101522
-0.063113 -1.654711
-0.200001 -0.022984
-0.199763 0.229837
-0.068311 0.192025
0.052667 -0.854261
0.045773 -1.098023
-0.200001 -1.055843
-0.200014 -0.813388
-0.200029 -0.574083
-0.200020 -0.356714
-0.199993 -1.539725
-0.062442 -0.002474
-0.199999 2.569730
-0.000695 0.413256
0.440696 0.624754
0.061749 -1.608634
0.112037 0.089454
-0.199998 0.613538
0.014604 -0.258379
0.130470 1.069501
-0.066356 -0.705270
0.280516 -0.221244
-0.200046 -1.037745
-0.052225 0.767256
-0.200004 -0.010452
0.121110 -0.993550
-0.072357 -0.242952
-0.200000 -0.874537
-0.092800 0.839364
-0.199985 0.594089
0.159859 -0.593267
0.085873 0.779996
-0.106966 3.300936
0.180505 -0.016975
0.412599 -1.300868
-0.045761 -0.639941
-0.341483 -0.018196
-0.201967 -0.003201
-0.058824 -1.386287
-0.000596 0.120309
-0.200002 1.658773
-0.067136 -1.579943
0.024383 0.519677
0.195238 -1.328126
-0.415948 0.465115
