0.304978 1.725566
0.012076 0.222228
-0.031776 -0.500664
-0.013467 -1.313967
-0.034365 -1.078990
0.076671 0.503249
0.002204 0.019537
-0.028285 -0.378411
0.007710 0.113982
-0.028756 -0.481492
-0.133654 -1.021638
-0.058613 -1.311434
-0.045490 -0.864893
-0.160862 -2.086345
0.063749 0.462407
-0.014478 -0.338261
0.035725 0.360890
-0.052279 -1.528577
-0.017275 -0.250783
-0.112302 -1.725984
0.052423 0.514700
0.036719 0.438571
0.073054 0.765889
-0.006587 -0.132444
0.010290 0.380728
-0.073441 -0.888933
-0.140302 -2.147872
0.023825 0.395741
-0.019261 -0.163606
-0.066528 -1.027684
-0.027481 -0.643364
0.014351 0.102077
-0.004032 -0.051235
0.320387 1.145622
-0.010833 -0.183108
-0.028073 -0.521502
0.019240 0.364016
-0.056551 -1.226655
0.339054 2.538476
-0.098801 -2.728300
-0.061211 -1.417839
0.522225 2.747762
0.060403 0.533584
-0.170132 -1.861946
-0.024141 -0.279929
0.186378 0.528196
0.030888 0.345759
-0.037913 -0.529810
-0.147601 -1.764616
-0.041630 -0.779869
