-0.050413 -0.888485
-0.017091 -0.317915
0.000776 0.010797
-0.105068 -1.194953
-0.060678 -1.866651
0.013902 0.134516
0.027106 0.142550
0.048692 0.251791
-0.063792 -1.042667
-0.054818 -1.484373
-0.058024 -1.052695
-0.071989 -1.031274
-0.004953 -0.041002
-0.025462 -0.642563
-0.082951 -1.816604
-0.047959 -0.566489
0.230565 -0.481251
-0.026932 0.513430
0.098126 -1.384786
-0.075098 -0.480130
-0.024282 0.170252
0.114930 0.436010
-0.012863 -0.885047
0.155678 0.304496
-0.092184 -1.447626
0.034272 0.193231
-0.073509 -0.908908
0.067188 -0.933333
-0.069846 -0.198385
-0.043711 -1.368532
-0.008078 0.724347
-0.160827 0.408303
0.178615 -2.163508
0.044697 0.227875
-0.056778 2.082062
0.122774 -0.827260
0.331219 -0.902906
-0.126259 -0.719510
-0.051391 0.086870
-0.091391 -0.160897
0.052901 -1.540848
-0.009226 -0.363738
-0.065158 -0.788560
-0.018154 1.813351
-0.061587 -0.011771
0.195523 0.050687
-0.001087 -1.317503
0.004719 0.130500
