0.129558 0.457213
0.231754 0.534871
-0.139677 -0.467386
0.194559 0.596645
-0.078964 -0.283012
-0.840618 -2.303550
0.260325 0.773819
-0.211401 -1.110576
0.183040 0.529351
-0.084913 -0.310591
-0.366820 -0.050524
0.149413 0.346608
1.039439 1.326667
0.012341 0.048596
-0.221292 -0.616247
-0.070307 -0.280457
-0.145119 -0.587686
-0.514203 -1.685213
-0.446631 -2.487569
0.177207 0.536175
-0.136172 -0.632641
0.222610 0.691371
0.190480 0.452419
-0.018092 -0.074209
0.200613 0.670080
-0.885981 -2.786337
0.029263 0.072257
-0.237436 -0.462018
0.222403 0.596260
-0.196452 -1.849978
-0.808904 -1.921989
-0.114119 -0.621521
0.304134 0.896003
-0.449288 -2.286743
0.497823 1.070011
-0.328149 -0.943394
-0.032075 -0.176292
0.789757 1.298992
-0.736701 -3.369924
-1.001731 -2.863787
0.192496 0.521269
-0.492764 -1.514741
-0.026234 -0.140515
-1.769142 -2.062181
-0.272940 -1.646934
-0.085707 -0.274446
0.089106 0.322098
-0.012513 -0.041629
-0.004483 -0.023970
-0.558897 -0.555071
