-0.229675 -0.536827
0.169010 0.567853
-1.069903 -2.878898
0.143922 0.613408
-0.068743 -0.235711
-0.164489 -0.533339
0.187953 0.843107
-0.216929 -0.760839
0.136977 0.554758
-0.074954 -0.262111
-0.521653 -0.415713
0.113762 0.349394
0.583659 1.646177
0.010686 0.047592
-0.248647 -0.056304
-0.013352 -0.447984
-0.136301 -1.273637
-0.599995 -1.672217
-0.599470 0.551661
0.131763 -0.509863
-0.124765 0.734205
0.164392 0.458907
0.142412 -0.068950
-0.015324 0.713281
0.149042 -0.269803
-0.047486 0.069561
0.025365 0.638427
-0.248767 -1.390016
0.166850 -0.350567
-0.195457 -0.518221
-0.256951 0.957910
-0.102171 -1.553287
0.215018 1.204529
-0.598285 -0.249251
0.326190 -0.162322
-0.418143 1.536915
-0.027338 -1.036166
0.473254 0.170086
-0.231082 0.526471
0.031357 -1.251437
0.142322 -0.132417
-0.600005 0.762802
-0.022386 -0.830766
0.284907 -0.273642
-0.304438 0.324141
-0.095204 -0.026476
0.070718 -0.026100
-0.007266 -0.117657
