-0.075461 -0.966577
-0.019671 -0.534996
0.055290 1.221480
0.117791 1.490809
0.103443 1.160021
-0.019017 -0.426822
0.036076 0.704290
0.074363 1.515995
0.041766 0.917358
0.015932 0.980215
-0.005437 -0.079453
0.092432 1.289540
-0.025373 -0.697083
-0.005769 -0.156690
0.008865 0.359937
0.032343 0.313418
-0.050990 -1.210549
-0.039861 -0.376960
-0.014552 -0.213322
0.036659 1.103955
-0.006114 -0.148028
0.007552 0.239631
0.043268 0.626250
-0.079057 1.336652
0.056525 0.901764
0.040311 -0.870056
-0.031925 0.606557
0.036446 -0.720710
-0.016224 0.300127
0.017193 -0.112658
-0.003164 1.066962
0.082307 -0.888673
-0.021878 -0.147849
-0.006702 1.502994
0.192811 -0.954050
-0.159894 0.532351
0.036158 1.110882
0.035940 -1.336246
-0.128606 0.938256
0.041871 -0.791455
-0.038932 -0.352591
-0.017825 1.410161
0.109703 0.043571
0.002215 -0.756643
-0.053720 -0.180818
-0.014054 -0.156197
-0.005459 0.466774
0.016020 1.522466
0.100036 -0.113429
