0.024923 0.242533
0.015182 0.120219
-0.113979 -0.598981
-0.098503 -0.397795
-0.431793 -3.342660
-0.430693 -0.839547
0.207877 1.928379
0.120124 0.632169
0.118412 0.809048
0.045075 0.285778
0.526373 1.490887
0.091470 0.679153
0.027237 0.202374
0.250969 1.195809
-0.371023 -0.982881
-0.231325 -1.108493
-0.059646 -0.300767
-0.278815 -1.110923
-0.472295 -1.435376
0.234578 1.174234
0.018057 0.094885
-0.014433 -0.099433
-0.050600 -0.301872
-0.211694 -1.118298
0.207142 1.083680
0.063557 0.261599
0.261270 1.363429
-0.191095 -1.041218
0.292848 1.073599
0.140851 0.766343
-0.094856 -0.797300
0.364711 1.265752
0.130069 0.691266
-0.301641 -0.425411
-0.095246 -0.606299
-0.047750 -0.326930
-0.041694 -0.440196
0.089590 0.659191
-0.474459 -2.753979
-0.033503 -0.397771
0.041611 0.330833
-0.665283 -2.820255
-0.131061 -0.435075
0.417381 1.552465
0.204706 1.004853
-0.089668 -0.241532
-0.565943 -2.538233
-0.776287 -3.020717
0.326128 1.365130
0.153413 0.959292
