0.093714 0.654411
-0.023295 -0.411554
-0.021358 -0.591788
-0.115418 -1.510615
-0.061155 -2.208276
-0.022687 -0.321854
0.023579 0.218013
0.021794 0.200647
-0.056416 -0.947968
-0.046994 -1.406360
-0.066391 -1.318666
-0.056559 -0.895156
-0.062945 -0.552301
-0.021134 -0.496969
-0.072007 -1.973998
0.000063 0.000664
0.370604 1.716644
0.029023 0.380455
0.057331 0.532147
-0.104928 -2.021186
0.006105 0.092208
0.069203 0.510705
-0.022348 -0.430105
0.191153 0.781638
-0.076089 -0.807484
-0.018451 -0.316170
-0.054426 -1.284445
0.059713 0.616490
-0.023265 -0.305827
-0.052638 -1.215383
-0.028326 -0.691844
-0.112059 -1.206071
0.089125 0.673674
0.041051 0.514729
-0.031343 -1.235985
0.439141 1.782542
0.335024 2.264905
-0.016207 -0.108272
-0.020013 -0.342945
-0.090379 -0.768298
-0.019746 -0.265563
0.000018 0.000255
-0.066246 -1.807386
-0.022104 -0.400312
0.010376 0.121748
0.115750 1.247475
0.006044 0.060222
0.037426 0.455541
-0.054708 -1.764710
0.048667 0.406657
