0.044024 0.346652
-0.023387 0.150037
-0.084025 0.938712
-0.083435 0.587499
-0.171427 5.961762
0.012515 0.136248
0.266335 0.981247
0.081316 0.534228
-0.037996 0.166692
-0.100628 1.114165
-0.111320 1.255008
-0.126393 1.083687
0.011298 0.071162
-0.103218 1.281423
-0.140059 2.446497
-0.055141 0.063560
-0.010003 0.030548
-0.049117 0.424653
-0.013802 0.081077
-0.145313 2.101293
-0.003381 0.017826
0.384640 0.913496
-0.111850 1.293507
0.298478 1.403141
0.435108 1.451130
-0.059354 0.355142
-0.094613 0.863102
0.130154 0.562042
-0.080937 0.659023
-0.118504 1.506864
-0.051475 0.496267
-0.194018 1.734417
0.090682 0.718058
0.049235 0.468204
-0.133113 0.208735
0.049918 0.392341
0.158790 1.622604
0.002935 0.017135
0.172943 0.853710
-0.107453 0.511163
0.022040 0.221313
-0.008980 0.045446
-0.130029 0.259212
-0.034444 0.098767
-0.057895 0.240856
-0.003353 0.037083
0.059742 0.432003
-0.004810 0.032844
-0.126197 2.247250
0.073502 0.546562
