-0.024808 -0.042639
0.162387 0.330388
-0.077923 -0.137102
0.193683 0.585837
-0.281418 -0.717467
-0.402860 -1.265004
0.210364 0.678260
-0.266872 -1.016847
0.477816 1.158086
0.163447 0.563188
-0.278106 -0.335130
-0.365073 -0.590554
1.165495 1.331237
-0.003597 -0.004536
0.253583 0.753951
-0.253684 -0.731428
0.103552 0.406671
-0.328618 -1.088473
-0.244605 -1.154041
0.413633 1.120744
-0.236621 -0.933565
-0.677342 -1.741684
0.801464 1.442720
-0.229130 0.238913
0.063483 0.428103
0.084298 -0.855142
-0.440713 -0.940580
-0.365329 0.007219
-0.861189 -0.961653
0.000898 -0.539207
-0.256180 0.660621
-0.175191 -2.145559
0.209455 0.951939
-0.557158 -1.173941
0.427069 0.377159
-0.315618 1.032563
0.070887 0.071238
0.571837 0.567594
0.011280 -0.062821
0.123184 -0.895203
-0.062680 -0.001550
-0.257297 0.246587
-0.000989 -0.965008
0.169077 0.355366
-0.198593 -1.049339
-0.149348 0.530124
0.106173 -1.402034
