0.126460 -2.396839
-0.213280 -4.225535
-0.306961 -1.204702
-0.184260 -2.295169
-0.264593 -0.070631
-0.017063 0.385314
0.076279 0.154061
0.034321 -1.632323
-0.212421 -3.329106
-0.289688 1.540007
0.498239 -5.641236
-0.327719 -0.200134
-0.028667 -5.449763
-0.374103 -0.072890
-0.015354 -3.415161
-0.275722 -0.772101
-0.082498 -4.414713
-0.282149 -1.116497
-0.217215 -5.789192
-0.377820 -0.414670
-0.061974 -0.807543
-0.111632 -1.498687
-0.152236 -2.746733
-0.234493 -1.512432
-0.256369 -1.538567
-0.225930 -6.077474
-0.366636 -2.037555
-0.160181 -0.030323
-0.010653 -2.150714
-0.252441 -1.618238
-0.260566 1.285439
0.305371 -1.575247
-0.209830 0.509853
0.124528 -0.708777
-0.087698 -0.692913
-0.106791 -3.028881
-0.261133 -0.269180
-0.036438 -0.825796
-0.131166 -7.847832
-0.328223 -4.916363
-0.315253 0.657398
0.104897 -0.090084
-0.013661 -3.937562
-0.387667 0.803708
0.156798 0.188305
0.037113 0.516643
0.089396 -3.177729
-0.323499 -1.541316
