0.436887 2.434727
-0.150383 -1.052576
0.012483 0.071513
0.285892 1.528547
0.119364 0.141836
-0.179336 -0.944124
0.089260 0.100828
0.125858 0.109367
0.266089 1.997598
-0.179129 -0.812304
0.101127 0.156937
0.313245 2.135654
0.140559 0.142219
0.099489 0.772740
0.102019 0.838369
-0.244008 -1.125505
-0.179771 -0.571253
-0.030769 -0.157466
0.136013 0.241796
0.091215 0.346014
-0.063630 -0.341353
0.179658 0.199013
-0.248379 -0.523755
-0.259155 -0.700391
0.219444 0.164508
0.027925 0.124364
-0.287973 -0.523417
-0.282318 -1.088918
0.209893 0.954479
-0.449341 -0.480440
-0.119095 -0.879360
0.475979 2.231416
-0.106491 -0.446519
-0.137941 -0.696732
-0.181792 -2.039168
0.198696 0.185436
-0.012873 -0.080659
0.461400 1.326767
-0.107646 -0.585789
0.468107 1.689239
-0.265650 -0.583692
0.222962 1.718178
0.194306 0.248687
-0.344250 -0.545831
0.024405 0.046591
-0.095253 -1.003464
0.140453 0.116233
0.105605 0.465252
0.177642 2.252829
0.109918 0.133150
