-0.289017 -1.143333
-0.016726 -0.093354
-0.184922 -1.327213
-0.153823 -1.517612
-0.094471 -0.784508
-0.174364 -1.008511
-0.113455 -0.620390
0.263154 0.869337
0.314283 0.944562
0.282853 0.884441
0.105302 0.481968
0.413500 1.154689
-0.054608 -0.354395
0.337312 1.018616
-0.047369 -0.263083
-0.122640 -0.969147
0.007675 0.030706
0.454950 1.157923
-0.204900 -2.573426
-0.103827 -0.815041
-0.134372 -0.767965
-0.150274 -1.417054
-0.030913 -0.069242
-0.044497 -0.091887
0.436341 1.203630
0.136008 0.591723
0.472165 1.293292
-0.293403 -2.563984
-0.268146 -3.246717
0.109908 0.431337
-0.189309 -2.185995
0.800971 1.427627
-0.037001 -0.222432
-0.129725 -1.017584
-0.005211 -0.023550
-0.062073 -0.378516
-0.054196 -0.310141
0.096403 0.443000
0.256659 0.827132
0.061417 0.300046
0.040375 0.220506
0.073650 0.374453
-0.145713 -1.308191
0.134813 0.603378
0.212437 0.824839
0.062170 0.237208
-0.098710 -0.802740
0.141278 0.617572
0.099360 0.344885
0.057301 0.244585
