-0.612371 0.560515
0.162387 0.098539
-0.077923 0.242458
0.193683 0.120448
-0.281418 0.821967
-0.402860 0.908403
0.210364 0.720842
-0.266872 1.124853
0.477816 1.671265
0.163447 0.519514
-0.278106 0.400333
-0.365073 0.637610
1.165495 1.874045
-0.003597 0.013242
0.253583 0.846960
-0.253684 0.857325
0.103552 0.083675
-0.328618 1.217949
-0.244605 1.330556
0.413633 1.623712
-0.236621 1.084410
-0.677342 0.708480
0.801464 2.185054
-0.229130 0.058019
0.063483 0.496686
0.084298 0.849635
-0.440713 0.963294
-0.365329 0.001537
-0.861189 1.101099
0.000898 0.767260
-0.256180 0.630701
-0.175191 0.710640
0.209455 1.122715
-0.557158 1.173161
0.427069 0.413099
-0.315618 1.247983
0.070887 0.015490
0.571837 0.694790
0.011280 0.139850
0.123184 0.934583
-0.062680 0.005743
-0.257297 0.092492
-0.000989 1.180862
0.169077 0.124593
-0.198593 0.682709
-0.149348 0.089970
0.106173 1.613733
