-0.406650 -0.771015
-0.495146 -0.759376
0.014380 0.042961
0.463243 1.314539
-0.195906 -0.704074
-0.277269 -0.907496
0.277622 0.916946
-0.150425 -0.629725
0.360891 0.958438
0.239141 0.827604
0.269392 0.395645
-0.178612 -0.302568
-0.656398 -0.596507
0.371290 1.310046
0.131201 0.403197
-0.094041 -0.225916
-0.399277 -1.268608
-0.194868 -0.582184
-0.128207 -0.727451
-0.967843 -1.991806
-0.124576 -0.496302
-0.270542 -0.568680
0.898034 1.641739
-0.112565 -0.235110
0.235973 0.892938
0.146344 0.759311
-0.371485 -0.588135
-0.362948 -0.870677
0.439376 0.445993
0.052259 -0.132983
-0.060131 -0.345707
-0.090435 1.219230
0.393210 -0.600799
-0.141615 1.197972
0.534815 -0.092767
-0.037846 1.234710
0.238821 1.483267
0.894194 0.233434
0.037450 0.852239
0.178257 -0.420069
-0.204552 -0.706779
-0.161063 0.289132
0.051061 0.314576
0.230444 -0.454041
-0.089794 0.941348
-0.204736 -0.465750
0.277718 1.126697
-0.186351 -0.048847
