-0.061232 -0.673293
0.020007 0.150800
-0.037464 -0.358338
0.061966 0.515967
-0.015367 -0.144793
-0.072143 -0.768242
0.010604 0.094330
-0.106551 -1.251967
0.058840 0.476569
0.036006 0.318836
0.177660 1.071081
0.067267 0.503382
0.306962 1.596429
-0.035308 -0.355219
0.033288 0.289832
0.007377 0.066237
-0.103070 -1.102826
-0.075317 -0.715586
-0.189509 -2.548619
0.046738 0.397730
-0.060702 -0.628124
-0.020165 -0.178584
0.136318 0.964280
-0.034896 -0.338655
-0.023658 -0.233987
-0.082392 -0.960540
0.125591 0.927559
0.054831 0.449618
0.064573 0.507817
-0.170163 -2.592865
-0.087217 -0.925928
-0.046134 -0.488318
0.015916 0.143031
-0.106876 -1.203160
0.098385 0.716731
-0.090545 -1.026895
-0.109187 -1.326258
0.302973 1.748765
-0.133603 -1.748501
-0.041116 -0.442389
0.087315 0.673533
-0.065423 -0.753783
-0.061935 -0.686055
0.139385 0.905067
-0.068863 -0.792828
-0.012392 -0.112102
-0.039773 -0.384450
0.002307 0.020152
-0.073708 -0.887762
-0.116481 -1.490405
