0.003723 0.101557
0.010982 0.289720
-0.017690 -0.484574
0.005015 0.132875
0.019745 0.502195
0.031038 0.794803
0.011095 0.285061
0.045700 1.137756
0.023571 0.607860
0.062752 1.511069
0.028416 0.733670
0.016718 0.426399
-0.013271 -0.365739
-0.004077 -0.108333
-0.008624 -0.243171
0.066290 1.582773
-0.049906 -1.478894
0.003733 0.100172
-0.002499 -0.069086
-0.027081 -0.764675
-0.048685 -1.410595
0.035870 0.870714
-0.029374 -0.826009
0.018997 0.481237
0.023636 0.605472
-0.046285 -1.339416
0.006544 0.173523
-0.001501 -0.040630
-0.028041 -0.795801
-0.002095 -0.056873
-0.030751 -0.874518
-0.002988 -0.080726
-0.074082 -2.261855
-0.082800 -2.552898
0.072232 1.728921
-0.019194 -0.521198
0.009978 0.266641
0.023709 0.599511
0.027616 0.710590
0.070794 1.632648
0.036791 0.905722
-0.034055 -0.961390
-0.015876 -0.437765
-0.067921 -2.035956
-0.032303 -0.891560
0.037064 0.893580
0.050633 1.235548
-0.104535 -3.274191
0.030830 0.767150
0.013229 0.343486
