0.562909 1.260548
-0.612832 -0.430561
-0.169403 -0.372659
0.181225 0.466898
-0.201226 -0.882690
-0.272402 -1.076757
0.039676 -0.835360
-0.171000 0.932644
0.320955 -0.813717
-0.427773 -0.228490
-0.219010 -0.284623
-0.140058 -0.640596
-0.686219 1.110334
0.274701 -0.427146
-0.235235 -0.194135
-0.068236 -1.223661
-0.393819 -0.579409
-0.159458 -0.758768
-0.122658 1.391121
0.434991 -0.932348
-0.184825 -0.004641
-0.002125 1.645729
0.774128 0.138824
0.044175 0.741698
0.183273 0.958594
0.162462 -0.120519
-0.096953 -0.951564
-0.376293 -1.569623
-0.816522 0.610443
0.065218 0.309457
0.075274 -0.663393
-0.126918 1.151329
0.318158 -1.116244
-0.229685 -1.641193
-0.948145 -0.039957
-0.010406 1.338461
0.222924 1.373031
0.707195 0.306733
0.044308 1.206729
0.225235 -0.831676
-0.398776 0.172341
0.029211 -1.128556
-0.282084 -0.678557
-0.757479 -0.582635
-0.090978 -0.756169
-0.210425 0.463923
0.142321 -0.462992
-0.195480 1.364294
0.201857 -0.888916
