0.000459 0.001085
-0.000000 -0.000000
0.000001 0.000002
-0.000000 -0.000000
0.000002 0.000008
-0.005154 -0.009539
0.439177 1.009624
-0.000322 -0.001020
0.608289 1.966790
0.595200 2.569969
0.228421 0.169540
-0.004317 -0.005551
0.057173 0.040568
0.460208 1.291563
-0.000000 -0.000000
-0.001551 -0.002241
-0.001426 -0.002742
-0.000000 -0.000001
0.000001 0.000002
0.724875 3.111022
-0.000000 -0.000000
0.480384 1.208869
0.915830 3.328915
0.320052 0.012811
-0.337587 -0.142020
0.444800 2.186632
0.000021 0.000030
0.000004 0.000007
-0.413396 1.913369
0.330347 0.000003
0.000001 0.000405
0.000277 0.111412
0.093298 -0.000003
-0.000001 -1.456963
-0.593604 0.003279
0.001604 2.412842
0.451908 2.130387
0.777524 2.003889
0.382986 1.759247
0.420400 0.000002
0.000002 1.070525
0.306294 0.536228
0.276281 0.005518
0.004072 0.003690
0.001515 0.000016
0.000008 0.000708
0.000322 0.000000
0.000000 3.218578
0.505903 -0.000001
