0.024990 0.136500
-0.090809 -0.593200
-0.178489 -1.465235
0.112017 0.586040
-0.158363 -1.284835
-0.110597 -0.597185
0.069362 0.362977
0.117108 0.576129
-0.023281 -0.140645
-0.122226 -0.918299
-0.062836 -0.398635
0.033889 0.193395
0.240019 1.046709
-0.146696 -1.074028
-0.107183 -0.775873
0.006767 0.035018
0.031950 0.174065
-0.099538 -0.624348
-0.009384 -0.047937
0.047017 0.289257
-0.000072 -0.000449
0.130081 0.649410
-0.035785 -0.237548
0.206291 0.736971
0.182226 0.852097
0.014613 0.091460
-0.126929 -0.878828
-0.908239 -4.029758
0.137238 0.718580
-0.074665 -0.501974
-0.210393 -1.478693
0.126271 0.596829
0.099796 0.540895
-0.126773 -0.792150
-0.153619 -1.279937
0.024118 0.129928
-0.079389 -0.534281
0.338429 1.326122
-0.030437 -0.189792
0.273224 1.166949
-0.086503 -0.467224
-0.030317 -0.187277
-0.112203 -0.807817
-0.012665 -0.080775
0.123999 0.644192
-0.188914 -1.440022
0.090223 0.449537
-0.257874 -1.150348
-0.148581 -1.161976
0.020359 0.105200
