-0.001904 -0.017813
-0.042970 -0.552796
-0.104177 -1.506977
-0.016324 -0.105451
-0.148153 -4.251906
0.120656 0.653573
0.100605 0.551034
0.379573 1.924700
-0.058892 -0.569276
-0.133717 -2.086801
-0.214311 -1.566826
-0.154931 -3.236124
0.046240 0.249863
-0.210841 -3.052678
0.239438 1.159965
-0.079891 -1.093977
0.042987 0.353519
-0.004656 -0.027801
-0.044916 -0.391121
-0.103870 -1.218366
0.043190 0.345779
-0.008368 -0.072513
0.061131 0.510416
-0.024741 -0.271619
-0.105517 -1.086080
0.007228 0.042153
-0.196535 -3.491097
-0.000946 -0.069220
0.036088 0.147301
-0.139140 -1.999639
-0.162459 -4.017181
0.046091 0.161621
0.020075 0.145579
0.240236 4.668449
-0.038871 -0.256093
-0.004158 -0.024839
-0.102710 -1.866838
-0.171176 -3.601411
0.025100 0.147685
-0.151720 -4.626550
-0.123679 -2.125011
-0.131345 -1.448571
0.280944 1.772088
-0.135648 -1.378515
0.249830 1.184197
0.243069 1.504470
0.247496 1.652308
-0.125721 -1.603182
-0.143471 -1.623130
-0.041812 -0.333495
