0.106124 0.186010
-0.613945 -0.576316
-0.105492 -0.165152
-0.618714 -1.551167
-0.170176 -0.779711
-0.193455 -0.712556
0.096953 0.209851
-0.152820 -0.817386
0.256343 0.697687
-0.290814 -0.689387
-0.161808 -0.171110
0.084648 0.147044
-0.888196 -0.651527
-0.374695 -0.591041
-0.613900 -1.336065
-0.103346 -0.377534
-0.264901 -0.770392
-0.155278 -0.663240
-0.083067 -0.514286
0.538131 1.684540
-0.145967 -0.682248
0.080059 0.203596
0.740562 1.685425
-0.034888 -0.110320
-0.411660 -0.485749
0.148702 0.892269
0.230509 0.474643
-0.332564 -0.952768
0.390802 1.068577
0.062557 0.545007
0.163363 0.741150
-0.087547 -0.444908
0.334784 1.251968
-0.143715 -0.970125
0.401173 0.993991
-0.033519 -0.111681
0.181907 1.172453
0.712774 1.450109
0.071937 0.510846
0.123654 0.644052
-0.073982 -0.155708
-0.028706 -0.129042
0.096276 0.524231
-0.488651 -0.592502
-0.055636 -0.343881
-0.171596 -0.664534
-0.333757 -0.509729
-0.154236 -0.355379
0.219032 1.548410
-0.124102 -0.614040
