0.342275 2.888934
0.087056 0.500387
-0.069968 -0.305100
-0.087916 -0.382766
-0.285656 -0.884109
0.017982 0.089921
-0.006807 -0.029639
0.087691 0.533931
0.256620 1.970169
-0.083271 -0.375594
-0.504214 -1.625220
-0.657083 -2.342451
-0.646234 -2.408961
0.003729 0.016435
-0.082462 -0.304408
-0.131414 -0.518412
0.014534 0.079090
0.015175 0.079616
0.062075 0.365497
-0.238104 -0.702110
-0.011229 -0.050715
-0.192575 -0.364696
-0.046872 -0.200532
-0.214729 -0.552283
0.137409 0.863268
0.231113 1.704549
0.017863 0.087582
-0.066234 -0.265321
0.086998 0.493531
0.077033 0.464416
-0.123512 -0.200111
0.206699 1.472517
0.003742 0.018785
0.174768 1.189441
0.161936 1.058209
0.178822 1.207956
-0.310424 -1.227221
-0.035366 -0.047693
0.027351 0.139609
0.065607 0.362161
-0.923139 -6.577929
0.246270 1.856048
0.188311 1.276508
0.381669 3.395252
-0.026151 -0.097672
-0.611286 -2.075061
0.037472 0.190401
0.236915 1.718158
0.022002 0.105661
-0.683288 -2.807131
