-0.079215 -0.898202
-0.183210 -0.834530
-0.075308 -0.666940
0.172695 0.893974
-0.278101 -1.538975
-0.205673 -0.682043
0.240909 1.202757
-0.605277 -1.571023
-0.485675 -1.699054
0.031726 0.278702
0.149404 1.122895
0.286501 1.657387
-0.131329 -0.258993
-0.109873 -0.417158
0.054384 0.553127
-0.167087 -0.644516
-0.233559 -0.955609
0.138501 0.925356
-0.088804 -0.358989
0.200866 1.488456
-0.279765 -0.555027
-0.024624 -0.101853
-0.433174 -1.773812
-0.387193 -1.196963
0.315101 1.320962
0.114990 0.994023
-0.307233 -1.029706
-0.061946 -0.262538
0.141482 0.778274
0.065781 0.495130
-0.168093 -0.531083
0.073000 0.183027
-0.079428 -0.377189
-0.102029 -0.485015
-0.180648 -1.568830
0.054670 0.265668
-0.090260 -0.196512
0.266747 0.761788
-0.129575 -0.635535
-0.162125 -0.303595
-0.011462 -0.048818
0.161319 1.177748
0.054658 0.496433
-0.012891 -0.079077
0.159037 0.919084
-0.075885 -0.635583
0.421430 1.765674
0.001933 0.011000
-0.326133 -1.578889
0.142932 0.647740
