0.000311 0.000655
0.000001 0.000002
0.000069 0.000307
0.415499 1.636137
0.267110 1.733027
-0.000000 -0.000000
0.490813 2.245335
0.000002 0.000003
0.355685 1.565906
0.178280 0.022057
0.412664 2.410813
0.535523 3.101183
0.000002 0.000003
0.000002 0.000005
0.233214 0.910508
0.000011 0.000031
0.000006 0.000020
-0.374048 -1.653537
-0.000000 -0.000001
0.444314 2.761759
-0.000359 -0.000833
-0.000012 -0.000021
0.359144 1.928925
-0.000001 -0.000002
0.696475 3.335494
0.339182 1.847630
0.232939 0.588883
-0.000873 -0.002266
0.376373 1.401137
0.259272 0.781960
0.000003 0.000008
0.273218 0.119806
0.000476 0.001174
0.000001 0.000002
-0.000002 -0.000008
0.234274 0.019200
0.000014 0.000038
0.516644 1.333988
0.000000 0.000001
-0.000005 -0.000008
-0.014923 -0.025997
0.401708 2.196939
0.233942 0.763475
0.001874 0.004045
0.377034 1.417823
-0.000000 -0.000002
0.650205 3.286008
0.000108 0.000203
0.342910 2.575968
0.378424 1.145534
