-0.336199 -0.929533
-0.856550 -1.121401
0.031480 0.117038
0.134652 0.420169
-0.400081 -1.148743
-0.386218 -1.425382
0.102726 0.379270
-0.210301 -0.674264
0.216280 0.640278
0.031221 0.104776
0.285817 0.437144
0.048078 0.106877
0.620441 0.801302
0.006495 0.020504
0.244621 0.848847
-0.219396 -0.696306
-0.527292 -1.254507
-0.181777 -0.562438
-0.299052 -1.228532
0.280326 0.944378
-0.292449 -1.179296
0.160010 0.572289
0.878022 1.658482
-0.076746 -0.244866
-0.039202 -0.136714
0.128288 0.722948
0.002322 0.004697
-0.352553 -0.920922
-0.590868 -1.453811
-0.020091 -0.189696
-0.173800 -0.665714
-0.231113 -1.038725
0.151596 0.563334
-0.438552 -1.430913
0.347620 0.924480
-0.057588 -0.235500
0.049845 0.315162
0.664848 1.299387
-0.094006 -0.432677
0.115785 0.620255
-0.703153 -0.862498
-0.083182 -0.532301
0.007810 0.052550
0.035285 0.029220
-0.208843 -1.146997
-0.060234 -0.137407
-0.018726 -0.062219
-0.044708 -0.107395
0.076721 0.520816
-0.193507 -1.422050
