0.592452 1.297320
0.077360 0.128472
-0.009481 -0.030951
0.158960 0.511379
-0.360806 -1.332674
-0.496202 -1.408262
0.128011 0.450877
-0.216418 -0.664892
0.248020 0.717236
-0.631018 -1.417300
0.082474 0.121528
0.031084 0.065592
0.606291 0.776795
-0.477959 -0.775203
0.041159 0.123006
-0.254838 -0.850363
-0.514947 -1.561749
-0.183101 -0.619974
-0.280170 -1.472255
0.314240 1.019774
-0.308032 -1.572873
0.060164 0.191798
0.670208 1.406081
-0.243127 -0.600686
0.015546 0.058981
0.120842 0.678118
-0.288966 -0.438297
-0.744417 -1.794693
-0.793317 -1.601037
-0.009927 -0.095168
-0.233720 -0.946995
-0.236102 -1.022411
0.225888 0.824918
-0.440275 -1.500155
0.437643 1.089157
0.014340 0.064767
0.055079 0.347300
0.374119 0.714839
-0.457756 -2.076070
0.097333 0.528196
-0.581727 -0.943610
-0.048192 -0.338868
0.014167 0.094551
-0.504156 -0.495384
-0.192608 -1.107977
-0.207653 -0.169007
-0.467816 -0.770475
-0.597113 -0.834057
0.083775 0.559559
-0.250227 -1.762451
