-0.093190 -0.856182
-0.218109 -1.115081
-0.129570 -0.871960
0.151218 0.791730
-0.339418 -1.859862
-0.360443 -0.992451
-0.443333 -1.465941
0.084673 0.291961
0.135826 0.921548
0.001369 0.013731
0.148381 1.141580
0.257661 1.463156
-0.004368 -0.007977
-0.038924 -0.249718
0.037533 0.398635
-0.102210 -0.300688
-0.354867 -0.677905
0.100512 0.670216
-0.165226 -0.602000
0.113735 0.910061
-0.301413 -0.701135
-0.042046 -0.173900
0.109479 0.886626
-0.383717 -1.077019
0.264945 1.129720
0.085935 0.742971
-0.369656 -1.142320
0.000517 0.003707
0.058322 0.277748
0.113688 0.982754
-0.095050 -0.547177
0.272080 1.152221
0.088781 0.523562
-0.115857 -0.438298
-0.228427 -1.929964
-0.068590 -0.269643
0.022365 0.166086
0.297279 0.869046
-0.464332 -1.455776
0.475189 1.535753
-0.102932 -0.392298
0.156714 1.149862
0.024891 0.226326
-0.010524 -0.051582
0.204246 1.154495
-0.128163 -1.135012
0.401247 1.635670
0.007143 0.052849
0.050616 0.563344
-0.087094 -0.101475
