0.327949 3.378316
0.096513 0.776751
0.120273 1.001368
0.047201 0.364614
-0.285783 -1.024136
-0.359000 -1.297380
0.003235 0.022909
-0.030048 -0.204920
0.120045 1.004471
-0.184723 -0.958305
-0.189768 -0.915690
-0.015053 -0.102032
-0.057576 -0.364830
0.136754 1.147394
-0.009310 -0.064673
0.065679 0.508148
0.039932 0.294242
0.018027 0.129554
-0.017477 -0.122226
0.081595 0.649328
0.146211 1.253221
0.066329 0.508722
0.028991 0.211806
-0.084626 -0.518792
-0.051873 -0.334085
0.216518 1.989691
-0.011885 -0.080530
0.114984 0.957407
-0.042421 -0.277885
0.047289 0.360011
0.007299 0.051150
-0.080396 -0.478378
-0.150394 -0.789098
-0.031411 -0.209235
-0.132918 -0.726504
0.025188 0.185541
-0.002965 -0.020612
0.136707 1.133429
0.087620 0.694496
0.181741 1.614932
-0.140163 -0.650729
0.093087 0.734920
-0.059384 -0.352991
0.211354 1.906707
-0.027405 -0.180371
-0.176995 -0.799047
-0.359000 -1.306477
0.274926 2.686106
0.023565 0.170975
-0.132440 -0.715563
