0.106040 0.501607
0.207694 0.804944
0.005157 0.029989
0.007477 0.042880
-0.048311 -0.333529
-0.108386 -0.908435
0.035196 0.196182
-0.118566 -1.031986
0.134998 0.592388
-0.033594 -0.216081
0.442459 1.171663
0.147528 0.608570
0.582798 1.306672
-0.039783 -0.278639
0.011045 0.062744
-0.056904 -0.394327
-0.067463 -0.510379
0.006928 0.041167
-0.183281 -2.099952
0.092434 0.459259
-0.074820 -0.578946
-0.027017 -0.176766
0.181310 0.735568
-0.048968 -0.350847
-0.023680 -0.156181
-0.148120 -1.542026
0.115018 0.507526
0.095388 0.468694
0.080523 0.403864
-0.232397 -3.942000
-0.088521 -0.682705
-0.109245 -0.915355
0.005455 0.031484
-0.182457 -2.204920
0.208147 0.812427
-0.116039 -1.046467
-0.153752 -1.557590
0.298263 1.009342
-0.184944 -2.301784
-0.105998 -0.926575
0.069986 0.357324
-0.154940 -1.584763
-0.161505 -1.706266
0.335210 1.023418
-0.146625 -1.444452
-0.057325 -0.390104
-0.045107 -0.319917
0.012747 0.071784
-0.167368 -1.914630
-0.182342 -2.247657
