0.120602 0.727610
0.143928 0.797556
-0.026071 -0.199906
0.030952 0.213876
0.012625 0.088750
-0.082170 -0.650974
0.056056 0.375259
-0.116541 -0.972978
0.106335 0.618462
-0.008304 -0.061314
0.342922 1.553253
0.124203 0.684682
0.388889 1.659882
-0.028688 -0.209562
-0.024252 -0.182115
0.029720 0.193647
-0.099500 -0.798033
-0.007422 -0.053643
-0.185647 -1.890206
0.054579 0.376593
-0.092701 -0.792434
-0.018109 -0.133838
0.156106 0.849058
-0.033891 -0.259544
-0.032804 -0.239241
-0.141059 -1.265922
0.070097 0.420809
0.028512 0.195367
0.058879 0.358732
-0.262317 -3.178931
-0.118975 -1.040039
-0.081814 -0.693693
0.013728 0.092384
-0.134598 -1.190055
0.149775 0.867835
-0.075284 -0.587719
-0.138004 -1.286275
0.266540 1.230905
-0.183791 -1.894658
-0.112103 -1.001066
0.059180 0.368581
-0.153312 -1.362097
-0.151068 -1.383539
0.253765 1.256609
-0.171412 -1.719253
-0.022238 -0.148671
0.018324 0.121730
0.015650 0.109687
-0.158041 -1.534670
-0.199109 -2.100225
