0.635703 -0.400401
-0.047738 0.568337
0.060814 -3.275638
-0.123821 -0.825413
-0.057534 0.827134
0.105098 0.582801
0.152849 -0.141152
-0.021528 -0.429294
-0.066850 0.687944
0.266723 0.968219
0.189742 -1.642422
-0.185236 -1.466876
-0.105827 -0.013148
-0.001961 1.305070
0.256405 -0.523520
-0.044595 0.351785
0.081417 0.176187
0.037120 -1.556309
-0.086466 -2.549235
-0.123680 0.929023
0.126145 -0.901663
-0.070948 1.433448
0.440828 0.933132
0.281314 -0.393356
-0.056268 -1.142853
-0.100323 -2.579009
-0.272143 -1.060848
-0.072128 -1.215450
-0.074214 0.670246
0.215055 -2.036699
-0.105580 1.962105
0.792538 1.195585
0.194698 -1.958308
-0.112682 0.889182
0.188910 -1.098879
-0.096135 0.262211
0.032030 0.120439
0.016963 1.586895
0.417863 -0.461291
-0.049580 -4.664405
-0.207765 -2.999388
-0.171696 1.123457
0.117910 -1.420951
-0.112689 -0.824550
-0.091597 1.167957
0.214264 1.279361
0.127677 -1.735871
-0.126333 0.467425
0.086029 0.246884
