0.014953 0.047018
-0.082658 -0.336676
-0.109250 -0.565164
-0.439610 -1.549386
0.108299 1.225918
-0.289222 -1.065522
-0.584523 -1.900169
-0.568095 -2.247188
0.106684 0.787047
0.268052 1.622687
0.346135 1.007495
-0.384052 -2.122497
-0.171493 -0.284098
0.124168 0.612871
-0.019338 -0.043052
-0.093513 -0.628862
0.118649 0.705660
-0.119359 -0.767091
-0.257830 -0.645492
0.351293 1.770974
0.014691 0.060042
-0.005939 -0.030656
-0.201039 -0.968307
-0.111101 -0.766031
0.233882 1.306988
-0.310480 -0.572606
0.354452 1.924251
-0.084196 -0.450705
0.283117 1.055873
0.214648 1.201570
0.087480 0.847500
0.220914 0.764625
0.103270 0.484981
-0.275071 -0.556717
-0.264502 -1.229688
-0.083799 -0.395239
-0.335959 -2.169593
0.097088 0.739297
-0.207916 -0.431073
0.034816 0.398113
0.034214 0.228269
0.004203 0.010621
-0.274372 -0.688343
0.411603 1.762441
0.119405 0.509388
-0.292399 -0.553277
-0.491974 -2.198599
-0.424153 -1.515410
0.287521 1.347902
-0.465613 -2.408571
