-0.358637 -0.899282
0.330729 0.643204
0.301566 1.239261
0.193933 0.679960
-0.360924 -0.932329
-0.095023 -0.366186
0.186788 0.718243
-0.258749 -1.064332
0.434435 1.505839
-0.732122 -0.688834
0.578825 0.928231
-0.386495 -0.914935
0.254037 0.091635
0.120654 0.537018
0.179155 0.646827
-0.210128 -0.618151
-0.061705 -0.242716
-0.413894 -1.662150
-0.343522 -2.105479
0.291908 1.156394
-0.341079 -1.411045
0.363526 1.434493
0.582627 1.620476
-0.144503 -0.490981
0.165213 0.803204
-0.101231 -0.524383
0.294113 0.681380
0.074605 0.050860
0.266815 0.754962
-0.476397 -0.927300
-0.267693 -0.985573
-0.027280 -0.131907
0.239807 0.978107
-0.262610 -1.178561
0.533283 1.605311
-0.606442 -1.053608
-0.050445 -0.280655
0.818311 1.923747
-0.524162 -1.023636
-0.106576 -0.507295
-0.087327 -0.204127
-0.380822 -1.616750
-0.069469 -0.397355
0.441699 0.167972
-0.130240 -0.759629
-0.379204 -0.837492
-0.920856 -3.268914
-0.095837 -0.292097
-0.023889 -0.144383
-0.219379 -1.359691
