-0.007942 -0.156774
-0.025493 -0.522168
-0.032660 -0.691480
-0.075256 -1.670663
0.002825 0.053133
-0.052137 -1.255111
0.009805 0.187952
-0.005113 -0.101611
-0.016994 -0.318575
0.020067 0.404993
0.031430 0.592515
-0.003508 -0.069391
-0.018668 -0.385347
-0.040604 -0.871491
-0.032392 -0.707198
-0.041216 -0.944640
-0.050545 -1.108420
0.022864 0.421346
-0.008665 -0.190312
0.045783 0.817541
-0.026995 -0.505017
0.008579 0.148834
-0.004719 -0.102369
0.014772 0.297382
0.061068 1.017497
-0.026013 -0.506123
-0.014288 -0.287526
0.012832 0.241559
-0.008805 -0.162276
0.039497 0.726352
-0.006223 -0.118344
-0.029006 -0.602455
-0.038100 -0.778345
-0.062231 -1.341086
0.000636 0.012701
-0.009003 -0.165384
0.015752 0.305105
0.076689 1.139840
0.014785 0.281375
-0.000960 -0.016340
0.062644 1.060420
-0.008955 -0.167594
-0.014409 -0.290192
-0.063156 -1.345235
0.026781 0.401084
0.000375 0.007368
0.000239 0.004793
-0.079712 -1.746908
-0.001442 -0.029910
0.033707 0.632668
