0.075168 0.296298
-0.458113 -0.601022
-0.041380 -0.074522
0.218888 0.659946
-0.211152 -0.912147
-0.284734 -0.637063
0.267787 1.017210
-0.171027 -0.923728
0.270252 0.791476
0.114680 0.382025
-0.143802 -0.158886
0.196022 0.476797
-1.192892 -0.981037
0.340454 1.383315
-0.424322 -0.646500
-0.011727 -0.035153
-0.037547 -0.065698
-0.179202 -0.625352
-0.169977 -0.964250
0.455934 1.477101
-0.208209 -1.050321
0.137591 0.459862
0.842392 1.752086
0.029860 0.087431
-0.510100 -1.150562
0.181490 1.105704
-0.210667 -0.360464
-0.481879 -1.151173
-0.682681 -1.243311
0.065451 0.619359
0.143351 0.666389
-0.128782 -0.580815
0.221749 0.790096
-0.184327 -1.203667
0.384900 0.976418
-0.114299 -0.228940
0.201447 1.291340
0.815768 1.546746
0.103530 0.795483
0.271200 1.415948
-0.010480 -0.021914
-0.025138 -0.103330
-0.304923 -0.890527
-0.596561 -0.686492
-0.080221 -0.503279
-0.189267 -0.672963
-0.139217 -0.142984
0.029497 0.073353
0.237519 1.500071
-0.125745 -0.780933
