0.290483 0.330388
0.162387 -0.137102
-0.077923 0.585837
0.193683 -0.717467
-0.281418 -1.265004
-0.402860 0.678260
0.210364 -1.016847
-0.266872 1.158086
0.477816 0.563188
0.163447 -0.335130
-0.278106 -0.590554
-0.365073 1.331237
1.165495 -0.004536
-0.003597 0.753951
0.253583 -0.731428
-0.253684 0.406671
0.103552 -1.088473
-0.328618 -1.154041
-0.244605 1.120744
0.413633 -0.933565
-0.236621 -1.741684
-0.677342 1.442720
0.801464 0.238913
-0.229130 0.428103
0.063483 -0.855142
0.084298 -0.940580
-0.440713 0.007219
-0.365329 -0.961653
-0.861189 -0.539207
0.000898 0.660621
-0.256180 -2.145559
-0.175191 0.951939
0.209455 -1.173941
-0.557158 0.377159
0.427069 1.032563
-0.315618 0.071238
0.070887 0.567594
0.571837 -0.062821
0.011280 -0.895203
0.123184 -0.001550
-0.062680 0.246587
-0.257297 -0.965008
-0.000989 0.355366
0.169077 -1.049339
-0.198593 0.530124
-0.149348 -1.402034
