-0.175103 -4.922107
-0.023387 -0.298772
-0.084025 -1.855116
-0.083435 -1.010286
-0.171427 -5.700250
0.012515 0.080236
0.266335 1.172158
0.081316 0.246132
-0.037996 -0.455644
-0.100628 -2.346861
-0.111320 -2.053267
-0.126393 -1.810615
0.011298 0.013528
-0.103218 -2.287934
-0.140059 -3.553058
-0.055141 -0.522578
-0.010003 -0.093581
-0.049117 -0.730101
-0.013802 -0.139667
-0.145313 -2.840261
-0.003381 -0.037577
0.384640 1.535189
-0.111850 -2.185679
0.298478 0.970775
0.435108 1.583845
-0.059354 -0.844821
-0.094613 -1.750731
0.130154 0.801430
-0.080937 -1.073366
-0.118504 -2.469969
-0.051475 -0.903646
-0.194018 -1.851676
0.090682 0.491566
0.049235 0.310031
-0.133113 -5.098786
0.049918 0.200945
0.158790 1.227666
0.002935 0.007210
0.172943 1.041345
-0.107453 -0.823141
0.022040 0.125035
-0.008980 -0.098121
-0.130029 -3.143202
-0.034444 -0.401289
-0.057895 -0.613199
-0.003353 -0.051347
0.059742 0.216277
-0.004810 -0.057556
-0.126197 -3.712480
0.073502 0.311489
