-0.026538 -0.072680
0.172645 0.405100
-0.045369 -0.168101
0.157076 0.501847
-0.703125 -0.463216
-0.204814 -0.839960
0.222439 0.693964
-0.224699 -1.181711
0.160588 0.473980
-0.009848 -0.038858
-0.507440 -0.309156
0.045706 0.106919
-0.034576 0.495493
0.137002 -0.290736
-0.090799 -0.193016
-0.047148 -0.679003
-0.169059 -0.864601
-0.379589 -1.670059
-0.345307 0.429419
0.129558 -1.027467
-0.242515 0.525933
0.157163 0.668778
0.277056 -1.084144
-0.295856 0.648676
0.184435 -0.290205
-0.052503 0.191065
0.073888 -0.339547
-0.121073 0.446000
0.159582 -1.556572
-0.174011 -0.564786
-0.129021 -1.163820
-0.234438 -0.042630
-0.011826 -2.065048
-0.443444 1.389684
0.800054 -0.868803
-0.294990 -0.512186
-0.085679 1.277240
0.777472 -0.948473
-0.134403 0.289887
0.066900 0.894577
0.366395 -1.594251
-0.283745 -0.196769
-0.035324 0.865460
0.508560 -1.534048
-0.313085 -0.286695
-0.082183 0.164188
0.043427 -0.422178
-0.132352 -0.432309
-0.068980 -2.132533
