-0.313493 -3.161284
0.114523 0.823361
0.023829 0.202005
0.116136 1.086647
-0.200020 -1.001182
-0.003023 -0.030165
0.046714 0.434813
-0.202432 -1.287186
0.138133 1.187378
0.045329 0.444628
0.118158 0.621520
-0.199977 -1.130012
0.347835 1.952906
0.079794 0.829601
-0.075056 -0.269700
-0.193929 -0.881405
-0.019990 -0.176440
-0.199996 -1.624702
-0.200006 -1.514871
0.060535 0.521497
0.025647 0.277494
0.040265 0.352786
0.137282 1.016813
-0.330093 -1.895917
0.026566 0.261373
-0.006350 -0.077707
-0.199283 -0.723623
0.048494 0.398593
0.163295 1.369918
-0.051367 -0.816980
-0.199883 -1.026955
-0.437675 -5.197308
0.082269 0.764808
-0.200123 -1.525685
-0.340559 -0.550575
-0.086465 0.367968
0.028118 2.069978
0.308192 -0.238566
-0.017339 -0.291272
-0.028858 0.554066
0.073166 -0.625766
-0.054406 0.348526
0.026687 0.704790
0.124027 -0.170408
-0.013131 -0.960691
-0.201788 0.588751
0.063082 -0.165502
-0.270557 -0.803984
-0.070721 -0.529269
