0.619773 0.256593
-0.544703 -0.496491
0.089778 0.121148
0.442131 1.681788
-0.219575 -0.887641
-0.373591 -0.715052
0.250500 0.199945
-0.169952 -0.778420
0.345350 0.784284
0.223145 0.215520
0.246892 0.193253
-0.195469 -0.394351
0.784635 0.227051
0.347756 1.681224
0.082283 0.116647
-0.114155 -0.355167
0.200072 0.162337
-0.204582 -0.733105
-0.150283 -0.983865
-0.979932 -3.007126
-0.147582 -0.687709
-0.445945 -0.561084
0.874793 2.407153
-0.139181 -0.382595
0.250092 0.962963
0.123624 0.208985
-0.351243 -0.590182
-0.267552 -0.723501
0.367284 0.782014
0.035613 0.092253
-0.085665 -0.286163
-0.113033 -0.533495
0.381291 1.473436
-0.086335 -0.319093
0.472972 1.088702
-0.078256 -0.298283
0.235227 1.674943
0.808903 1.943296
0.029066 0.064576
0.150743 0.616929
0.108433 0.115165
-0.258642 -0.801001
0.024809 0.044543
-1.022661 -0.492973
-0.110665 -0.661776
0.248113 0.640203
-0.207623 -0.580707
0.165101 1.275669
-0.035884 -0.206013
