-0.195676 -1.565919
-0.063797 -0.564932
-0.329269 -3.088391
0.031221 0.174643
-0.486952 -3.025189
-0.122821 -0.871227
-0.011749 -0.065501
0.117192 0.721307
0.046005 0.334384
-0.224010 -1.215109
-0.230965 -1.074299
0.089674 0.596490
-0.073251 -0.290974
-0.295666 -2.531071
-0.468026 -2.516455
0.096692 0.630395
0.035467 0.250202
-0.175722 -1.265957
-0.071095 -0.402301
-0.394714 -2.285715
-0.142881 -0.762097
-0.117069 -0.399125
-0.243506 -1.042207
0.087091 0.486982
-0.148899 -0.383878
-0.150390 -0.878822
-0.424977 -2.352616
-0.019445 -0.162178
-0.207528 -1.268320
-0.175234 -0.979513
-0.220787 -1.602968
-0.307901 -1.383494
-0.063281 -0.338640
-0.167122 -1.401023
-0.378718 -3.255260
-0.009681 -0.077213
-0.014931 -0.131654
0.229043 1.205208
-0.082345 -0.706762
-0.850379 -2.407811
-0.014769 -0.098021
-0.012791 -0.101974
-0.017288 -0.150224
-0.061405 -0.582931
-0.226257 -1.201611
-0.186040 -2.245965
0.044984 0.298004
-0.103180 -0.929690
-0.383540 -2.835450
-0.056007 -0.331333
