-0.391595 -3.582317
-0.113675 -0.941666
-0.269137 -5.112724
-0.342770 -4.223595
-0.341153 -11.369664
-0.148444 -1.618667
0.101872 0.462451
0.136469 0.586834
-0.234894 -2.736440
-0.218919 -2.561436
-0.272393 -3.843188
-0.349035 -4.950902
0.029285 0.089486
-0.256673 -4.388375
-0.349099 -9.097100
-0.160584 -1.289586
0.062503 0.327049
-0.197018 -2.537861
-0.107377 -0.948624
-0.250402 -3.411484
-0.158655 -1.408814
-0.090800 -0.558004
-0.086317 -0.461148
0.277517 0.674783
-0.176434 -1.081687
-0.120166 -0.897789
-0.328447 -6.709734
-0.226256 -2.923251
-0.300760 -3.786092
-0.136603 -1.137695
-0.219733 -3.108786
-0.244196 -2.158453
0.014965 0.079323
-0.172021 -2.103601
-0.335492 -13.466359
-0.006131 -0.045252
-0.041059 -0.475621
0.419161 1.193020
-0.081749 -0.735232
-0.318981 -2.525255
-0.132640 -1.206680
0.044867 0.272073
-0.032556 -0.358976
0.006429 0.043859
-0.234654 -2.396788
-0.179648 -3.182246
0.083934 0.378617
-0.064554 -0.429529
-0.077233 -0.902666
-0.007739 -0.053932
