0.519786 1.237959
-0.158816 -1.225678
-0.978216 -3.817493
0.028416 0.139623
-0.768363 -4.722047
0.239468 0.762814
0.128535 0.500914
0.107609 0.469402
0.004513 0.026809
0.057315 0.293851
0.618900 1.353328
-0.026566 -0.169877
-0.072997 -0.488140
0.161735 0.680034
-0.120458 -0.534432
-0.638831 -4.404788
-0.088136 -0.537718
-0.679655 -4.613112
-0.980666 -3.836495
0.192755 0.789837
-0.069290 -0.377816
-0.060331 -0.384561
-0.257753 -1.559690
-0.697245 -4.309713
0.132175 0.558735
0.220875 0.792384
0.128438 0.597087
-0.161527 -1.447897
0.298911 0.926338
0.149927 0.623371
-0.104883 -0.855078
0.446930 1.243946
0.011628 0.057874
0.223043 0.571868
-0.070989 -0.485039
-0.085901 -0.597129
-0.084094 -0.668036
-0.041706 -0.276283
-0.124698 -0.952198
-0.122751 -1.121732
0.046771 0.247756
0.260487 0.909151
0.043941 0.219627
0.462222 1.235464
0.086927 0.381485
-0.046050 -0.209513
0.026406 0.141964
0.067316 0.322859
0.366851 1.160775
0.119233 0.572374
