0.367848 0.713066
0.283705 0.640032
-0.084093 -0.217437
0.088905 0.239870
-0.367191 -1.271020
-0.490883 -1.482831
0.172443 0.624959
-0.275786 -1.436416
0.361109 1.019760
0.047300 0.158520
0.098680 0.139825
-0.186149 -0.434829
0.125613 -0.883260
-0.541076 0.861835
0.247155 -0.775010
-0.242527 -1.935180
-0.596805 -0.489043
-0.164168 -1.796285
-0.287247 0.971336
0.297701 -0.993121
-0.264440 0.376941
0.108127 1.595156
0.867004 -0.292902
-0.104550 0.063215
0.016570 0.615389
0.107939 0.461712
0.185270 -1.629693
-0.693277 -1.560494
-0.709704 -0.404082
-0.042456 -1.037831
-0.239650 -0.561108
-0.143890 0.805293
0.220923 -1.506125
-0.444333 0.916650
0.356585 -0.510863
-0.138925 0.288381
0.046178 0.635079
0.324168 -2.167606
-0.455403 0.582073
0.106988 -0.890074
-0.587737 -0.581199
-0.436718 -0.777514
-0.375191 -0.833395
-0.819806 -1.165711
-0.217058 -0.190407
-0.166859 0.142729
0.039814 -1.034154
-0.444620 -2.420707
-0.598433 -1.481503
