-0.021733 0.413610
0.038499 0.682387
-0.009987 0.298133
-0.073608 1.005969
-0.049761 1.870365
0.018722 0.272160
-0.038411 0.426547
-0.105964 1.248479
-0.004382 0.063623
0.049404 1.165074
-0.051250 1.086546
-0.069852 1.205983
0.001717 0.014805
-0.040524 1.154906
-0.050846 1.482419
0.016939 0.202507
0.063288 0.761438
-0.058924 1.138212
-0.021579 0.222718
-0.063035 1.410524
-0.004377 0.073024
0.057950 0.616595
-0.031442 0.685466
0.247659 1.191182
-0.115924 1.323171
0.085795 1.240632
-0.015936 0.349319
0.032592 0.661029
-0.094836 1.488059
-0.027702 0.618903
0.062729 1.298708
-0.142715 1.700556
0.137605 1.294381
0.088487 1.381912
-0.001406 0.002735
0.042239 0.483830
0.004946 0.111111
-0.030693 0.172820
-0.000967 0.015334
-0.182103 1.752349
0.000942 0.013090
-0.047041 0.908035
-0.019166 0.474331
-0.009223 0.164497
-0.031554 0.395795
0.160768 1.687561
-0.002350 0.021346
0.065441 1.063295
-0.006971 0.201567
-0.070521 0.852685
