diffNuisances run on fitDiagnostics_t0.root, at 2023-05-03 22:58:56.064367 with the following options ... {'absolute_values': False, 'show_all_parameters': True, 'format': 'text', 'stol2': 0.5, 'MDF': True, 'pullDef': '', 'vtol': 0.3, 'stol': 0.1, 'plotfile': 'plots_t0.root', 'skipFitB': False, 'sortBy': 'correlation', 'vtol2': 2.0, 'poi': 'yLQ2', 'skipFitS': False}

name                                              b-only fit            s+b fit         rho  approx impact
MCStatBin55                                      -0.00, 0.98        +0.00, 1.02       -0.08      -0.014
pdf43                                            -0.00, 1.00        +0.00, 1.07       -0.07      -0.012
pdf32                                            -0.00, 1.00        +0.00, 1.04       -0.07      -0.011
pdf35                                            -0.00, 1.00        +0.00, 1.05       -0.06      -0.011
MCStatBin56                                      -0.00, 0.99        -0.00, 1.01       -0.06      -0.010
pdf7                                             -0.00, 1.00        +0.00, 1.02       -0.05      -0.009
pdf48                                            -0.00, 1.00        +0.00, 1.04       -0.05      -0.009
pdf4                                             -0.00, 1.00        +0.00, 1.03       -0.05      -0.009
pdf57                                            -0.00, 1.00        +0.00, 1.02       -0.04      -0.007
pdf53                                            -0.00, 1.00        +0.00, 1.02       -0.04      -0.006
pdf10                                            -0.00, 1.00        +0.00, 1.03       -0.04      -0.007
MCStatBin43                                      -0.00, 0.99        -0.00, 1.02       -0.04      -0.007
MCStatBin42                                      -0.00, 0.99        -0.00, 1.01       -0.04      -0.007
pdf54                                            -0.00, 1.00        +0.00, 1.02       -0.03      -0.005
pdf42                                            -0.00, 1.00        +0.00, 1.03       -0.03      -0.005
pdf41                                            +0.00, 1.00        -0.00, 1.06       -0.03      -0.005
pdf36                                            -0.00, 1.00        +0.00, 1.01       -0.03      -0.004
pdf34                                            -0.00, 1.00        +0.00, 1.01       -0.03      -0.005
pdf21                                            -0.00, 1.00        +0.00, 1.02       -0.03      -0.005
pdf2                                             -0.00, 1.00        -0.00, 1.04       -0.03      -0.005
pdf16                                            +0.00, 1.00        +0.00, 1.05       -0.03      -0.005
MCStatBin24                                      -0.00, 0.98        -0.00, 1.02       -0.03      -0.004
MCStatBin22                                      -0.00, 0.98        -0.00, 1.02       -0.03      -0.005
pdf60                                            -0.00, 1.00        +0.00, 1.02       -0.02      -0.004
pdf49                                            -0.00, 1.00        +0.00, 1.02       -0.02      -0.004
pdf39                                            -0.00, 1.00        +0.00, 1.02       -0.02      -0.004
pdf27                                            -0.00, 1.00        +0.00, 1.01       -0.02      -0.004
pdf19                                            +0.00, 1.00        -0.00, 1.03       +0.02      +0.004
pdf14                                            +0.00, 1.00        -0.00, 1.01       +0.02      +0.003
pdf13                                            -0.00, 1.00        +0.00, 1.02       -0.02      -0.004
pdf12                                            +0.00, 1.00        -0.00, 1.02       +0.02      +0.003
pdf11                                            +0.00, 1.00        -0.00, 1.01       +0.02      +0.003
prop_binY18_bin39                                +0.00, 0.99        -0.00, 1.01       -0.01      -0.002
pdf9                                             +0.00, 1.00        -0.00, 1.01       +0.01      +0.001
pdf6                                             -0.00, 1.00        +0.00, 1.04       +0.01      +0.002
pdf5                                             +0.00, 1.00        -0.00, 1.03       -0.01      -0.002
pdf47                                            -0.00, 1.00        +0.00, 1.01       -0.01      -0.002
pdf40                                            +0.00, 1.00        +0.00, 1.01       +0.01      +0.001
pdf38                                            -0.00, 1.00        +0.00, 1.04       +0.01      +0.001
pdf37                                            +0.00, 1.00        -0.00, 1.02       -0.01      -0.002
pdf29                                            -0.00, 1.00        +0.00, 1.01       -0.01      -0.002
pdf25                                            +0.00, 1.00        -0.00, 1.01       -0.01      -0.001
pdf22                                            -0.00, 1.00        +0.00, 1.01       -0.01      -0.002
pdf17                                            +0.00, 1.00        -0.00, 1.02       -0.01      -0.001
pdf1                                             -0.00, 1.00        +0.00, 1.01       -0.01      -0.001
nlo_sys                                          -0.00, 1.00        -0.00, 1.01       -0.01      -0.001
MCStatBin51                                      -0.00, 0.99        -0.00, 1.01       -0.01      -0.002
pdf59                                            -0.00, 1.00        -0.00, 1.03       +0.00      +0.001
pdf52                                            -0.00, 1.00        +0.00, 1.01       -0.00      -0.000
pdf50                                            +0.00, 1.00        -0.00, 1.01       -0.00      -0.000
pdf45                                            +0.00, 1.00        -0.00, 1.01       -0.00      -0.000
pdf24                                            +0.00, 1.00        -0.00, 1.01       -0.00      -0.001
pdf23                                            +0.00, 1.00        -0.00, 1.02       +0.00      +0.000
pdf20                                            -0.00, 1.00        +0.00, 1.01       -0.00      -0.000
pdf18                                            -0.00, 1.00        -0.00, 1.01       +0.00      +0.000
pdf15                                            +0.00, 1.00        -0.00, 1.01       -0.00      -0.000
muHLTEND18                                       -0.00, 1.00        -0.00, 1.01       +0.00      +0.001
