diffNuisances run on fitDiagnostics_t0.root, at 2023-05-03 23:06:25.630312 with the following options ... {'absolute_values': False, 'show_all_parameters': True, 'format': 'text', 'stol2': 0.5, 'MDF': False, 'pullDef': '', 'vtol': 0.3, 'stol': 0.1, 'plotfile': 'plots_t0.root', 'skipFitB': False, 'sortBy': 'correlation', 'vtol2': 2.0, 'poi': 'yLQ2', 'skipFitS': False}

name                                              b-only fit            s+b fit         rho  approx impact
pdf19                                            +0.00, 1.01        +0.00, 1.00       +0.04      +0.009
pdf7                                             +0.00, 1.01        -0.00, 1.00       -0.03      -0.006
pdf32                                            +0.00, 1.01        -0.00, 1.00       -0.03      -0.006
pdf12                                            -0.00, 1.01        +0.00, 1.00       +0.03      +0.007
pdf11                                            -0.00, 1.01        +0.00, 1.00       +0.03      +0.006
pdf9                                             -0.00, 1.01        +0.00, 1.00       +0.02      +0.003
pdf53                                            -0.00, 1.01        -0.00, 1.00       -0.02      -0.004
pdf48                                            +0.00, 1.01        -0.00, 1.00       -0.02      -0.005
pdf4                                             +0.00, 1.02        -0.00, 1.00       -0.02      -0.004
pdf38                                            +0.00, 1.01        -0.00, 1.00       -0.02      -0.004
pdf33                                            +0.00, 1.01        -0.00, 1.00       -0.02      -0.004
pdf14                                            -0.00, 1.01        +0.00, 1.00       +0.02      +0.004
MCStatBin42                                      -0.00, 1.01        +0.00, 0.99       -0.02      -0.004
prop_binY18_bin50                                -0.00, 1.01        +0.00, 1.00       -0.01      -0.001
prop_binY18_bin49                                -0.00, 1.01        +0.00, 1.00       -0.01      -0.003
prop_binY18_bin42                                -0.00, 1.01        +0.00, 1.00       -0.01      -0.002
pdf60                                            +0.00, 1.01        -0.00, 1.00       -0.01      -0.001
pdf6                                             +0.00, 1.01        -0.00, 1.00       -0.01      -0.002
pdf54                                            +0.00, 1.01        -0.00, 1.00       -0.01      -0.003
pdf50                                            -0.00, 1.01        +0.00, 1.00       +0.01      +0.003
pdf5                                             +0.00, 1.01        +0.00, 1.00       +0.01      +0.001
pdf42                                            -0.00, 1.01        -0.00, 1.00       -0.01      -0.002
pdf36                                            +0.00, 1.01        -0.00, 1.00       -0.01      -0.003
pdf34                                            +0.00, 1.01        -0.00, 1.00       -0.01      -0.002
pdf3                                             +0.00, 1.01        -0.00, 1.00       -0.01      -0.002
pdf29                                            +0.00, 1.01        -0.00, 1.00       -0.01      -0.002
pdf22                                            -0.00, 1.02        +0.00, 1.00       -0.01      -0.002
pdf18                                            -0.00, 1.01        -0.00, 1.00       -0.01      -0.001
pdf15                                            -0.00, 1.01        +0.00, 1.00       +0.01      +0.002
elRECOENDPTLOW                                   +0.00, 1.01        -0.00, 1.00       +0.01      +0.001
MCStatBin51                                      -0.00, 1.01        +0.00, 0.99       -0.01      -0.003
prop_binY18_bin31                                -0.00, 1.01        +0.00, 0.99       +0.00      +0.000
pdf55                                            -0.00, 1.01        -0.00, 1.01       -0.00      -0.001
pdf51                                            +0.00, 1.01        -0.00, 1.00       -0.00      -0.001
pdf41                                            -0.00, 1.01        +0.00, 1.00       +0.00      +0.001
pdf39                                            +0.00, 1.01        -0.00, 1.00       -0.00      -0.001
pdf26                                            +0.00, 1.01        -0.00, 1.00       +0.00      +0.000
pdf25                                            -0.00, 1.01        -0.00, 1.00       +0.00      +0.001
pdf17                                            +0.00, 1.00        +0.00, 1.01       +0.00      +0.001
elSmear                                          -0.00, 1.01        +0.00, 1.00       +0.00      +0.000
elIDBARPTLOW                                     +0.00, 1.01        -0.00, 1.01       -0.00      -0.000
