diffNuisances run on fitDiagnostics_t1.root, at 2023-05-03 22:58:48.094007 with the following options ... {'absolute_values': False, 'show_all_parameters': True, 'format': 'text', 'stol2': 0.5, 'MDF': True, 'pullDef': '', 'vtol': 0.3, 'stol': 0.1, 'plotfile': 'plots_t1.root', 'skipFitB': False, 'sortBy': 'correlation', 'vtol2': 2.0, 'poi': 'yLQ2', 'skipFitS': False}

name                                              b-only fit            s+b fit         rho  approx impact
pdf7                                             -0.00, 1.00        +0.00, 1.02       -0.04      -0.009
pdf59                                            -0.00, 1.00        -0.00, 1.01       +0.04      +0.009
pdf28                                            +0.00, 1.00        -0.00, 1.02       +0.04      +0.009
pdf25                                            +0.00, 1.00        +0.00, 1.02       +0.04      +0.009
pdf15                                            +0.00, 1.00        -0.00, 1.03       +0.04      +0.010
pdf1                                             -0.00, 1.00        +0.00, 1.02       +0.04      +0.009
pdf6                                             -0.00, 1.00        +0.00, 1.01       +0.03      +0.006
pdf47                                            -0.00, 1.00        +0.00, 1.02       +0.03      +0.007
pdf45                                            +0.00, 1.00        -0.00, 1.01       +0.03      +0.008
pdf35                                            -0.00, 1.00        +0.00, 1.03       -0.03      -0.007
pdf34                                            -0.00, 1.00        -0.00, 1.02       +0.03      +0.007
pdf17                                            +0.00, 1.00        +0.00, 1.01       +0.03      +0.007
pdf51                                            -0.00, 1.00        +0.00, 1.02       +0.02      +0.005
pdf5                                             +0.00, 1.00        -0.00, 1.02       -0.02      -0.005
pdf33                                            -0.00, 1.00        +0.00, 1.01       +0.02      +0.003
pdf29                                            -0.00, 1.00        +0.00, 1.03       +0.02      +0.005
pdf27                                            -0.00, 1.00        +0.00, 1.02       +0.02      +0.004
pdf26                                            +0.00, 1.00        +0.00, 1.02       +0.02      +0.005
pdf11                                            +0.00, 1.00        -0.00, 1.04       -0.02      -0.004
pdf9                                             +0.00, 1.00        -0.00, 1.01       +0.01      +0.003
pdf8                                             -0.00, 1.00        +0.00, 1.02       +0.01      +0.003
pdf55                                            -0.00, 1.00        -0.00, 1.02       +0.01      +0.003
pdf53                                            -0.00, 1.00        -0.00, 1.01       +0.01      +0.001
pdf48                                            -0.00, 1.00        +0.00, 1.01       +0.01      +0.003
pdf46                                            +0.00, 1.00        +0.00, 1.02       +0.01      +0.003
pdf44                                            -0.00, 1.00        +0.00, 1.01       +0.01      +0.001
pdf42                                            -0.00, 1.00        +0.00, 1.04       -0.01      -0.002
pdf40                                            +0.00, 1.00        +0.00, 1.02       +0.01      +0.001
pdf39                                            -0.00, 1.00        +0.00, 1.02       -0.01      -0.002
pdf38                                            -0.00, 1.00        +0.00, 1.02       -0.01      -0.001
pdf37                                            +0.00, 1.00        -0.00, 1.02       -0.01      -0.002
pdf36                                            -0.00, 1.00        +0.00, 1.03       +0.01      +0.001
muHLTEND18                                       -0.00, 1.00        -0.00, 1.01       +0.01      +0.003
MCStatBin51                                      -0.00, 0.99        -0.00, 1.02       -0.01      -0.003
MCStatBin23                                      -0.00, 0.98        -0.00, 1.01       -0.01      -0.002
pdf58                                            -0.00, 1.00        +0.00, 1.03       -0.00      -0.000
pdf57                                            -0.00, 1.00        -0.00, 1.02       +0.00      +0.000
pdf52                                            -0.00, 1.00        +0.00, 1.03       -0.00      -0.000
pdf49                                            -0.00, 1.00        +0.00, 1.01       +0.00      +0.000
pdf22                                            -0.00, 1.00        -0.00, 1.05       -0.00      -0.000
pdf2                                             -0.00, 1.00        -0.00, 1.02       +0.00      +0.000
pdf19                                            +0.00, 1.00        -0.00, 1.01       +0.00      +0.001
MCStatBin44                                      -0.00, 0.99        -0.00, 1.01       -0.00      -0.001
