diffNuisances run on fitDiagnostics_t0.root, at 2023-05-03 22:23:48.545624 with the following options ... {'absolute_values': False, 'show_all_parameters': True, 'format': 'text', 'stol2': 0.5, 'MDF': False, 'pullDef': '', 'vtol': 0.3, 'stol': 0.1, 'plotfile': 'plots_t0.root', 'skipFitB': False, 'sortBy': 'correlation', 'vtol2': 2.0, 'poi': 'yLQ2', 'skipFitS': False}

name                                              b-only fit            s+b fit         rho  approx impact
prop_binY18_bin48                                -0.00, 1.02        +0.00, 0.99       -0.04      -0.011
pdf8                                             +0.00, 1.03        -0.00, 1.00       -0.04      -0.012
pdf32                                            +0.00, 1.03        -0.00, 1.00       -0.04      -0.011
pdf19                                            -0.00, 1.03        +0.00, 1.00       +0.04      +0.012
pdf14                                            -0.00, 1.02        +0.00, 1.00       +0.04      +0.010
pdf12                                            -0.00, 1.03        +0.00, 1.00       +0.04      +0.012
pdf11                                            -0.00, 1.03        +0.00, 1.02       +0.04      +0.013
MCStatBin55                                      -0.00, 1.02        +0.00, 0.99       -0.04      -0.011
MCStatBin49                                      -0.00, 1.02        +0.00, 0.99       -0.04      -0.012
prop_binY18_bin54                                +0.00, 1.03        +0.00, 0.99       -0.03      -0.009
pdf7                                             +0.00, 1.01        -0.00, 1.00       -0.03      -0.009
pdf35                                            -0.00, 1.02        -0.00, 1.00       -0.03      -0.007
pdf28                                            -0.00, 1.02        +0.00, 1.00       +0.03      +0.010
pdf23                                            -0.00, 1.02        +0.00, 1.00       +0.03      +0.010
MCStatBin43                                      -0.00, 1.01        -0.00, 0.99       -0.03      -0.009
MCStatBin42                                      -0.00, 1.02        -0.00, 0.99       -0.03      -0.009
MCStatBin41                                      -0.00, 1.03        +0.00, 0.99       -0.03      -0.007
prop_binY18_bin49                                -0.00, 1.03        +0.00, 0.99       -0.02      -0.004
prop_binY18_bin35                                -0.00, 1.01        +0.00, 0.98       -0.02      -0.005
pdf9                                             -0.00, 1.02        +0.00, 1.00       +0.02      +0.005
pdf57                                            -0.00, 1.02        -0.00, 1.00       -0.02      -0.005
pdf48                                            +0.00, 1.03        -0.00, 1.00       -0.02      -0.007
pdf45                                            -0.00, 1.03        +0.00, 1.00       +0.02      +0.007
pdf44                                            +0.00, 1.04        -0.00, 1.00       -0.02      -0.007
pdf43                                            -0.00, 1.04        -0.00, 1.00       -0.02      -0.007
pdf41                                            -0.00, 1.00        +0.00, 1.02       +0.02      +0.005
pdf4                                             +0.00, 1.02        -0.00, 1.00       -0.02      -0.006
pdf39                                            +0.00, 1.03        -0.00, 1.00       -0.02      -0.005
pdf38                                            +0.00, 1.02        -0.00, 1.01       -0.02      -0.006
pdf36                                            +0.00, 1.05        -0.00, 1.03       -0.02      -0.006
pdf33                                            +0.00, 1.04        +0.00, 1.00       -0.02      -0.006
pdf24                                            +0.00, 1.02        +0.00, 1.00       +0.02      +0.005
pdf15                                            -0.00, 1.02        +0.00, 1.00       +0.02      +0.005
pdf13                                            +0.00, 1.04        -0.00, 1.00       -0.02      -0.004
pdf10                                            +0.00, 1.04        -0.00, 1.02       -0.02      -0.005
MCStatBin56                                      -0.00, 1.01        +0.00, 0.99       -0.02      -0.006
prop_binY18_bin45                                -0.00, 1.04        +0.00, 0.99       -0.01      -0.002
prop_binY18_bin43                                +0.00, 1.01        +0.00, 1.00       -0.01      -0.003
prop_binY18_bin39                                -0.00, 1.02        +0.00, 0.99       +0.01      +0.003
prop_binY18_bin36                                -0.00, 1.01        +0.00, 0.99       -0.01      -0.001
prop_binY18_bin29                                -0.00, 1.02        +0.00, 0.99       -0.01      -0.003
prop_binY18_bin23                                -0.00, 1.02        +0.00, 0.99       -0.01      -0.002
prop_binY17_bin49                                +0.00, 1.01        +0.00, 1.00       -0.01      -0.003
pdf60                                            +0.00, 1.03        -0.00, 1.00       -0.01      -0.002
pdf6                                             +0.00, 1.03        -0.00, 1.00       -0.01      -0.004
pdf59                                            -0.00, 1.01        -0.00, 1.01       +0.01      +0.002
pdf58                                            +0.00, 1.02        -0.00, 1.01       -0.01      -0.004
pdf55                                            -0.00, 1.03        -0.00, 1.00       -0.01      -0.002
pdf54                                            +0.00, 1.03        -0.00, 1.00       -0.01      -0.003
pdf53                                            -0.00, 1.03        -0.00, 1.02       -0.01      -0.003
pdf52                                            +0.00, 1.03        -0.00, 1.00       -0.01      -0.004
pdf51                                            +0.00, 1.02        -0.00, 1.00       -0.01      -0.004
pdf50                                            -0.00, 1.02        -0.00, 1.00       +0.01      +0.003
pdf5                                             +0.00, 1.02        +0.00, 1.00       +0.01      +0.003
pdf47                                            +0.00, 1.02        -0.00, 1.00       -0.01      -0.003
pdf46                                            +0.00, 1.04        +0.00, 1.01       +0.01      +0.002
pdf42                                            -0.00, 1.03        -0.00, 1.00       -0.01      -0.002
pdf40                                            +0.00, 1.03        -0.00, 1.02       +0.01      +0.002
pdf37                                            -0.00, 1.01        +0.00, 1.00       +0.01      +0.004
pdf34                                            +0.00, 1.03        -0.00, 1.00       -0.01      -0.003
pdf3                                             +0.00, 1.03        -0.00, 1.00       -0.01      -0.003
pdf27                                            +0.00, 1.03        -0.00, 1.01       -0.01      -0.002
pdf26                                            +0.00, 1.03        -0.00, 1.02       +0.01      +0.002
pdf25                                            +0.00, 1.02        -0.00, 1.00       +0.01      +0.002
pdf21                                            +0.00, 1.02        -0.00, 1.00       -0.01      -0.003
pdf20                                            +0.00, 1.04        +0.00, 1.02       -0.01      -0.004
pdf18                                            -0.00, 1.02        -0.00, 1.01       -0.01      -0.002
pdf17                                            +0.00, 1.00        +0.00, 1.01       +0.01      +0.003
pdf16                                            +0.00, 1.03        +0.00, 1.01       +0.01      +0.003
MCStatBin57                                      -0.00, 1.02        +0.00, 0.99       -0.01      -0.003
MCStatBin31                                      -0.00, 1.02        -0.00, 0.98       -0.01      -0.003
MCStatBin24                                      -0.00, 1.03        -0.00, 0.98       -0.01      -0.003
MCStatBin22                                      -0.00, 1.01        -0.00, 0.98       -0.01      -0.003
MCStatBin21                                      +0.00, 1.02        -0.00, 0.99       -0.01      -0.002
prop_binY18_bin59                                -0.00, 1.02        +0.00, 1.00       +0.00      +0.001
prop_binY18_bin56                                +0.00, 1.02        +0.00, 1.00       -0.00      -0.001
prop_binY18_bin53                                -0.00, 1.04        +0.00, 0.99       +0.00      +0.001
prop_binY18_bin52                                +0.00, 1.03        +0.00, 1.00       -0.00      -0.000
prop_binY18_bin51                                +0.00, 1.03        +0.00, 1.00       -0.00      -0.001
prop_binY18_bin31                                -0.00, 1.01        +0.00, 0.99       +0.00      +0.000
prop_binY18_bin30                                -0.00, 1.05        +0.00, 0.99       -0.00      -0.001
prop_binY17_bin59                                -0.00, 1.01        +0.00, 1.00       +0.00      +0.001
prop_binY17_bin52                                +0.00, 1.01        +0.00, 1.00       -0.00      -0.000
prop_binY17_bin51                                +0.00, 1.01        +0.00, 1.00       -0.00      -0.000
prop_binY16_bin56                                +0.00, 1.01        +0.00, 0.99       -0.00      -0.001
prop_binY16_bin45                                +0.00, 1.01        +0.00, 0.99       -0.00      -0.001
pdf49                                            -0.00, 1.03        -0.00, 1.00       +0.00      +0.000
pdf29                                            +0.00, 1.03        -0.00, 1.01       -0.00      -0.001
pdf22                                            -0.00, 1.02        +0.00, 1.00       -0.00      -0.001
pdf2                                             -0.00, 1.02        +0.00, 1.00       +0.00      +0.001
pdf1                                             -0.00, 1.04        -0.00, 1.03       +0.00      +0.001
mufakesrw2b16                                    +0.00, 1.01        -0.00, 1.00       +0.00      +0.001
muHLTEND18                                       -0.00, 1.03        -0.00, 1.01       +0.00      +0.001
