diffNuisances run on fitDiagnostics_t0.root, at 2023-04-19 00:14:52.181076 with the following options ... {'absolute_values': False, 'show_all_parameters': True, 'format': 'text', 'stol2': 0.5, 'pullDef': '', 'vtol': 0.3, 'stol': 0.1, 'plotfile': 'plots_t0.root', 'skipFitB': False, 'sortBy': 'correlation', 'vtol2': 2.0, 'poi': 'yLQ2', 'skipFitS': False}

name                                              b-only fit            s+b fit         rho  approx impact
elScaleGain18                                    +0.00, 0.74     * +0.01, 0.77*     *+0.28*      +0.203
elScaleGain17                                    +0.00, 0.81     * +0.01, 0.83*     *+0.20*      +0.157
elScaleGain16                                    +0.00, 0.83     * +0.01, 0.84*     *+0.17*      +0.130
dy_xsec                                          +0.00, 0.92        +0.03, 0.93       -0.16      -0.139
top_xsec                                         +0.00, 0.95        -0.00, 0.96       -0.13      -0.119
lumiXY                                           +0.00, 0.93        +0.01, 0.94       -0.13      -0.109
elIDENDPTHIGH                                    +0.00, 0.39     ! +0.01, 0.40!     !-0.13!      -0.048
REFAC1718                                        +0.00, 0.89     * +0.01, 0.88*     *-0.10*      -0.082
prop_binY18_bin40                                +0.00, 0.88     * +0.00, 0.89*     *+0.07*      +0.054
prop_binY16_bin48                                +0.00, 0.92        +0.00, 0.92       +0.07      +0.058
lumi18                                           +0.00, 0.93        +0.01, 0.93       -0.07      -0.057
lumi16                                           +0.00, 0.94        +0.01, 0.94       -0.07      -0.058
MCStatBin44                                      +0.00, 0.99        +0.00, 0.99       +0.07      +0.067
MCStatBin43                                      +0.00, 0.99        +0.00, 0.99       +0.07      +0.062
MCStatBin2                                       +0.00, 0.93        -0.01, 0.93       -0.07      -0.064
MCStatBin3                                       +0.00, 0.91        -0.00, 0.91       -0.06      -0.053
MCStatBin10                                      +0.00, 0.90        -0.00, 0.91       -0.06      -0.051
FAC1718                                          +0.00, 0.93        +0.01, 0.92       -0.06      -0.055
prop_binY18_bin48                                +0.00, 0.97        +0.00, 0.97       +0.05      +0.043
nlo_sys                                          +0.00, 0.99        -0.00, 0.99       +0.05      +0.048
emucostrw1b1718                                  +0.00, 0.88     * -0.00, 0.87*     *-0.05*      -0.043
MCStatBin55                                      +0.00, 0.98        +0.00, 0.98       +0.05      +0.045
MCStatBin42                                      +0.00, 0.99        +0.00, 0.99       +0.05      +0.047
MCStatBin15                                      +0.00, 0.92        -0.00, 0.92       -0.05      -0.045
prop_binY18_bin14                                +0.00, 0.93        -0.00, 0.93       -0.04      -0.034
prop_binY17_bin48                                +0.00, 0.98        +0.00, 0.98       +0.04      +0.034
prop_binY17_bin40                                +0.00, 0.95        +0.00, 0.95       +0.04      +0.035
MCStatBin9                                       +0.00, 0.93        -0.00, 0.94       -0.04      -0.031
MCStatBin51                                      +0.00, 0.98        -0.00, 0.99       +0.04      +0.035
MCStatBin50                                      +0.00, 0.98        -0.00, 0.99       +0.04      +0.034
MCStatBin49                                      +0.00, 0.99        +0.00, 0.99       +0.04      +0.036
MCStatBin22                                      +0.00, 0.98        +0.00, 0.98       -0.04      -0.036
MCStatBin11                                      +0.00, 0.92        -0.00, 0.92       -0.04      -0.034
prop_binY18_bin8                                 +0.00, 0.89     * -0.00, 0.89*     *-0.03*      -0.027
prop_binY18_bin54                                +0.00, 0.98        +0.00, 0.98       +0.03      +0.028
prop_binY18_bin47                                +0.00, 0.91        +0.00, 0.91       +0.03      +0.021
prop_binY18_bin42                                +0.00, 0.99        +0.00, 0.99       +0.03      +0.023
prop_binY18_bin34                                +0.00, 0.97        +0.00, 0.97       -0.03      -0.024
prop_binY18_bin28                                +0.00, 0.94        +0.00, 0.94       -0.03      -0.026
prop_binY18_bin20                                +0.00, 0.82     * +0.00, 0.82*     *-0.03*      -0.022
prop_binY17_bin43                                +0.00, 0.99        +0.00, 0.99       +0.03      +0.028
prop_binY16_bin8                                 +0.00, 0.88     * -0.00, 0.88*     *-0.03*      -0.025
prop_binY16_bin6                                 +0.00, 0.94        +0.00, 0.94       -0.03      -0.025
prop_binY16_bin54                                +0.00, 0.98        +0.00, 0.98       +0.03      +0.024
prop_binY16_bin49                                +0.00, 0.97        +0.00, 0.97       +0.03      +0.030
prop_binY16_bin42                                +0.00, 0.99        +0.00, 0.99       +0.03      +0.024
prop_binY16_bin41                                +0.00, 0.97        +0.00, 0.97       +0.03      +0.029
prop_binY16_bin40                                +0.00, 0.96        +0.00, 0.97       +0.03      +0.028
prop_binY16_bin21                                +0.00, 0.96        +0.00, 0.96       -0.03      -0.023
prop_binY16_bin14                                +0.00, 0.90        -0.00, 0.90       -0.03      -0.025
prop_binY16_bin1                                 +0.00, 0.93        -0.00, 0.93       -0.03      -0.028
emucostrw2b1718                                  +0.00, 0.98        -0.00, 0.98       -0.03      -0.031
emucostrw2b16                                    +0.00, 0.98        +0.00, 0.98       -0.03      -0.023
emucostrw1b16                                    +0.00, 0.90     * +0.00, 0.90*     *-0.03*      -0.021
elScaleSyst                                      +0.00, 0.99        +0.00, 0.99       -0.03      -0.028
elRECOENDPTHIGH                                  +0.00, 0.97        +0.00, 0.97       -0.03      -0.029
elIDBARPTHIGH                                    +0.00, 0.54     * +0.04, 0.53*     *-0.03*      -0.013
RENORM1718                                       +0.00, 0.97        +0.01, 0.97       +0.03      +0.023
Pu                                               +0.00, 0.96        -0.00, 0.96       +0.03      +0.025
MCStatBin56                                      +0.00, 0.98        -0.00, 0.98       +0.03      +0.023
MCStatBin4                                       +0.00, 0.92        -0.00, 0.93       -0.03      -0.030
MCStatBin35                                      +0.00, 0.97        +0.00, 0.97       -0.03      -0.025
MCStatBin30                                      +0.00, 0.97        +0.00, 0.97       -0.03      -0.024
MCStatBin23                                      +0.00, 0.97        +0.01, 0.98       -0.03      -0.028
FAC16                                            +0.00, 0.93        +0.01, 0.93       -0.03      -0.023
prop_binY18_bin9                                 +0.00, 0.95        -0.00, 0.95       -0.02      -0.017
prop_binY18_bin49                                +0.00, 0.99        +0.00, 0.99       +0.02      +0.016
prop_binY18_bin44                                +0.00, 0.99        +0.00, 0.99       +0.02      +0.017
prop_binY18_bin43                                +0.00, 0.99        +0.00, 0.99       +0.02      +0.022
prop_binY18_bin41                                +0.00, 0.99        +0.00, 0.99       +0.02      +0.022
prop_binY18_bin21                                +0.00, 0.98        +0.00, 0.98       -0.02      -0.015
prop_binY18_bin2                                 +0.00, 0.96        +0.00, 0.96       -0.02      -0.014
prop_binY18_bin15                                +0.00, 0.94        -0.00, 0.94       -0.02      -0.017
prop_binY18_bin1                                 +0.00, 0.96        -0.00, 0.96       -0.02      -0.019
prop_binY17_bin9                                 +0.00, 0.96        -0.00, 0.96       -0.02      -0.014
prop_binY17_bin8                                 +0.00, 0.88     * -0.00, 0.88*     *-0.02*      -0.019
prop_binY17_bin54                                +0.00, 0.99        +0.00, 0.99       +0.02      +0.018
prop_binY17_bin49                                +0.00, 0.98        +0.00, 0.98       +0.02      +0.021
prop_binY17_bin47                                +0.00, 0.96        +0.00, 0.96       +0.02      +0.014
prop_binY17_bin44                                +0.00, 0.99        +0.00, 0.99       +0.02      +0.015
prop_binY17_bin42                                +0.00, 0.99        +0.00, 0.99       +0.02      +0.018
prop_binY17_bin41                                +0.00, 0.99        +0.00, 0.99       +0.02      +0.020
prop_binY17_bin34                                +0.00, 0.97        +0.00, 0.97       -0.02      -0.016
prop_binY17_bin28                                +0.00, 0.97        +0.00, 0.97       -0.02      -0.016
prop_binY17_bin21                                +0.00, 0.98        +0.00, 0.98       -0.02      -0.014
prop_binY17_bin20                                +0.00, 0.91        +0.00, 0.91       -0.02      -0.014
prop_binY17_bin2                                 +0.00, 0.96        +0.00, 0.96       -0.02      -0.014
prop_binY17_bin14                                +0.00, 0.95        -0.00, 0.95       -0.02      -0.021
prop_binY16_bin9                                 +0.00, 0.93        +0.00, 0.93       -0.02      -0.019
prop_binY16_bin5                                 +0.00, 0.94        -0.00, 0.94       -0.02      -0.015
prop_binY16_bin44                                +0.00, 0.99        -0.00, 0.99       +0.02      +0.016
prop_binY16_bin43                                +0.00, 0.99        +0.00, 0.99       +0.02      +0.021
prop_binY16_bin34                                +0.00, 0.95        +0.00, 0.95       -0.02      -0.018
prop_binY16_bin28                                +0.00, 0.91        +0.00, 0.90       -0.02      -0.020
prop_binY16_bin26                                +0.00, 0.97        +0.00, 0.97       -0.02      -0.016
prop_binY16_bin2                                 +0.00, 0.93        -0.00, 0.93       -0.02      -0.019
prefire16                                        +0.00, 0.93        -0.00, 0.93       +0.02      +0.015
pdf53                                            +0.00, 0.99        +0.00, 0.99       +0.02      +0.015
pdf31                                            +0.00, 0.99        +0.00, 0.99       +0.02      +0.015
pdf15                                            +0.00, 0.99        -0.00, 0.99       +0.02      +0.015
lumiDB                                           +0.00, 0.99        +0.00, 0.99       -0.02      -0.015
lumi17                                           +0.00, 0.91        -0.00, 0.91       -0.02      -0.021
emucostrw3b1718                                  +0.00, 0.99        +0.00, 0.99       -0.02      -0.016
elfakesrw2b18                                    +0.00, 0.99        +0.00, 0.99       -0.02      -0.018
elfakesrw1b16                                    +0.00, 0.87     * +0.00, 0.86*     *-0.02*      -0.016
elRECOBARPTHIGH                                  +0.00, 0.98        +0.01, 0.98       -0.02      -0.016
elHLTBARPTHIGH16                                 +0.00, 0.99        +0.00, 0.98       -0.02      -0.015
elFakes16                                        +0.00, 0.82     * +0.01, 0.81*     *-0.02*      -0.017
db_xsec                                          +0.00, 0.99        +0.00, 0.99       -0.02      -0.015
alphaS16                                         +0.00, 0.99        -0.00, 0.99       +0.02      +0.019
MCStatBin57                                      +0.00, 0.99        -0.00, 0.99       +0.02      +0.018
MCStatBin41                                      +0.00, 0.99        +0.00, 0.99       +0.02      +0.023
MCStatBin36                                      +0.00, 0.97        +0.00, 0.97       -0.02      -0.016
MCStatBin29                                      +0.00, 0.98        +0.00, 0.98       -0.02      -0.016
MCStatBin24                                      +0.00, 0.98        +0.01, 0.98       -0.02      -0.019
MCStatBin16                                      +0.00, 0.91        -0.01, 0.91       -0.02      -0.018
prop_binY18_bin7                                 +0.00, 0.73     * -0.00, 0.73*     *+0.01*      +0.009
prop_binY18_bin6                                 +0.00, 0.96        -0.00, 0.96       -0.01      -0.012
prop_binY18_bin56                                +0.00, 0.99        -0.00, 0.99       +0.01      +0.006
prop_binY18_bin55                                +0.00, 0.99        -0.00, 0.99       +0.01      +0.013
prop_binY18_bin51                                +0.00, 0.99        -0.00, 0.99       +0.01      +0.007
prop_binY18_bin50                                +0.00, 0.99        -0.00, 0.99       +0.01      +0.011
prop_binY18_bin5                                 +0.00, 0.96        +0.00, 0.96       -0.01      -0.011
prop_binY18_bin46                                +0.00, 0.99        +0.00, 0.99       +0.01      +0.009
prop_binY18_bin45                                +0.00, 0.99        +0.00, 0.99       +0.01      +0.013
prop_binY18_bin37                                +0.00, 0.99        -0.00, 0.99       -0.01      -0.005
prop_binY18_bin36                                +0.00, 0.98        +0.00, 0.98       -0.01      -0.006
prop_binY18_bin35                                +0.00, 0.98        +0.00, 0.98       -0.01      -0.009
prop_binY18_bin33                                +0.00, 0.96        +0.00, 0.96       -0.01      -0.005
prop_binY18_bin32                                +0.00, 0.99        +0.00, 0.99       -0.01      -0.005
prop_binY18_bin30                                +0.00, 0.99        +0.00, 0.99       -0.01      -0.006
prop_binY18_bin3                                 +0.00, 0.96        -0.00, 0.96       -0.01      -0.005
prop_binY18_bin29                                +0.00, 0.98        +0.00, 0.98       -0.01      -0.009
prop_binY18_bin27                                +0.00, 0.84     * -0.00, 0.84*     *-0.01*      -0.009
prop_binY18_bin26                                +0.00, 0.99        +0.00, 0.99       -0.01      -0.009
prop_binY18_bin25                                +0.00, 0.99        +0.00, 0.99       -0.01      -0.008
prop_binY18_bin24                                +0.00, 0.99        +0.00, 0.99       -0.01      -0.005
prop_binY18_bin23                                +0.00, 0.99        +0.00, 0.99       -0.01      -0.006
prop_binY18_bin22                                +0.00, 0.98        +0.00, 0.99       -0.01      -0.011
prop_binY18_bin12                                +0.00, 0.97        -0.00, 0.97       -0.01      -0.011
prop_binY18_bin11                                +0.00, 0.97        -0.00, 0.97       -0.01      -0.006
prop_binY18_bin10                                +0.00, 0.96        -0.00, 0.96       -0.01      -0.009
prop_binY18_bin0                                 +0.00, 0.72     * -0.01, 0.72*     *+0.01*      +0.004
prop_binY17_bin7                                 +0.00, 0.83     * -0.00, 0.83*     *+0.01*      +0.008
prop_binY17_bin6                                 +0.00, 0.96        -0.00, 0.96       -0.01      -0.007
prop_binY17_bin56                                +0.00, 0.99        -0.00, 0.99       +0.01      +0.005
prop_binY17_bin55                                +0.00, 0.99        +0.00, 0.99       +0.01      +0.009
prop_binY17_bin51                                +0.00, 0.99        -0.00, 0.99       +0.01      +0.005
prop_binY17_bin50                                +0.00, 0.99        -0.00, 0.99       +0.01      +0.008
prop_binY17_bin5                                 +0.00, 0.97        -0.00, 0.97       -0.01      -0.008
prop_binY17_bin46                                +0.00, 0.99        -0.00, 0.99       +0.01      +0.007
prop_binY17_bin45                                +0.00, 0.99        -0.00, 0.99       +0.01      +0.009
prop_binY17_bin4                                 +0.00, 0.97        +0.00, 0.97       -0.01      -0.009
prop_binY17_bin3                                 +0.00, 0.97        +0.00, 0.97       -0.01      -0.011
prop_binY17_bin29                                +0.00, 0.98        +0.00, 0.98       -0.01      -0.009
prop_binY17_bin27                                +0.00, 0.92        +0.00, 0.92       -0.01      -0.006
prop_binY17_bin26                                +0.00, 0.98        +0.00, 0.98       -0.01      -0.012
prop_binY17_bin25                                +0.00, 0.99        +0.00, 0.99       -0.01      -0.006
prop_binY17_bin24                                +0.00, 0.99        +0.00, 0.99       -0.01      -0.005
prop_binY17_bin23                                +0.00, 0.98        +0.00, 0.98       -0.01      -0.006
prop_binY17_bin22                                +0.00, 0.98        +0.00, 0.98       -0.01      -0.009
prop_binY17_bin18                                +0.00, 0.97        -0.00, 0.97       +0.01      +0.005
prop_binY17_bin11                                +0.00, 0.97        -0.00, 0.97       -0.01      -0.008
prop_binY17_bin10                                +0.00, 0.97        -0.00, 0.97       -0.01      -0.012
prop_binY17_bin1                                 +0.00, 0.96        -0.00, 0.96       -0.01      -0.011
prop_binY16_bin56                                +0.00, 0.99        -0.00, 0.99       +0.01      +0.007
prop_binY16_bin55                                +0.00, 0.99        +0.00, 0.99       +0.01      +0.012
prop_binY16_bin53                                +0.00, 0.95        -0.00, 0.95       +0.01      +0.006
prop_binY16_bin51                                +0.00, 0.99        -0.00, 0.99       +0.01      +0.006
prop_binY16_bin50                                +0.00, 0.99        -0.00, 0.99       +0.01      +0.011
prop_binY16_bin47                                +0.00, 0.97        +0.00, 0.97       +0.01      +0.012
prop_binY16_bin46                                +0.00, 0.99        +0.00, 0.99       +0.01      +0.007
prop_binY16_bin45                                +0.00, 0.99        -0.00, 0.99       +0.01      +0.012
prop_binY16_bin4                                 +0.00, 0.95        -0.00, 0.95       -0.01      -0.009
prop_binY16_bin35                                +0.00, 0.98        +0.00, 0.98       -0.01      -0.006
prop_binY16_bin33                                +0.00, 0.94        +0.00, 0.94       -0.01      -0.005
prop_binY16_bin32                                +0.00, 0.99        +0.00, 0.99       -0.01      -0.005
prop_binY16_bin3                                 +0.00, 0.94        -0.00, 0.94       -0.01      -0.008
prop_binY16_bin29                                +0.00, 0.98        +0.00, 0.98       -0.01      -0.011
prop_binY16_bin27                                +0.00, 0.82     * +0.00, 0.82*     *-0.01*      -0.007
prop_binY16_bin25                                +0.00, 0.98        +0.00, 0.98       -0.01      -0.009
prop_binY16_bin24                                +0.00, 0.98        +0.00, 0.98       -0.01      -0.008
prop_binY16_bin23                                +0.00, 0.98        +0.00, 0.98       -0.01      -0.009
prop_binY16_bin22                                +0.00, 0.97        +0.00, 0.97       -0.01      -0.012
prop_binY16_bin20                                +0.00, 0.81     * +0.00, 0.81*     *-0.01*      -0.008
prop_binY16_bin15                                +0.00, 0.91        -0.00, 0.91       -0.01      -0.007
prop_binY16_bin13                                +0.00, 0.91        +0.00, 0.91       -0.01      -0.006
prop_binY16_bin12                                +0.00, 0.94        +0.00, 0.94       -0.01      -0.011
prop_binY16_bin11                                +0.00, 0.95        -0.00, 0.95       -0.01      -0.007
prop_binY16_bin10                                +0.00, 0.95        -0.00, 0.95       -0.01      -0.008
prop_binY16_bin0                                 +0.00, 0.79     * -0.00, 0.79*     *-0.01*      -0.009
prefire17                                        +0.00, 0.80     * -0.00, 0.80*     *+0.01*      +0.008
pdf9                                             +0.00, 0.99        -0.00, 0.99       -0.01      -0.007
pdf8                                             +0.00, 0.99        +0.00, 0.99       -0.01      -0.010
pdf7                                             +0.00, 0.99        +0.00, 0.99       +0.01      +0.011
pdf59                                            +0.00, 0.99        +0.00, 0.99       +0.01      +0.005
pdf58                                            +0.00, 0.99        +0.00, 0.99       -0.01      -0.008
pdf57                                            +0.00, 0.99        +0.00, 0.99       +0.01      +0.005
pdf55                                            +0.00, 0.99        +0.00, 0.99       +0.01      +0.005
pdf54                                            +0.00, 1.00        +0.00, 0.99       -0.01      -0.005
pdf52                                            +0.00, 0.99        -0.00, 0.99       -0.01      -0.007
pdf51                                            +0.00, 0.99        +0.00, 0.99       +0.01      +0.007
pdf47                                            +0.00, 0.99        +0.00, 0.99       -0.01      -0.011
pdf46                                            +0.00, 1.00        -0.00, 0.99       -0.01      -0.005
pdf40                                            +0.00, 0.99        -0.00, 0.99       -0.01      -0.005
pdf4                                             +0.00, 0.99        +0.00, 0.99       -0.01      -0.009
pdf39                                            +0.00, 0.99        +0.00, 0.99       -0.01      -0.008
pdf35                                            +0.00, 0.99        -0.00, 0.99       -0.01      -0.005
pdf33                                            +0.00, 0.99        +0.00, 0.99       +0.01      +0.010
pdf32                                            +0.00, 0.99        -0.00, 0.99       -0.01      -0.010
pdf30                                            +0.00, 0.99        -0.00, 0.99       +0.01      +0.006
pdf29                                            +0.00, 0.99        -0.00, 0.99       +0.01      +0.005
pdf24                                            +0.00, 0.99        -0.00, 0.99       -0.01      -0.009
pdf22                                            +0.00, 0.99        -0.00, 0.99       +0.01      +0.009
pdf20                                            +0.00, 0.99        +0.00, 0.99       +0.01      +0.012
pdf19                                            +0.00, 0.99        +0.00, 0.99       +0.01      +0.007
pdf18                                            +0.00, 0.99        +0.00, 0.99       +0.01      +0.006
pdf16                                            +0.00, 0.99        +0.00, 0.99       -0.01      -0.009
pdf13                                            +0.00, 0.99        -0.00, 0.99       -0.01      -0.007
pdf10                                            +0.00, 1.00        +0.00, 0.99       -0.01      -0.007
lumiLS                                           +0.00, 0.99        +0.00, 0.99       -0.01      -0.011
lumiGS                                           +0.00, 0.99        +0.00, 0.99       -0.01      -0.012
lumiBC                                           +0.00, 0.99        +0.00, 0.99       -0.01      -0.011
gam_xsec                                         +0.00, 0.99        +0.00, 0.99       -0.01      -0.005
emucostrw3b16                                    +0.00, 0.99        +0.00, 0.99       -0.01      -0.010
elfakesrw4b18                                    +0.00, 0.98        -0.00, 0.98       +0.01      +0.009
elfakesrw4b16                                    +0.00, 0.98        -0.00, 0.98       -0.01      -0.005
elfakesrw3b17                                    +0.00, 0.98        -0.00, 0.98       -0.01      -0.011
elfakesrw1b18                                    +0.00, 0.88     * +0.00, 0.90*     *+0.01*      +0.009
elfakesrw1b17                                    +0.00, 0.89     * +0.00, 0.89*     *+0.01*      +0.009
elHLTENDPTLOW18                                  +0.00, 0.99        +0.00, 0.99       -0.01      -0.006
elHLTENDPTHIGH18                                 +0.00, 0.99        +0.00, 0.99       -0.01      -0.011
elHLTBARPTLOW18                                  +0.00, 0.99        +0.00, 0.99       -0.01      -0.006
elHLTBARPTLOW16                                  +0.00, 0.99        +0.00, 0.99       -0.01      -0.007
elHLTBARPTHIGH18                                 +0.00, 0.99        +0.00, 0.99       -0.01      -0.012
elHLTBARPTHIGH17                                 +0.00, 0.98        +0.00, 0.98       -0.01      -0.008
elFakes18                                        +0.00, 0.70     * +0.00, 0.71*     *+0.01*      +0.007
REFAC16                                          +0.00, 0.82     * +0.02, 0.80*     *-0.01*      -0.008
MCStatBin37                                      +0.00, 0.97        +0.00, 0.97       -0.01      -0.011
MCStatBin31                                      +0.00, 0.98        +0.00, 0.98       -0.01      -0.012
MCStatBin17                                      +0.00, 0.94        -0.01, 0.94       +0.01      +0.007
prop_binY18_bin59                                +0.00, 0.99        -0.00, 0.99       -0.00      -0.002
prop_binY18_bin58                                +0.00, 0.99        -0.00, 0.99       -0.00      -0.001
prop_binY18_bin57                                +0.00, 0.99        -0.00, 0.99       +0.00      +0.002
prop_binY18_bin53                                +0.00, 0.98        +0.00, 0.98       +0.00      +0.001
prop_binY18_bin52                                +0.00, 0.99        -0.00, 0.99       +0.00      +0.002
prop_binY18_bin4                                 +0.00, 0.96        -0.00, 0.96       -0.00      -0.003
prop_binY18_bin39                                +0.00, 0.98        +0.00, 0.98       -0.00      -0.002
prop_binY18_bin38                                +0.00, 0.99        +0.00, 0.99       -0.00      -0.003
prop_binY18_bin31                                +0.00, 0.99        +0.00, 0.99       -0.00      -0.004
prop_binY18_bin19                                +0.00, 0.97        +0.00, 0.97       +0.00      +0.002
prop_binY18_bin18                                +0.00, 0.97        +0.00, 0.97       -0.00      -0.003
prop_binY18_bin17                                +0.00, 0.97        -0.00, 0.97       -0.00      -0.000
prop_binY18_bin16                                +0.00, 0.96        -0.00, 0.96       +0.00      +0.001
prop_binY18_bin13                                +0.00, 0.92        +0.00, 0.92       -0.00      -0.003
prop_binY17_bin59                                +0.00, 0.99        -0.00, 0.99       -0.00      -0.001
prop_binY17_bin58                                +0.00, 0.99        -0.00, 0.99       +0.00      +0.001
prop_binY17_bin57                                +0.00, 0.99        -0.00, 0.99       +0.00      +0.002
prop_binY17_bin53                                +0.00, 0.98        +0.00, 0.98       +0.00      +0.004
prop_binY17_bin52                                +0.00, 0.99        -0.00, 0.99       +0.00      +0.002
prop_binY17_bin39                                +0.00, 0.99        +0.00, 0.99       -0.00      -0.000
prop_binY17_bin38                                +0.00, 0.99        -0.00, 0.99       -0.00      -0.001
prop_binY17_bin37                                +0.00, 0.99        -0.00, 0.99       -0.00      -0.001
prop_binY17_bin36                                +0.00, 0.99        +0.00, 0.99       -0.00      -0.003
prop_binY17_bin35                                +0.00, 0.99        +0.00, 0.99       -0.00      -0.004
prop_binY17_bin33                                +0.00, 0.97        +0.00, 0.97       -0.00      -0.002
prop_binY17_bin32                                +0.00, 0.99        +0.00, 0.99       -0.00      -0.003
prop_binY17_bin31                                +0.00, 0.99        +0.00, 0.99       -0.00      -0.002
prop_binY17_bin30                                +0.00, 0.99        +0.00, 0.99       -0.00      -0.003
prop_binY17_bin19                                +0.00, 0.97        +0.00, 0.97       +0.00      +0.004
prop_binY17_bin17                                +0.00, 0.97        -0.00, 0.97       +0.00      +0.004
prop_binY17_bin16                                +0.00, 0.97        -0.00, 0.97       +0.00      +0.003
prop_binY17_bin15                                +0.00, 0.95        -0.00, 0.95       -0.00      -0.003
prop_binY17_bin13                                +0.00, 0.92        +0.00, 0.92       -0.00      -0.002
prop_binY17_bin12                                +0.00, 0.97        -0.00, 0.97       -0.00      -0.003
prop_binY17_bin0                                 +0.00, 0.82     * -0.00, 0.82*     *-0.00*      -0.003
prop_binY16_bin7                                 +0.00, 0.81     * -0.00, 0.81*     *-0.00*      -0.001
prop_binY16_bin59                                +0.00, 0.99        -0.00, 0.99       -0.00      -0.001
prop_binY16_bin58                                +0.00, 0.99        -0.00, 0.99       +0.00      +0.001
prop_binY16_bin57                                +0.00, 0.99        -0.00, 0.99       +0.00      +0.003
prop_binY16_bin52                                +0.00, 0.99        -0.00, 0.99       +0.00      +0.002
prop_binY16_bin39                                +0.00, 0.97        +0.00, 0.97       -0.00      -0.001
prop_binY16_bin38                                +0.00, 0.98        +0.00, 0.98       -0.00      -0.003
prop_binY16_bin37                                +0.00, 0.99        +0.00, 0.99       -0.00      -0.002
prop_binY16_bin36                                +0.00, 0.98        +0.00, 0.98       -0.00      -0.003
prop_binY16_bin31                                +0.00, 0.99        +0.00, 0.99       -0.00      -0.003
prop_binY16_bin30                                +0.00, 0.98        +0.00, 0.98       -0.00      -0.004
prop_binY16_bin19                                +0.00, 0.95        +0.00, 0.95       -0.00      -0.001
prop_binY16_bin18                                +0.00, 0.95        -0.00, 0.95       +0.00      +0.000
prop_binY16_bin17                                +0.00, 0.96        -0.00, 0.96       +0.00      +0.002
prop_binY16_bin16                                +0.00, 0.94        -0.00, 0.94       +0.00      +0.001
prefire18                                        +0.00, 0.99        -0.00, 0.99       -0.00      -0.000
pdf60                                            +0.00, 0.99        +0.00, 0.99       -0.00      -0.004
pdf6                                             +0.00, 0.99        +0.00, 0.99       +0.00      +0.000
pdf56                                            +0.00, 0.99        -0.00, 0.99       +0.00      +0.003
pdf50                                            +0.00, 0.99        +0.00, 0.99       +0.00      +0.004
pdf5                                             +0.00, 0.99        -0.00, 0.99       -0.00      -0.003
pdf49                                            +0.00, 0.99        -0.00, 0.99       +0.00      +0.001
pdf48                                            +0.00, 0.99        -0.00, 0.99       +0.00      +0.001
pdf45                                            +0.00, 0.99        -0.00, 0.99       -0.00      -0.001
pdf44                                            +0.00, 0.99        +0.00, 0.99       -0.00      -0.003
pdf43                                            +0.00, 0.99        -0.00, 0.99       -0.00      -0.002
pdf42                                            +0.00, 0.99        +0.00, 0.99       -0.00      -0.003
pdf41                                            +0.00, 1.00        -0.00, 0.99       -0.00      -0.002
pdf38                                            +0.00, 0.99        +0.00, 0.99       +0.00      +0.004
pdf37                                            +0.00, 0.99        -0.00, 0.99       +0.00      +0.001
pdf36                                            +0.00, 0.99        +0.00, 0.99       -0.00      -0.002
pdf34                                            +0.00, 0.99        -0.00, 0.99       -0.00      -0.004
pdf3                                             +0.00, 0.99        +0.00, 0.99       -0.00      -0.004
pdf28                                            +0.00, 0.99        -0.00, 0.99       +0.00      +0.004
pdf27                                            +0.00, 0.99        +0.00, 0.99       +0.00      +0.001
pdf26                                            +0.00, 0.99        -0.00, 0.99       -0.00      -0.004
pdf25                                            +0.00, 0.99        +0.00, 0.99       -0.00      -0.002
pdf23                                            +0.00, 0.99        +0.00, 0.99       -0.00      -0.003
pdf21                                            +0.00, 0.99        +0.00, 0.99       -0.00      -0.002
pdf2                                             +0.00, 1.00        -0.00, 0.99       -0.00      -0.000
pdf17                                            +0.00, 0.99        +0.00, 0.99       +0.00      +0.004
pdf14                                            +0.00, 0.99        -0.00, 0.99       +0.00      +0.002
pdf12                                            +0.00, 0.99        +0.00, 0.99       -0.00      -0.004
pdf11                                            +0.00, 0.99        +0.00, 0.99       +0.00      +0.003
pdf1                                             +0.00, 0.99        -0.00, 0.99       -0.00      -0.002
emucostrw4b1718                                  +0.00, 0.99        +0.00, 0.99       -0.00      -0.005
emucostrw4b16                                    +0.00, 0.99        +0.00, 0.99       -0.00      -0.004
elfakesrw4b17                                    +0.00, 0.98        -0.00, 0.98       -0.00      -0.002
elfakesrw3b18                                    +0.00, 0.99        +0.00, 0.99       -0.00      -0.002
elfakesrw3b16                                    +0.00, 0.95        -0.00, 0.95       +0.00      +0.001
elfakesrw2b17                                    +0.00, 0.99        +0.00, 0.98       -0.00      -0.003
elfakesrw2b16                                    +0.00, 0.99        +0.00, 0.99       +0.00      +0.003
elSmear                                          +0.00, 1.00        -0.00, 0.99       -0.00      -0.002
elScaleStat18                                    +0.00, 0.99        -0.00, 0.99       -0.00      -0.000
elScaleStat17                                    +0.00, 0.99        -0.00, 0.99       -0.00      -0.000
elScaleStat16                                    +0.00, 0.99        -0.00, 0.99       -0.00      -0.000
elRECOENDPTLOW                                   +0.00, 0.99        -0.00, 0.99       -0.00      -0.001
elRECOBARPTLOW                                   +0.00, 0.99        -0.00, 0.99       -0.00      -0.000
elIDENDPTLOW                                     +0.00, 0.99        -0.00, 0.99       -0.00      -0.001
elIDBARPTLOW                                     +0.00, 0.99        -0.00, 0.99       -0.00      -0.001
elHLTENDPTLOW17                                  +0.00, 0.99        -0.00, 0.99       +0.00      +0.001
elHLTENDPTLOW16                                  +0.00, 0.99        -0.00, 0.99       -0.00      -0.001
elHLTENDPTHIGH17                                 +0.00, 0.99        -0.00, 0.99       +0.00      +0.003
elHLTENDPTHIGH16                                 +0.00, 0.98        -0.00, 0.98       -0.00      -0.001
elHLTBARPTLOW17                                  +0.00, 0.99        +0.00, 0.99       -0.00      -0.004
elFakes17                                        +0.00, 0.87     * +0.00, 0.86*     *-0.00*      -0.003
alphaS1718                                       +0.00, 0.99        -0.00, 0.99       -0.00      -0.000
RENORM16                                         +0.00, 0.94        +0.01, 0.92       -0.00      -0.002
MCStatBin21                                      +0.00, 0.99        +0.00, 0.99       -0.00      -0.004
MCStatBin1                                       +0.00, 0.98        -0.00, 0.98       +0.00      +0.000
