-0.089014 5.763388
-0.076688 5.243344
-0.068202 4.884356
-0.061305 4.592772
-0.055340 4.341161
-0.050009 4.117106
-0.045144 3.913585
-0.040642 3.726431
-0.036430 3.552171
-0.032460 3.389275
-0.028694 3.236205
-0.025104 3.091398
-0.021666 2.954144
-0.018364 2.823705
-0.015181 2.699471
-0.012107 2.580951
-0.009130 2.467704
-0.006242 2.359406
-0.003436 2.255737
-0.000704 2.156430
0.001958 2.061239
0.004556 1.969957
0.007095 1.882339
0.009577 1.798336
0.012008 1.717727
0.014389 1.640367
0.016724 1.566122
0.019015 1.494867
0.021265 1.426483
0.023476 1.360859
0.025650 1.298083
0.027788 1.237650
0.029893 1.179674
0.031965 1.124058
0.034007 1.070718
0.036019 1.019566
0.038004 0.970532
0.039961 0.923514
0.041892 0.878446
0.043799 0.835252
0.045681 0.793793
0.047541 0.754324
0.049378 0.716295
0.051193 0.679876
0.052988 0.645053
0.054763 0.611789
0.056518 0.579783
0.058255 0.549211
0.059973 0.519958
0.061674 0.491979
0.063358 0.465206
0.065025 0.439436
0.066676 0.415018
0.068312 0.391631
0.069932 0.369197
0.071537 0.347751
0.073128 0.327268
0.074705 0.307715
0.076268 0.288976
0.077818 0.271368
0.079355 0.254374
0.080880 0.238167
0.082392 0.222726
0.083891 0.208018
0.085380 0.194016
0.086856 0.180693
0.088322 0.168025
0.089776 0.155987
0.091220 0.144482
0.092653 0.133641
0.094076 0.123363
0.095489 0.113627
0.096892 0.104415
0.098286 0.095707
0.099670 0.087485
0.101045 0.079733
0.102410 0.072433
0.103767 0.065571
0.105115 0.059328
0.106454 0.053272
0.107786 0.047459
0.109108 0.042200
0.110423 0.037308
0.111730 0.032772
0.113029 0.028578
0.114320 0.024915
0.115604 0.021346
0.116881 0.018090
0.118150 0.015136
0.119412 0.012372
0.120667 0.010012
0.121915 0.007924
0.123156 0.006099
0.124390 0.004528
0.125618 0.003380
0.126840 0.002235
0.128055 0.001335
0.129264 0.000735
0.130466 0.000260
0.131663 0.000035
0.132259 0.000000
0.132855 0.000038
0.134052 0.000267
0.135254 0.000736
0.136463 0.001306
0.137678 0.002155
0.138900 0.003215
0.140128 0.004258
0.141362 0.005820
0.142603 0.007273
0.143851 0.009251
0.145106 0.011091
0.146368 0.013301
0.147637 0.015713
0.148914 0.018326
0.150198 0.021142
0.151489 0.024160
0.152788 0.027380
0.154095 0.030804
0.155410 0.034432
0.156732 0.038265
0.158063 0.042303
0.159403 0.046547
0.160751 0.050999
0.162108 0.055658
0.163473 0.060525
0.164848 0.065795
0.166232 0.070892
0.167626 0.076393
0.169029 0.082195
0.170442 0.088131
0.171865 0.094284
0.173298 0.100655
0.174742 0.107247
0.176196 0.114061
0.177662 0.121098
0.179138 0.128362
0.180626 0.135854
0.182126 0.143577
0.183638 0.151533
0.185163 0.159724
0.186700 0.168154
0.188250 0.176825
0.189813 0.185580
0.191390 0.194735
0.192981 0.204141
0.194586 0.213801
0.196206 0.223720
0.197842 0.233902
0.199493 0.244351
0.201160 0.255072
0.202844 0.266070
0.204544 0.277350
0.206263 0.288917
0.208000 0.300778
0.209755 0.312939
0.211530 0.325406
0.213325 0.338187
0.215140 0.351289
0.216977 0.364720
0.218837 0.378489
0.220719 0.392605
0.222626 0.407077
0.224557 0.421917
0.226514 0.437136
0.228498 0.452538
0.230511 0.468539
0.232553 0.484957
0.234625 0.501808
0.236730 0.519194
0.238868 0.536966
0.241042 0.555221
0.243253 0.573986
0.245503 0.593282
0.247794 0.613132
0.250129 0.633566
0.252510 0.654614
0.254941 0.676306
0.257423 0.698682
0.259962 0.721783
0.262560 0.745656
0.265222 0.770354
0.267954 0.795932
0.270760 0.822462
0.273648 0.850018
0.276625 0.878685
0.279699 0.908574
0.282882 0.939809
0.286184 0.972331
0.289622 1.006705
0.293212 1.042954
0.296978 1.081343
0.300948 1.122211
0.305160 1.165999
0.309662 1.213301
0.314527 1.264951
0.319858 1.322186
0.325823 1.386983
0.332720 1.462885
0.341206 1.557632
