-0.225480 1.936952
-0.221446 1.808950
-0.218668 1.723029
-0.216411 1.654546
-0.214459 1.596328
-0.212714 1.545086
-0.211122 1.498989
-0.209648 1.456890
-0.208270 1.418016
-0.206970 1.381815
-0.205738 1.347879
-0.204563 1.315728
-0.203437 1.285446
-0.202356 1.256670
-0.201315 1.229237
-0.200309 1.203013
-0.199334 1.177882
-0.198389 1.153750
-0.197471 1.130532
-0.196577 1.108157
-0.195705 1.086562
-0.194855 1.065692
-0.194024 1.045496
-0.193212 1.025933
-0.192416 1.006962
-0.191637 0.988548
-0.190873 0.970661
-0.190123 0.953269
-0.189386 0.936349
-0.188663 0.919874
-0.187951 0.903825
-0.187251 0.888179
-0.186562 0.872919
-0.185884 0.858028
-0.185216 0.843489
-0.184557 0.829287
-0.183908 0.815409
-0.183267 0.801842
-0.182635 0.788574
-0.182011 0.775593
-0.181395 0.762890
-0.180786 0.750453
-0.180185 0.738274
-0.179591 0.726344
-0.179003 0.714654
-0.178423 0.703197
-0.177848 0.691965
-0.177280 0.680951
-0.176717 0.670149
-0.176161 0.659552
-0.175609 0.649154
-0.175064 0.638949
-0.174523 0.629129
-0.173988 0.619287
-0.173458 0.609623
-0.172933 0.600132
-0.172412 0.590809
-0.171896 0.581650
-0.171384 0.572651
-0.170877 0.563808
-0.170374 0.555117
-0.169875 0.546575
-0.169380 0.538176
-0.168889 0.529800
-0.168402 0.521688
-0.167919 0.513902
-0.167439 0.506044
-0.166963 0.498317
-0.166490 0.490719
-0.166021 0.483247
-0.165556 0.475901
-0.165093 0.468669
-0.164634 0.461548
-0.164178 0.454519
-0.163725 0.447634
-0.163275 0.440873
-0.162828 0.434206
-0.162384 0.427637
-0.161943 0.421169
-0.161504 0.414800
-0.161069 0.408529
-0.160636 0.402355
-0.160205 0.396275
-0.159778 0.390289
-0.159352 0.384394
-0.158930 0.378589
-0.158510 0.372873
-0.158092 0.367243
-0.157677 0.361699
-0.157263 0.356238
-0.156853 0.350861
-0.156444 0.345563
-0.156038 0.340345
-0.155634 0.335205
-0.155232 0.330143
-0.154832 0.325156
-0.154435 0.320244
-0.154039 0.315405
-0.153645 0.310639
-0.153254 0.305942
-0.152864 0.301316
-0.152476 0.296758
-0.152090 0.292268
-0.151707 0.287844
-0.151324 0.283487
-0.150944 0.279193
-0.150566 0.274964
-0.150189 0.270797
-0.149814 0.266691
-0.149441 0.262646
-0.149069 0.258660
-0.148699 0.254734
-0.148331 0.250866
-0.147965 0.247055
-0.147600 0.243300
-0.147236 0.239601
-0.146875 0.235957
-0.146514 0.232366
-0.146156 0.228829
-0.145798 0.225344
-0.145443 0.221910
-0.145088 0.218528
-0.144736 0.215196
-0.144384 0.211913
-0.144034 0.208679
-0.143686 0.205494
-0.143339 0.202356
-0.142993 0.199264
-0.142649 0.196219
-0.142306 0.193219
-0.141964 0.190265
-0.141623 0.187355
-0.141284 0.184488
-0.140946 0.181665
-0.140610 0.178884
-0.140274 0.176144
-0.139940 0.173447
-0.139607 0.170790
-0.139276 0.168174
-0.138945 0.165597
-0.138616 0.163060
-0.138288 0.160561
-0.137961 0.157897
-0.137635 0.155470
-0.137310 0.153079
-0.136986 0.150725
-0.136664 0.148408
-0.136343 0.146126
-0.136022 0.143880
-0.135703 0.141668
-0.135385 0.139491
-0.135068 0.137348
-0.134752 0.135238
-0.134437 0.133161
-0.134123 0.131117
-0.133810 0.129105
-0.133498 0.127125
-0.133187 0.125177
-0.132877 0.123259
-0.132568 0.121372
-0.132260 0.119516
-0.131953 0.117689
-0.131646 0.115891
-0.131341 0.114123
-0.131037 0.112384
-0.130734 0.110672
-0.130431 0.108989
-0.130130 0.107334
-0.129829 0.105705
-0.129529 0.104104
-0.129230 0.102529
-0.128932 0.100981
-0.128635 0.099459
-0.128339 0.097962
-0.128044 0.096491
-0.127749 0.095044
-0.127455 0.093622
-0.127163 0.092225
-0.126870 0.090852
-0.126579 0.089502
-0.126289 0.088176
-0.125999 0.086873
-0.125710 0.085593
-0.125422 0.084335
-0.125135 0.083100
-0.124849 0.081887
-0.124563 0.080695
-0.124278 0.079525
-0.123994 0.078376
-0.123710 0.077249
-0.123428 0.076141
-0.123146 0.075055
-0.122864 0.073988
-0.122584 0.072941
-0.122304 0.071914
-0.122025 0.070906
-0.121747 0.069918
-0.121469 0.068948
-0.121192 0.067997
-0.120916 0.067065
-0.120640 0.066150
-0.120366 0.065254
-0.120091 0.064375
-0.119818 0.063514
-0.119545 0.062670
-0.119273 0.061843
-0.119002 0.061033
-0.118731 0.060239
-0.118461 0.059462
-0.118191 0.058702
-0.117922 0.057957
-0.117654 0.057228
-0.117386 0.056514
-0.117119 0.055816
-0.116853 0.055133
-0.116587 0.054465
-0.116322 0.053812
-0.116057 0.053173
-0.115794 0.052549
-0.115530 0.051939
-0.115268 0.051343
-0.115005 0.050761
-0.114744 0.050192
-0.114483 0.049637
-0.114223 0.049095
-0.113963 0.048567
-0.113704 0.048051
-0.113445 0.047548
-0.113187 0.047057
-0.112929 0.046579
-0.112673 0.046114
-0.112416 0.045846
-0.112160 0.045405
-0.111905 0.044975
-0.111650 0.044558
-0.111396 0.044151
-0.111143 0.043756
-0.110889 0.043372
-0.110637 0.042999
-0.110385 0.042637
-0.110133 0.042286
-0.109882 0.041945
-0.109632 0.041614
-0.109382 0.041294
-0.109132 0.040984
-0.108883 0.040683
-0.108635 0.040393
-0.108387 0.040112
-0.108140 0.039841
-0.107893 0.039579
-0.107646 0.039326
-0.107400 0.039082
-0.107155 0.038848
-0.106910 0.038622
-0.106665 0.038405
-0.106421 0.038196
-0.106178 0.037996
-0.105935 0.037805
-0.105692 0.037421
-0.105450 0.037245
-0.105208 0.037078
-0.104967 0.036918
-0.104726 0.036766
-0.104486 0.036621
-0.104246 0.036484
-0.104007 0.036354
-0.103768 0.036232
-0.103530 0.036117
-0.103292 0.036009
-0.103054 0.035907
-0.102817 0.035813
-0.102580 0.035725
-0.102344 0.035644
-0.102108 0.035570
-0.101873 0.035502
-0.101638 0.035440
-0.101403 0.035385
-0.101169 0.035335
-0.100935 0.035292
-0.100702 0.035254
-0.100469 0.035223
-0.100237 0.035197
-0.100005 0.035176
-0.099773 0.035161
-0.099542 0.035152
-0.099311 0.035148
-0.099081 0.035149
-0.098851 0.035156
-0.098621 0.035167
-0.098392 0.035183
-0.098163 0.035205
-0.097935 0.035231
-0.097706 0.035262
-0.097479 0.035297
-0.097252 0.035337
-0.097025 0.035381
-0.096798 0.035430
-0.096572 0.035483
-0.096346 0.035541
-0.096121 0.035602
-0.095896 0.035668
-0.095671 0.035737
-0.095447 0.035811
-0.095223 0.035888
-0.095000 0.035969
-0.094777 0.036054
-0.094554 0.036143
-0.094332 0.036234
-0.094110 0.036330
-0.093888 0.036429
-0.093667 0.036531
-0.093446 0.036636
-0.093225 0.036745
-0.093005 0.036856
-0.092785 0.036971
-0.092565 0.037089
-0.092346 0.037209
-0.092127 0.037333
-0.091909 0.037459
-0.091691 0.037588
-0.091473 0.037720
-0.091255 0.037854
-0.091038 0.037991
-0.090821 0.038130
-0.090605 0.038272
-0.090389 0.038416
-0.090173 0.038562
-0.089957 0.038711
-0.089742 0.038862
-0.089527 0.039014
-0.089313 0.039169
-0.089099 0.039326
-0.088885 0.039485
-0.088671 0.039646
-0.088458 0.039809
-0.088245 0.039973
-0.088033 0.040140
-0.087820 0.040308
-0.087609 0.040477
-0.087397 0.040648
-0.087186 0.040821
-0.086975 0.040995
-0.086764 0.041171
-0.086553 0.041348
-0.086343 0.041527
-0.086134 0.041707
-0.085924 0.041888
-0.085715 0.042070
-0.085506 0.042253
-0.085297 0.042438
-0.085089 0.042623
-0.084881 0.042810
-0.084674 0.042998
-0.084466 0.043186
-0.084259 0.043376
-0.084052 0.043566
-0.083846 0.043758
-0.083639 0.043950
-0.083434 0.044142
-0.083228 0.044336
-0.083023 0.044530
-0.082817 0.044725
-0.082613 0.044920
-0.082408 0.045116
-0.082204 0.045312
-0.082000 0.045509
-0.081796 0.045707
-0.081593 0.045904
-0.081390 0.046102
-0.081187 0.046301
-0.080984 0.046500
-0.080782 0.046699
-0.080580 0.046898
-0.080378 0.047097
-0.080177 0.047297
-0.079975 0.047497
-0.079775 0.047697
-0.079574 0.047897
-0.079373 0.048097
-0.079173 0.048296
-0.078973 0.048496
-0.078774 0.048696
-0.078574 0.048896
-0.078375 0.049096
-0.078176 0.049295
-0.077978 0.049495
-0.077780 0.049694
-0.077581 0.049893
-0.077384 0.050092
-0.077186 0.050290
-0.076989 0.050488
-0.076792 0.050686
-0.076595 0.050884
-0.076398 0.051081
-0.076202 0.051277
-0.076006 0.051474
-0.075810 0.051669
-0.075615 0.051865
-0.075419 0.052060
-0.075224 0.052254
-0.075029 0.052448
-0.074835 0.052641
-0.074640 0.052833
-0.074446 0.053025
-0.074252 0.053217
-0.074059 0.053407
-0.073865 0.053597
-0.073672 0.053786
-0.073479 0.053975
-0.073287 0.054163
-0.073094 0.054350
-0.072902 0.054536
-0.072710 0.054721
-0.072518 0.054906
-0.072327 0.055090
-0.072136 0.055273
-0.071945 0.055455
-0.071754 0.055636
-0.071563 0.055816
-0.071373 0.055995
-0.071183 0.056174
-0.070993 0.056351
-0.070803 0.056527
-0.070614 0.056703
-0.070424 0.056877
-0.070235 0.057051
-0.070047 0.057223
-0.069858 0.057394
-0.069670 0.057564
-0.069481 0.057733
-0.069294 0.057901
-0.069106 0.058068
-0.068918 0.058234
-0.068731 0.058398
-0.068544 0.058562
-0.068357 0.058724
-0.068171 0.058885
-0.067984 0.059045
-0.067798 0.059203
-0.067612 0.059361
-0.067426 0.059517
-0.067241 0.059672
-0.067055 0.059826
-0.066870 0.059978
-0.066685 0.060129
-0.066501 0.060279
-0.066316 0.060427
-0.066132 0.060574
-0.065948 0.060720
-0.065764 0.060865
-0.065580 0.061008
-0.065397 0.061150
-0.065213 0.061290
-0.065030 0.061429
-0.064847 0.061567
-0.064665 0.061703
-0.064482 0.061838
-0.064300 0.061971
-0.064118 0.062103
-0.063936 0.062234
-0.063754 0.062363
-0.063573 0.062491
-0.063392 0.062617
-0.063211 0.062742
-0.063030 0.062865
-0.062849 0.062987
-0.062668 0.063107
-0.062488 0.063226
-0.062308 0.063344
-0.062128 0.063459
-0.061948 0.063574
-0.061769 0.063687
-0.061589 0.063798
-0.061410 0.063908
-0.061231 0.064016
-0.061053 0.064123
-0.060874 0.064228
-0.060696 0.064331
-0.060517 0.064433
-0.060339 0.064534
-0.060161 0.064633
-0.059984 0.064730
-0.059806 0.064826
-0.059629 0.064920
-0.059452 0.065012
-0.059275 0.065103
-0.059098 0.065193
-0.058922 0.065281
-0.058745 0.065367
-0.058569 0.065451
-0.058393 0.065534
-0.058217 0.065816
-0.058041 0.065895
-0.057866 0.065973
-0.057691 0.066049
-0.057515 0.066124
-0.057341 0.066197
-0.057166 0.066268
-0.056991 0.066337
-0.056817 0.066405
-0.056642 0.066472
-0.056468 0.066536
-0.056294 0.066599
-0.056121 0.066661
-0.055947 0.066721
-0.055774 0.066779
-0.055600 0.066835
-0.055427 0.066890
-0.055255 0.066943
-0.055082 0.066995
-0.054909 0.067045
-0.054737 0.067093
-0.054565 0.067139
-0.054393 0.067184
-0.054221 0.067228
-0.054049 0.067269
-0.053878 0.067309
-0.053706 0.067347
-0.053535 0.067384
-0.053364 0.067419
-0.053193 0.067452
-0.053022 0.067484
-0.052852 0.067514
-0.052681 0.067542
-0.052511 0.067569
-0.052341 0.067594
-0.052171 0.067617
-0.052001 0.067639
-0.051832 0.067659
-0.051662 0.067677
-0.051493 0.067694
-0.051324 0.067709
-0.051155 0.067722
-0.050986 0.067734
-0.050818 0.067744
-0.050649 0.067753
-0.050481 0.067760
-0.050313 0.067765
-0.050145 0.067769
-0.049977 0.067771
-0.049809 0.067771
-0.049642 0.067770
-0.049474 0.067767
-0.049307 0.067762
-0.049140 0.067756
-0.048973 0.067748
-0.048806 0.067738
-0.048640 0.067727
-0.048473 0.067715
-0.048307 0.067700
-0.048141 0.067684
-0.047975 0.067667
-0.047809 0.067648
-0.047643 0.067627
-0.047478 0.067604
-0.047312 0.067580
-0.047147 0.067555
-0.046982 0.067528
-0.046817 0.067499
-0.046652 0.067468
-0.046488 0.067437
-0.046323 0.067403
-0.046159 0.067368
-0.045995 0.067331
-0.045831 0.067293
-0.045667 0.067253
-0.045503 0.067212
-0.045339 0.067169
-0.045176 0.067124
-0.045012 0.067078
-0.044849 0.067031
-0.044686 0.066982
-0.044523 0.066931
-0.044360 0.066879
-0.044198 0.066825
-0.044035 0.066770
-0.043873 0.066713
-0.043711 0.066655
-0.043549 0.066595
-0.043387 0.066534
-0.043225 0.066471
-0.043063 0.066407
-0.042902 0.066341
-0.042740 0.066115
-0.042579 0.066047
-0.042418 0.065977
-0.042257 0.065906
-0.042096 0.065833
-0.041935 0.065759
-0.041775 0.065684
-0.041614 0.065607
-0.041454 0.065528
-0.041294 0.065448
-0.041134 0.065367
-0.040974 0.065284
-0.040814 0.065200
-0.040655 0.065114
-0.040495 0.065027
-0.040336 0.064939
-0.040177 0.064849
-0.040018 0.064757
-0.039859 0.064665
-0.039700 0.064571
-0.039541 0.064475
-0.039383 0.064378
-0.039224 0.064280
-0.039066 0.064181
-0.038908 0.064080
-0.038750 0.063977
-0.038592 0.063874
-0.038434 0.063769
-0.038276 0.063663
-0.038119 0.063555
-0.037962 0.063446
-0.037804 0.063336
-0.037647 0.063224
-0.037490 0.063111
-0.037333 0.062997
-0.037177 0.062882
-0.037020 0.062765
-0.036863 0.062647
-0.036707 0.062527
-0.036551 0.062407
-0.036395 0.062285
-0.036239 0.062162
-0.036083 0.062037
-0.035927 0.061912
-0.035772 0.061785
-0.035616 0.061657
-0.035461 0.061528
-0.035305 0.061397
-0.035150 0.061266
-0.034995 0.061133
-0.034840 0.060999
-0.034686 0.060863
-0.034531 0.060727
-0.034377 0.060589
-0.034222 0.060450
-0.034068 0.060310
-0.033914 0.060169
-0.033760 0.060027
-0.033606 0.059884
-0.033452 0.059739
-0.033298 0.059593
-0.033145 0.059447
-0.032991 0.059299
-0.032838 0.059150
-0.032685 0.059000
-0.032532 0.058849
-0.032379 0.058696
-0.032226 0.058543
-0.032073 0.058389
-0.031921 0.058233
-0.031768 0.058077
-0.031616 0.057919
-0.031464 0.057761
-0.031311 0.057601
-0.031159 0.057440
-0.031008 0.057279
-0.030856 0.057116
-0.030704 0.056952
-0.030552 0.056788
-0.030401 0.056622
-0.030250 0.056455
-0.030099 0.056288
-0.029947 0.056119
-0.029796 0.055950
-0.029646 0.055779
-0.029495 0.055608
-0.029344 0.055436
-0.029194 0.055262
-0.029043 0.055088
-0.028893 0.054913
-0.028743 0.054737
-0.028593 0.054560
-0.028443 0.054383
-0.028293 0.054204
-0.028143 0.054025
-0.027993 0.053844
-0.027844 0.053663
-0.027694 0.053481
-0.027545 0.053298
-0.027396 0.053114
-0.027247 0.052930
-0.027098 0.052745
-0.026949 0.052558
-0.026800 0.052372
-0.026651 0.052184
-0.026503 0.051995
-0.026354 0.051806
-0.026206 0.051616
-0.026058 0.051425
-0.025910 0.051234
-0.025762 0.051041
-0.025614 0.050848
-0.025466 0.050655
-0.025318 0.050460
-0.025171 0.050265
-0.025023 0.050069
-0.024876 0.049873
-0.024729 0.049675
-0.024581 0.049478
-0.024434 0.049279
-0.024287 0.049080
-0.024140 0.048880
-0.023994 0.048679
-0.023847 0.048478
-0.023700 0.048277
-0.023554 0.048074
-0.023408 0.047871
-0.023261 0.047668
-0.023115 0.047463
-0.022969 0.047259
-0.022823 0.047053
-0.022678 0.046848
-0.022532 0.046641
-0.022386 0.046434
-0.022241 0.046227
-0.022095 0.046019
-0.021950 0.045810
-0.021805 0.045601
-0.021660 0.045391
-0.021515 0.045181
-0.021370 0.044971
-0.021225 0.044760
-0.021080 0.044548
-0.020936 0.044336
-0.020791 0.044124
-0.020647 0.043911
-0.020502 0.043698
-0.020358 0.043484
-0.020214 0.043270
-0.020070 0.043055
-0.019926 0.042840
-0.019782 0.042625
-0.019638 0.042409
-0.019495 0.042193
-0.019351 0.041977
-0.019208 0.041760
-0.019065 0.041543
-0.018921 0.041325
-0.018778 0.041107
-0.018635 0.040889
-0.018492 0.040671
-0.018349 0.040452
-0.018206 0.040233
-0.018064 0.040013
-0.017921 0.039794
-0.017779 0.039574
-0.017636 0.039354
-0.017494 0.039133
-0.017352 0.038913
-0.017210 0.038692
-0.017068 0.038471
-0.016926 0.038249
-0.016784 0.038028
-0.016642 0.037806
-0.016501 0.037584
-0.016359 0.037562
-0.016218 0.037338
-0.016076 0.037115
-0.015935 0.036891
-0.015794 0.036666
-0.015653 0.036442
-0.015512 0.036218
-0.015371 0.035993
-0.015230 0.035769
-0.015090 0.035544
-0.014949 0.035319
-0.014809 0.035094
-0.014668 0.034870
-0.014528 0.034645
-0.014388 0.034420
-0.014247 0.034194
-0.014107 0.033969
-0.013967 0.033744
-0.013827 0.033519
-0.013688 0.033293
-0.013548 0.033068
-0.013408 0.032843
-0.013269 0.032618
-0.013129 0.032393
-0.012990 0.032168
-0.012851 0.031943
-0.012712 0.031718
-0.012573 0.031493
-0.012434 0.031268
-0.012295 0.031044
-0.012156 0.030819
-0.012017 0.030594
-0.011879 0.030370
-0.011740 0.030146
-0.011602 0.029922
-0.011463 0.029698
-0.011325 0.029474
-0.011187 0.029250
-0.011049 0.029027
-0.010911 0.028803
-0.010773 0.028580
-0.010635 0.028357
-0.010497 0.028134
-0.010359 0.027912
-0.010222 0.027689
-0.010084 0.027467
-0.009947 0.027246
-0.009809 0.027024
-0.009672 0.026803
-0.009535 0.026581
-0.009398 0.026361
-0.009261 0.026140
-0.009124 0.025920
-0.008987 0.025700
-0.008850 0.025480
-0.008714 0.025261
-0.008577 0.025042
-0.008441 0.024824
-0.008304 0.024605
-0.008168 0.024387
-0.008032 0.024050
-0.007896 0.023834
-0.007760 0.023618
-0.007624 0.023403
-0.007488 0.023188
-0.007352 0.022974
-0.007216 0.022760
-0.007080 0.022546
-0.006945 0.022333
-0.006809 0.022120
-0.006674 0.021908
-0.006539 0.021696
-0.006403 0.021485
-0.006268 0.021274
-0.006133 0.021064
-0.005998 0.020854
-0.005863 0.020645
-0.005728 0.020436
-0.005594 0.020228
-0.005459 0.020020
-0.005324 0.019813
-0.005190 0.019606
-0.005055 0.019400
-0.004921 0.019195
-0.004787 0.018990
-0.004652 0.018785
-0.004518 0.018582
-0.004384 0.018379
-0.004250 0.018176
-0.004116 0.017974
-0.003983 0.017773
-0.003849 0.017573
-0.003715 0.017373
-0.003582 0.017173
-0.003448 0.016975
-0.003315 0.016975
-0.003181 0.016776
-0.003048 0.016577
-0.002915 0.016379
-0.002782 0.016181
-0.002649 0.015984
-0.002516 0.015789
-0.002383 0.015593
-0.002250 0.015399
-0.002117 0.015205
-0.001985 0.015012
-0.001852 0.014820
-0.001720 0.014459
-0.001587 0.014271
-0.001455 0.014084
-0.001323 0.013897
-0.001191 0.013712
-0.001058 0.013527
-0.000926 0.013343
-0.000794 0.013160
-0.000663 0.012977
-0.000531 0.012796
-0.000399 0.012615
-0.000267 0.012436
-0.000136 0.012257
-0.000004 0.012079
0.000127 0.011902
0.000258 0.011727
0.000390 0.011552
0.000521 0.011377
0.000652 0.011204
0.000783 0.011032
0.000914 0.010861
0.001045 0.010691
0.001176 0.010522
0.001307 0.010354
0.001437 0.010186
0.001568 0.010020
0.001698 0.009855
0.001829 0.009691
0.001959 0.009528
0.002090 0.009366
0.002220 0.009205
0.002350 0.009045
0.002480 0.008887
0.002610 0.008729
0.002740 0.008572
0.002870 0.008417
0.003000 0.008263
0.003130 0.008109
0.003259 0.007957
0.003389 0.007806
0.003518 0.007657
0.003648 0.007508
0.003777 0.007361
0.003907 0.007214
0.004036 0.007069
0.004165 0.006925
0.004294 0.006783
0.004423 0.006641
0.004552 0.006501
0.004681 0.006362
0.004810 0.006225
0.004939 0.006088
0.005067 0.005953
0.005196 0.005819
0.005324 0.005686
0.005453 0.005555
0.005581 0.005425
0.005710 0.005296
0.005838 0.005169
0.005966 0.005043
0.006094 0.004918
0.006222 0.004795
0.006350 0.004871
0.006478 0.004745
0.006606 0.004620
0.006734 0.004497
0.006861 0.004376
0.006989 0.004256
0.007117 0.004137
0.007244 0.004020
0.007372 0.003904
0.007499 0.003790
0.007626 0.003677
0.007753 0.003566
0.007881 0.003456
0.008008 0.003348
0.008135 0.003242
0.008262 0.003137
0.008389 0.003033
0.008515 0.002931
0.008642 0.002831
0.008769 0.002788
0.008895 0.002689
0.009022 0.002592
0.009148 0.002496
0.009275 0.002402
0.009401 0.002309
0.009528 0.002218
0.009654 0.002129
0.009780 0.002042
0.009906 0.001956
0.010032 0.001872
0.010158 0.001790
0.010284 0.001709
0.010410 0.001630
0.010535 0.001553
0.010661 0.001478
0.010787 0.001404
0.010912 0.001332
0.011038 0.001262
0.011163 0.001291
0.011289 0.001219
0.011414 0.001149
0.011539 0.001081
0.011664 0.001015
0.011790 0.000951
0.011915 0.000889
0.012040 0.000829
0.012164 0.000771
0.012289 0.000715
0.012414 0.000661
0.012539 0.000609
0.012663 0.000559
0.012788 0.000511
0.012913 0.000465
0.013037 0.000421
0.013162 0.000380
0.013286 0.000340
0.013410 0.000356
0.013534 0.000314
0.013659 0.000275
0.013783 0.000239
0.013907 0.000205
0.014031 0.000174
0.014155 0.000145
0.014278 0.000119
0.014402 0.000095
0.014526 0.000074
0.014649 0.000056
0.014773 0.000077
0.014897 0.000052
0.015020 0.000031
0.015143 0.000016
0.015267 0.000006
0.015390 0.000001
0.015452 0.000000
0.015513 0.000001
0.015637 0.000006
0.015760 0.000016
0.015883 0.000032
0.016007 0.000052
0.016130 0.000078
0.016254 0.000057
0.016378 0.000076
0.016501 0.000098
0.016625 0.000123
0.016749 0.000150
0.016873 0.000181
0.016997 0.000214
0.017121 0.000250
0.017245 0.000289
0.017369 0.000332
0.017493 0.000377
0.017618 0.000363
0.017742 0.000407
0.017866 0.000453
0.017991 0.000502
0.018115 0.000553
0.018240 0.000607
0.018365 0.000664
0.018489 0.000723
0.018614 0.000785
0.018739 0.000850
0.018864 0.000918
0.018989 0.000988
0.019114 0.001061
0.019239 0.001137
0.019364 0.001215
0.019490 0.001297
0.019615 0.001281
0.019740 0.001362
0.019866 0.001446
0.019991 0.001532
0.020117 0.001621
0.020242 0.001713
0.020368 0.001807
0.020494 0.001904
0.020620 0.002004
0.020745 0.002107
0.020871 0.002212
0.020997 0.002321
0.021124 0.002432
0.021250 0.002546
0.021376 0.002602
0.021502 0.002719
0.021629 0.002839
0.021755 0.002961
0.021882 0.003087
0.022008 0.003216
0.022135 0.003347
0.022261 0.003481
0.022388 0.003619
0.022515 0.003759
0.022642 0.003902
0.022769 0.004049
0.022896 0.004198
0.023023 0.004350
0.023150 0.004506
0.023277 0.004664
0.023405 0.004826
0.023532 0.004991
0.023659 0.004956
0.023787 0.005120
0.023914 0.005288
0.024042 0.005458
0.024170 0.005632
0.024298 0.005808
0.024425 0.005988
0.024553 0.006171
0.024681 0.006357
0.024809 0.006546
0.024937 0.006739
0.025066 0.006935
0.025194 0.007134
0.025322 0.007336
0.025451 0.007541
0.025579 0.007750
0.025708 0.007962
0.025836 0.008178
0.025965 0.008397
0.026094 0.008619
0.026223 0.008844
0.026351 0.009073
0.026480 0.009306
0.026609 0.009541
0.026738 0.009781
0.026868 0.010024
0.026997 0.010270
0.027126 0.010520
0.027256 0.010773
0.027385 0.011030
0.027515 0.011291
0.027644 0.011555
0.027774 0.011823
0.027904 0.012094
0.028033 0.012369
0.028163 0.012648
0.028293 0.012931
0.028423 0.013217
0.028553 0.013507
0.028684 0.013801
0.028814 0.014098
0.028944 0.014400
0.029075 0.014705
0.029205 0.015014
0.029336 0.015501
0.029466 0.015822
0.029597 0.016146
0.029728 0.016475
0.029858 0.016807
0.029989 0.017144
0.030120 0.017484
0.030251 0.017828
0.030383 0.017973
0.030514 0.018322
0.030645 0.018675
0.030776 0.019032
0.030908 0.019393
0.031039 0.019758
0.031171 0.020128
0.031303 0.020502
0.031434 0.020880
0.031566 0.021262
0.031698 0.021648
0.031830 0.022039
0.031962 0.022434
0.032094 0.022834
0.032226 0.023237
0.032358 0.023646
0.032491 0.024058
0.032623 0.024475
0.032756 0.024897
0.032888 0.025427
0.033021 0.025859
0.033154 0.026296
0.033286 0.026737
0.033419 0.027183
0.033552 0.027634
0.033685 0.028089
0.033818 0.028548
0.033952 0.029013
0.034085 0.029482
0.034218 0.029956
0.034352 0.030434
0.034485 0.030918
0.034619 0.031406
0.034752 0.031899
0.034886 0.032397
0.035020 0.032899
0.035154 0.033407
0.035288 0.033920
0.035422 0.034437
0.035556 0.034959
0.035690 0.035487
0.035824 0.036019
0.035959 0.036557
0.036093 0.037099
0.036228 0.037647
0.036362 0.038200
0.036497 0.038758
0.036632 0.039321
0.036767 0.039889
0.036902 0.040463
0.037037 0.041041
0.037172 0.041625
0.037307 0.042215
0.037442 0.042809
0.037577 0.043409
0.037713 0.044015
0.037848 0.044625
0.037984 0.045241
0.038120 0.045863
0.038255 0.046490
0.038391 0.047123
0.038527 0.047761
0.038663 0.048404
0.038799 0.049054
0.038935 0.049507
0.039071 0.050165
0.039208 0.050828
0.039344 0.051497
0.039481 0.052172
0.039617 0.052853
0.039754 0.053539
0.039891 0.054231
0.040028 0.054929
0.040164 0.055633
0.040301 0.056343
0.040439 0.057058
0.040576 0.057779
0.040713 0.058507
0.040850 0.059240
0.040988 0.059979
0.041125 0.060725
0.041263 0.061476
0.041400 0.062233
0.041538 0.062997
0.041676 0.063766
0.041814 0.064542
0.041952 0.065324
0.042090 0.066112
0.042228 0.066907
0.042367 0.067708
0.042505 0.068515
0.042643 0.069328
0.042782 0.070148
0.042921 0.070974
0.043059 0.071806
0.043198 0.072645
0.043337 0.073491
0.043476 0.074343
0.043615 0.075201
0.043754 0.076066
0.043894 0.076938
0.044033 0.077816
0.044172 0.078701
0.044312 0.079592
0.044451 0.080490
0.044591 0.081395
0.044731 0.082307
0.044871 0.083226
0.045011 0.084151
0.045151 0.085083
0.045291 0.086022
0.045431 0.086968
0.045572 0.087921
0.045712 0.088881
0.045853 0.089848
0.045993 0.090822
0.046134 0.091803
0.046275 0.092791
0.046416 0.093786
0.046556 0.094789
0.046698 0.095798
0.046839 0.096815
0.046980 0.097839
0.047121 0.098870
0.047263 0.099909
0.047404 0.100955
0.047546 0.102008
0.047688 0.103069
0.047829 0.104137
0.047971 0.105213
0.048113 0.106296
0.048255 0.107387
0.048398 0.108485
0.048540 0.109591
0.048682 0.110704
0.048825 0.111825
0.048967 0.112954
0.049110 0.114090
0.049253 0.115235
0.049396 0.116387
0.049539 0.117547
0.049682 0.118714
0.049825 0.119890
0.049968 0.121235
0.050111 0.122428
0.050255 0.123629
0.050398 0.124839
0.050542 0.126056
0.050686 0.127282
0.050829 0.128515
0.050973 0.129757
0.051117 0.131007
0.051262 0.132266
0.051406 0.133532
0.051550 0.134807
0.051694 0.136090
0.051839 0.137382
0.051984 0.138681
0.052128 0.139990
0.052273 0.141307
0.052418 0.142632
0.052563 0.143966
0.052708 0.145107
0.052853 0.146456
0.052999 0.147813
0.053144 0.149179
0.053290 0.150554
0.053435 0.151937
0.053581 0.153330
0.053727 0.154730
0.053873 0.156140
0.054019 0.157559
0.054165 0.158986
0.054311 0.160423
0.054458 0.161868
0.054604 0.163322
0.054751 0.164786
0.054897 0.166258
0.055044 0.167740
0.055191 0.169230
0.055338 0.170730
0.055485 0.172239
0.055632 0.173758
0.055779 0.175285
0.055927 0.176822
0.056074 0.178368
0.056222 0.179924
0.056369 0.181489
0.056517 0.183063
0.056665 0.184647
0.056813 0.186241
0.056961 0.187844
0.057110 0.189457
0.057258 0.191079
0.057406 0.192711
0.057555 0.194353
0.057704 0.196004
0.057852 0.197665
0.058001 0.199336
0.058150 0.201017
0.058299 0.202708
0.058448 0.204409
0.058598 0.206119
0.058747 0.207840
0.058897 0.209571
0.059046 0.211311
0.059196 0.213062
0.059346 0.214823
0.059496 0.216595
0.059646 0.218376
0.059796 0.220168
0.059947 0.221970
0.060097 0.223782
0.060248 0.225605
0.060398 0.227438
0.060549 0.229282
0.060700 0.231136
0.060851 0.233001
0.061002 0.235010
0.061153 0.236901
0.061305 0.238804
0.061456 0.240717
0.061608 0.242643
0.061759 0.244579
0.061911 0.246525
0.062063 0.248482
0.062215 0.250450
0.062367 0.252425
0.062519 0.254414
0.062672 0.256211
0.062824 0.258216
0.062977 0.260233
0.063129 0.262260
0.063282 0.264298
0.063435 0.266348
0.063588 0.268408
0.063742 0.270480
0.063895 0.272564
0.064048 0.274658
0.064202 0.276764
0.064355 0.278882
0.064509 0.281011
0.064663 0.283151
0.064817 0.285303
0.064971 0.287467
0.065126 0.289642
0.065280 0.291829
0.065435 0.294028
0.065589 0.296238
0.065744 0.298460
0.065899 0.300694
0.066054 0.302940
0.066209 0.305198
0.066364 0.307467
0.066520 0.309889
0.066675 0.312043
0.066831 0.314349
0.066986 0.316667
0.067142 0.318997
0.067298 0.321339
0.067454 0.323693
0.067611 0.326060
0.067767 0.328595
0.067923 0.330996
0.068080 0.333399
0.069653 0.358028
0.069811 0.360572
0.069969 0.363130
0.070128 0.365700
0.070286 0.368279
0.070445 0.370875
0.070603 0.373483
0.070762 0.376105
0.070921 0.378740
0.071080 0.381385
0.071239 0.384050
0.071399 0.386725
0.071558 0.389414
0.071718 0.392117
0.071878 0.394841
0.072037 0.397569
0.072197 0.400312
0.072358 0.403067
0.072518 0.405840
0.072678 0.408623
0.072839 0.411420
0.073000 0.414222
0.073160 0.417049
0.073321 0.419895
0.073482 0.422744
0.073644 0.425612
0.073805 0.428494
0.073967 0.431389
0.074128 0.434298
0.074290 0.437221
0.074452 0.440154
0.074614 0.443104
0.074776 0.446068
0.074939 0.449043
0.075101 0.452008
0.075264 0.455030
0.075427 0.458067
0.075590 0.461106
0.075753 0.464151
0.075916 0.467171
0.076079 0.470250
0.076243 0.473375
0.076406 0.476519
0.076570 0.479659
0.076734 0.482811
0.076898 0.485978
0.077062 0.489163
0.077227 0.492201
0.077391 0.495475
0.077556 0.498668
0.077721 0.501905
0.077886 0.505185
0.078051 0.508466
0.078216 0.511561
0.078381 0.514910
0.078547 0.518320
0.078713 0.521470
0.078878 0.524804
0.079044 0.528154
0.079211 0.531519
0.079377 0.534951
0.079543 0.538347
0.079710 0.541758
0.079877 0.545186
0.080044 0.548629
0.080211 0.552087
0.080378 0.555562
0.080545 0.559055
0.080713 0.562558
0.080881 0.566081
0.081048 0.569619
0.081216 0.573173
0.081384 0.576743
0.081553 0.580330
0.081721 0.583933
0.081890 0.587551
0.082059 0.591187
0.082228 0.594838
0.082397 0.598506
0.082566 0.602191
0.082735 0.605892
0.082905 0.609609
0.083075 0.613343
0.083245 0.617094
0.083415 0.620861
0.083585 0.624645
0.083755 0.628446
0.083926 0.632264
0.084097 0.636099
0.084267 0.639951
0.084438 0.643819
0.084610 0.647704
0.084781 0.651607
0.084953 0.655527
0.085124 0.659464
0.085296 0.663418
0.085468 0.667390
0.085640 0.671378
0.085813 0.675385
0.085985 0.679409
0.086158 0.683450
0.086331 0.687509
0.086504 0.691585
0.086677 0.695679
0.086851 0.699791
0.087024 0.703921
0.087198 0.708068
0.087372 0.712234
0.087546 0.716417
0.087720 0.720617
0.087895 0.724837
0.088069 0.729074
0.088244 0.733329
0.088419 0.737603
0.088594 0.741895
0.088769 0.746205
0.088945 0.750534
0.089121 0.754880
0.089296 0.759246
0.089472 0.763630
0.089649 0.768032
0.089825 0.772453
0.090002 0.776893
0.090178 0.781351
0.090355 0.785829
0.090532 0.790325
0.090710 0.794840
0.090887 0.799374
0.091065 0.803928
0.091243 0.808500
0.091421 0.813091
0.091599 0.817702
0.091777 0.822332
0.091956 0.826984
0.092135 0.831653
0.092314 0.836341
0.092493 0.841047
0.092672 0.845773
0.092852 0.850519
0.093032 0.855285
0.093212 0.860070
0.093392 0.864876
0.093572 0.869699
0.093752 0.874544
0.093933 0.879409
0.094114 0.884294
0.094295 0.889200
0.094476 0.894125
0.094658 0.899070
0.094840 0.904035
0.095021 0.909021
0.095204 0.914027
0.095386 0.919053
0.095568 0.924100
0.095751 0.929167
0.095934 0.934255
0.096117 0.939363
0.096300 0.944492
0.096484 0.949642
0.096667 0.954813
0.096851 0.960006
0.097035 0.965217
0.097220 0.970452
0.097404 0.975706
0.097589 0.980982
0.097774 0.986279
0.097959 0.991597
0.098144 0.996936
0.098330 1.002297
0.098516 1.007679
0.098702 1.013083
0.098888 1.018508
0.099074 1.023955
0.099261 1.029423
0.099448 1.034914
0.099635 1.040426
0.099822 1.045960
0.100009 1.051515
0.100197 1.057093
0.100385 1.062693
0.100573 1.068315
0.100761 1.073959
0.100950 1.079625
0.101139 1.085314
0.101328 1.091025
0.101517 1.096759
0.101707 1.102515
0.101896 1.108294
0.102086 1.114095
0.102276 1.119919
0.102467 1.125766
0.102657 1.131635
0.102848 1.137528
0.103039 1.143443
0.103230 1.149382
0.103422 1.155344
0.103614 1.161329
0.103806 1.167337
0.103998 1.173368
0.104190 1.179423
0.104383 1.185502
0.104576 1.191603
0.104769 1.197729
0.104962 1.203878
0.105156 1.210051
0.105350 1.216248
0.105544 1.222469
0.105738 1.228713
0.105933 1.234982
0.106128 1.241275
0.106323 1.247592
0.106518 1.253933
0.106714 1.260299
0.106909 1.266689
0.107105 1.273103
0.107302 1.279543
0.107498 1.286006
0.107695 1.292495
0.107892 1.299008
0.108090 1.305546
0.108287 1.312109
0.108485 1.318697
0.108683 1.325310
0.108881 1.331949
0.109080 1.338612
0.109279 1.345301
0.109478 1.352015
0.109677 1.358755
0.109877 1.365520
0.110077 1.372311
0.110277 1.379128
0.110477 1.385971
0.110678 1.392838
0.110879 1.399732
0.111080 1.406653
0.111282 1.413600
0.111483 1.420573
0.111685 1.427572
0.111888 1.434598
0.112090 1.441650
0.112293 1.448728
0.112496 1.455834
0.112700 1.462966
0.112903 1.470125
0.113107 1.477311
0.113312 1.484524
0.113516 1.491764
0.113721 1.499031
0.113926 1.506325
0.114131 1.513647
0.114337 1.520996
0.114543 1.528373
0.114749 1.535777
0.114956 1.543210
0.115162 1.550670
0.115370 1.558157
0.115577 1.565673
0.115785 1.573218
0.115993 1.580790
0.116201 1.588389
0.116410 1.596017
0.116618 1.603674
0.116828 1.611359
0.117037 1.619072
0.117247 1.626815
0.117457 1.634586
0.117667 1.642386
0.117878 1.650215
0.118089 1.658074
0.118300 1.665961
0.118512 1.673878
0.118724 1.681824
0.118936 1.689800
0.119149 1.697806
0.119362 1.705841
0.119575 1.713906
0.119788 1.722002
0.120002 1.730128
0.120216 1.738283
0.120431 1.746468
0.120646 1.754684
0.120861 1.762931
0.121076 1.771208
0.121292 1.779516
0.121508 1.787854
0.121725 1.796224
0.121942 1.804625
0.122159 1.813056
0.122376 1.821520
0.122594 1.830014
0.122812 1.838540
0.123031 1.847098
0.123250 1.855687
0.123469 1.864308
0.123688 1.872962
0.123908 1.881647
0.124129 1.890365
0.124349 1.899114
0.124570 1.907897
0.124791 1.916712
0.125013 1.925560
0.125235 1.934440
0.125458 1.943353
0.125680 1.952300
0.125903 1.961280
0.126127 1.970293
0.126351 1.979339
0.126575 1.988419
0.126800 1.997533
0.127025 2.006681
0.127250 2.015863
0.127476 2.025078
0.127702 2.034328
0.127928 2.043613
0.128155 2.052932
0.128382 2.062285
0.128610 2.071674
0.128838 2.081097
0.129066 2.090556
0.129295 2.100049
0.129524 2.109578
0.129754 2.119143
0.129984 2.128743
0.130214 2.138379
0.130445 2.148053
0.130676 2.157761
0.130908 2.167501
0.131140 2.177281
0.131373 2.187098
0.131605 2.196952
0.131839 2.206842
0.132072 2.216770
0.132307 2.226734
0.132541 2.236736
0.132776 2.246776
0.133012 2.256853
0.133247 2.266968
0.133484 2.277121
0.133720 2.287312
0.133957 2.297542
0.134195 2.307609
0.134433 2.317914
0.134672 2.328258
0.134910 2.338641
0.135150 2.349062
0.135390 2.359524
0.135630 2.370025
0.135871 2.380565
0.136112 2.391145
0.136353 2.401766
0.136596 2.412426
0.136838 2.423127
0.137081 2.433868
0.137325 2.444650
0.137569 2.455474
0.137813 2.466338
0.138058 2.477243
0.138304 2.488191
0.138550 2.499180
0.138796 2.510210
0.139043 2.521283
0.139290 2.532399
0.139538 2.543556
0.139787 2.554757
0.140036 2.566001
0.140285 2.577287
0.140535 2.588618
0.140786 2.599991
0.141037 2.611409
0.141288 2.622870
0.141540 2.634376
0.141793 2.645926
0.142046 2.657521
0.142300 2.669162
0.142554 2.680847
0.142809 2.692577
0.143064 2.704353
0.143320 2.716176
0.143576 2.728044
0.143833 2.739958
0.144090 2.751919
0.144349 2.763927
0.144607 2.775983
0.144866 2.788085
0.145126 2.800235
0.145386 2.812433
0.145647 2.824679
0.145909 2.836974
0.146171 2.849317
0.146434 2.861709
0.146697 2.874151
0.146961 2.886733
0.147225 2.899274
0.147491 2.911866
0.147756 2.924508
0.148023 2.937201
0.148290 2.949945
0.148557 2.962740
0.148826 2.975587
0.149094 2.988485
0.149364 3.001435
0.149634 3.014437
0.149905 3.027492
0.150177 3.040600
0.150449 3.053761
0.150721 3.066876
0.150995 3.080245
0.151269 3.093568
0.151544 3.106946
0.151819 3.120379
0.152096 3.133867
0.152373 3.147412
0.152650 3.161012
0.152929 3.174670
0.153208 3.188384
0.153487 3.202156
0.153768 3.215986
0.154049 3.229874
0.154331 3.243821
0.154614 3.257827
0.154897 3.271892
0.155181 3.286017
0.155466 3.300203
0.155752 3.314449
0.156038 3.328756
0.156326 3.343125
0.156614 3.357556
0.156903 3.372049
0.157192 3.386601
0.157483 3.401220
0.157774 3.415903
0.158066 3.430648
0.158359 3.445458
0.158653 3.460334
0.158947 3.475275
0.159243 3.490282
0.159539 3.505354
0.159836 3.520494
0.160134 3.535700
0.160433 3.550974
0.160733 3.566115
0.161033 3.581520
0.161335 3.596995
0.161637 3.612540
0.161940 3.628155
0.162245 3.643988
0.162550 3.659599
0.162856 3.675428
0.163163 3.691330
0.163471 3.707306
0.163780 3.723355
0.164090 3.739479
0.164401 3.755678
0.164713 3.771952
0.165026 3.788303
0.165340 3.804731
0.165655 3.821317
0.165971 3.837903
0.166288 3.854568
0.166607 3.871313
0.166926 3.888138
0.167246 3.905045
0.167567 3.922033
0.167890 3.939105
0.168214 3.956259
0.168538 3.973499
0.168864 3.990822
0.169191 4.008231
0.169519 4.025727
0.169849 4.043310
0.170179 4.060981
0.170511 4.078741
0.170844 4.096591
0.171178 4.114532
0.171513 4.132565
0.171850 4.150689
0.172188 4.168906
0.172527 4.187218
0.172867 4.205628
0.173209 4.224134
0.173552 4.242738
0.173896 4.261440
0.174242 4.280243
0.174589 4.299148
0.174938 4.318155
0.175288 4.337276
0.175639 4.356493
0.175992 4.375607
0.176346 4.395024
0.176702 4.414549
0.177059 4.434183
0.177418 4.453927
0.177778 4.473877
0.178140 4.493851
0.178503 4.513937
0.178868 4.534139
0.179235 4.554457
0.179603 4.574893
0.179973 4.595449
0.180344 4.616126
0.180718 4.636926
0.181092 4.657850
0.181469 4.678901
0.181848 4.700079
0.182228 4.721386
0.182610 4.742824
0.182994 4.764394
0.183380 4.786099
0.183767 4.807941
0.184157 4.829715
0.184549 4.851826
0.184942 4.874079
0.185338 4.896476
0.185736 4.919019
0.186136 4.941831
0.186537 4.964551
0.186941 4.987545
0.187348 5.010695
0.187756 5.034001
0.188167 5.057619
0.188580 5.081257
0.188995 5.105058
0.189413 5.129027
0.189833 5.153168
0.190256 5.177482
0.190681 5.201764
0.191109 5.226422
0.191539 5.251263
0.191972 5.276289
0.192408 5.301504
0.192846 5.326910
0.193287 5.352512
0.193731 5.378312
0.194178 5.404315
0.194628 5.430525
0.195081 5.456945
0.195537 5.483580
0.195997 5.510612
0.196459 5.537685
0.196925 5.564964
0.197394 5.592528
0.197866 5.620261
0.198342 5.648287
0.198822 5.676569
0.199305 5.705120
0.199792 5.733695
0.200283 5.762735
0.200778 5.792045
0.201277 5.821633
0.201780 5.851504
0.202288 5.881666
0.202799 5.912126
0.203315 5.942890
0.203836 5.973969
0.204361 6.005368
0.204892 6.037097
0.205427 6.069165
0.205967 6.101582
0.206513 6.134357
0.207064 6.167500
0.207621 6.201024
0.208183 6.234938
0.208752 6.269254
0.209326 6.303987
0.209907 6.339149
0.210494 6.374754
0.211089 6.410817
0.211690 6.447355
0.212298 6.484383
0.212915 6.521920
0.213539 6.559985
0.214171 6.598598
0.214811 6.637781
0.215461 6.677557
0.216119 6.717949
0.216788 6.758986
0.217466 6.800696
0.218155 6.843109
0.218855 6.886258
0.219566 6.930180
0.220290 6.974913
0.221026 7.020499
0.221776 7.066986
0.222540 7.114423
0.223320 7.162867
0.224115 7.212379
0.224928 7.263027
0.225758 7.314887
0.226609 7.368043
0.227480 7.422591
0.228374 7.478638
0.229293 7.536306
0.230238 7.595735
0.231212 7.657087
0.232218 7.720548
0.233260 7.786341
0.234341 7.854727
0.235466 7.926023
0.236641 8.000616
0.237874 8.078987
0.239173 8.161747
0.240551 8.249696
0.242025 8.343907
0.243617 8.445891
0.245362 8.558072
0.247314 8.683629
0.249572 8.829257
0.252349 9.008774
0.256383 9.270510
