-0.236527 0.430458
-0.232080 0.389534
-0.229018 0.363192
-0.226530 0.342877
-0.224378 0.325981
-0.222455 0.311597
-0.220700 0.298974
-0.219075 0.287715
-0.217556 0.277553
-0.216124 0.268296
-0.214765 0.259803
-0.213470 0.251965
-0.212229 0.244697
-0.211038 0.237930
-0.209890 0.231609
-0.208781 0.225686
-0.207707 0.220122
-0.206665 0.214884
-0.205652 0.209944
-0.204667 0.205276
-0.203706 0.200858
-0.202769 0.196672
-0.201853 0.192701
-0.200957 0.188930
-0.200081 0.185345
-0.199222 0.181934
-0.198379 0.178686
-0.197553 0.175591
-0.196741 0.172641
-0.195943 0.169827
-0.195159 0.167141
-0.194388 0.164577
-0.193628 0.162128
-0.192880 0.159788
-0.192144 0.157552
-0.191418 0.155415
-0.190702 0.153372
-0.189996 0.151418
-0.189299 0.149550
-0.188611 0.147764
-0.187932 0.146055
-0.187261 0.144422
-0.186598 0.142860
-0.185943 0.141366
-0.185296 0.139938
-0.184656 0.138573
-0.184022 0.137269
-0.183396 0.136023
-0.182776 0.134832
-0.182162 0.133696
-0.181555 0.132611
-0.180953 0.131576
-0.180358 0.130589
-0.179768 0.129648
-0.179183 0.128751
-0.178604 0.127898
-0.178030 0.127086
-0.177461 0.126313
-0.176897 0.125688
-0.176338 0.124991
-0.175783 0.124329
-0.175233 0.123702
-0.174688 0.123109
-0.174147 0.122548
-0.173610 0.122019
-0.173077 0.121520
-0.172548 0.121051
-0.172024 0.120610
-0.171503 0.120197
-0.170986 0.119811
-0.170472 0.119450
-0.169963 0.119114
-0.169456 0.118803
-0.168954 0.118515
-0.168454 0.118250
-0.167958 0.118007
-0.167466 0.117786
-0.166976 0.117585
-0.166490 0.117404
-0.166007 0.117243
-0.165526 0.117100
-0.165049 0.116976
-0.164575 0.116870
-0.164103 0.116780
-0.163635 0.116708
-0.163169 0.116651
-0.162706 0.116611
-0.162245 0.116585
-0.161787 0.116574
-0.161332 0.116578
-0.160879 0.116595
-0.160429 0.116626
-0.159981 0.116669
-0.159536 0.116725
-0.159093 0.116794
-0.158652 0.116874
-0.158214 0.116966
-0.157778 0.117068
-0.157344 0.117182
-0.156912 0.117306
-0.156483 0.117440
-0.156055 0.117583
-0.155630 0.117736
-0.155207 0.117898
-0.154785 0.118069
-0.154366 0.118249
-0.153949 0.118437
-0.153534 0.118632
-0.153121 0.118836
-0.152709 0.119047
-0.152300 0.119265
-0.151892 0.119380
-0.151486 0.119610
-0.151082 0.119847
-0.150680 0.120090
-0.150279 0.120339
-0.149880 0.120594
-0.149483 0.120854
-0.149088 0.121120
-0.148694 0.121391
-0.148302 0.121667
-0.147912 0.121948
-0.147523 0.122233
-0.147135 0.122523
-0.146750 0.122817
-0.146366 0.123116
-0.145983 0.123418
-0.145602 0.123724
-0.145222 0.124033
-0.144844 0.124347
-0.144467 0.124663
-0.144092 0.124982
-0.143718 0.125305
-0.143346 0.125630
-0.142975 0.125959
-0.142605 0.126290
-0.142237 0.126623
-0.141870 0.126959
-0.141504 0.127297
-0.141140 0.127637
-0.140777 0.127979
-0.140415 0.128323
-0.140055 0.128668
-0.139695 0.129016
-0.139337 0.129365
-0.138981 0.129715
-0.138625 0.130067
-0.138271 0.130420
-0.137918 0.130774
-0.137566 0.131129
-0.137215 0.131485
-0.136866 0.131842
-0.136517 0.132199
-0.136170 0.132558
-0.135824 0.132917
-0.135479 0.133276
-0.135135 0.133636
-0.134792 0.133997
-0.134451 0.134357
-0.134110 0.134718
-0.133771 0.135079
-0.133432 0.135440
-0.133095 0.135801
-0.132758 0.136162
-0.132423 0.136522
-0.132088 0.136883
-0.131755 0.137243
-0.131423 0.137603
-0.131091 0.137962
-0.130761 0.138321
-0.130431 0.138679
-0.130103 0.139037
-0.129775 0.139394
-0.129449 0.139751
-0.129123 0.140106
-0.128799 0.140461
-0.128475 0.140815
-0.128152 0.141168
-0.127830 0.141520
-0.127509 0.141871
-0.127189 0.142221
-0.126870 0.142570
-0.126551 0.142918
-0.126234 0.143264
-0.125917 0.143610
-0.125601 0.143954
-0.125286 0.144296
-0.124972 0.144638
-0.124659 0.144978
-0.124347 0.145316
-0.124035 0.145653
-0.123724 0.145989
-0.123414 0.146323
-0.123105 0.146655
-0.122797 0.146986
-0.122489 0.147315
-0.122182 0.147642
-0.121876 0.147968
-0.121571 0.148292
-0.121266 0.148614
-0.120963 0.148935
-0.120660 0.149253
-0.120358 0.149570
-0.120056 0.149885
-0.119755 0.150198
-0.119455 0.150509
-0.119156 0.150818
-0.118858 0.151125
-0.118560 0.151430
-0.118263 0.151733
-0.117966 0.152034
-0.117671 0.152332
-0.117376 0.152629
-0.117081 0.152924
-0.116788 0.153216
-0.116495 0.153507
-0.116202 0.153795
-0.115911 0.154081
-0.115620 0.154364
-0.115330 0.154646
-0.115040 0.154925
-0.114751 0.155202
-0.114463 0.155477
-0.114175 0.155749
-0.113888 0.156019
-0.113602 0.156287
-0.113316 0.156552
-0.113031 0.156815
-0.112747 0.157076
-0.112463 0.157334
-0.112180 0.157590
-0.111897 0.157844
-0.111615 0.158095
-0.111334 0.158343
-0.111053 0.158590
-0.110773 0.158833
-0.110493 0.159075
-0.110214 0.159313
-0.109936 0.159550
-0.109658 0.159784
-0.109381 0.160015
-0.109104 0.160244
-0.108828 0.160470
-0.108552 0.160694
-0.108277 0.160915
-0.108003 0.161134
-0.107729 0.161350
-0.107456 0.161563
-0.107183 0.161774
-0.106911 0.161983
-0.106639 0.162189
-0.106368 0.162392
-0.106098 0.162593
-0.105827 0.162791
-0.105558 0.162986
-0.105289 0.163179
-0.105021 0.163370
-0.104753 0.163557
-0.104485 0.163742
-0.104218 0.163925
-0.103952 0.164105
-0.103686 0.164282
-0.103421 0.164457
-0.103156 0.164629
-0.102892 0.164798
-0.102628 0.164965
-0.102364 0.165129
-0.102101 0.165291
-0.101839 0.165449
-0.101577 0.165606
-0.101316 0.165759
-0.101055 0.165910
-0.100794 0.166058
-0.100535 0.166204
-0.100275 0.166347
-0.100016 0.166488
-0.099757 0.166625
-0.099499 0.166760
-0.099242 0.166893
-0.098985 0.167023
-0.098728 0.167150
-0.098472 0.167274
-0.098216 0.167396
-0.097961 0.167516
-0.097706 0.167632
-0.097451 0.167746
-0.097197 0.167858
-0.096944 0.167966
-0.096691 0.168072
-0.096438 0.168176
-0.096186 0.168277
-0.095934 0.168375
-0.095683 0.168471
-0.095432 0.168564
-0.095181 0.168654
-0.094931 0.168742
-0.094682 0.168827
-0.094432 0.168910
-0.094183 0.168990
-0.093935 0.169067
-0.093687 0.169142
-0.093440 0.169214
-0.093192 0.169283
-0.092946 0.169350
-0.092699 0.169415
-0.092453 0.169477
-0.092208 0.169536
-0.091963 0.169593
-0.091718 0.169647
-0.091474 0.169698
-0.091230 0.169747
-0.090986 0.169794
-0.090743 0.169838
-0.090500 0.169879
-0.090258 0.169918
-0.090016 0.169954
-0.089774 0.169988
-0.089533 0.170019
-0.089292 0.170048
-0.089051 0.170074
-0.088811 0.170098
-0.088572 0.170119
-0.088332 0.170138
-0.088093 0.170154
-0.087855 0.170168
-0.087616 0.170179
-0.087379 0.170188
-0.087141 0.170194
-0.086904 0.170198
-0.086667 0.170199
-0.086431 0.170198
-0.086195 0.170195
-0.085959 0.170189
-0.085723 0.170180
-0.085488 0.170170
-0.085254 0.170156
-0.085019 0.170141
-0.084785 0.170123
-0.084552 0.170102
-0.084319 0.170079
-0.084086 0.170054
-0.083853 0.170026
-0.083621 0.169996
-0.083389 0.169964
-0.083157 0.169929
-0.082926 0.169892
-0.082695 0.169853
-0.082464 0.169811
-0.082234 0.169767
-0.082004 0.169720
-0.081775 0.169671
-0.081545 0.169620
-0.081317 0.169567
-0.081088 0.169511
-0.080860 0.169453
-0.080632 0.169393
-0.080404 0.169436
-0.080177 0.169371
-0.079950 0.169303
-0.079723 0.169233
-0.079497 0.169161
-0.079271 0.169086
-0.079045 0.169010
-0.078819 0.168931
-0.078594 0.168850
-0.078369 0.168766
-0.078145 0.168681
-0.077921 0.168593
-0.077697 0.168503
-0.077473 0.168411
-0.077250 0.168317
-0.077027 0.168220
-0.076804 0.168122
-0.076582 0.168021
-0.076360 0.167918
-0.076138 0.167813
-0.075916 0.167706
-0.075695 0.167596
-0.075474 0.167485
-0.075254 0.167371
-0.075033 0.167256
-0.074813 0.167138
-0.074593 0.167018
-0.074374 0.166896
-0.074155 0.166773
-0.073936 0.166647
-0.073717 0.166519
-0.073499 0.166388
-0.073281 0.166256
-0.073063 0.166122
-0.072846 0.165986
-0.072628 0.165848
-0.072411 0.165708
-0.072195 0.165566
-0.071978 0.165422
-0.071762 0.165275
-0.071546 0.165127
-0.071331 0.164977
-0.071116 0.164825
-0.070901 0.164671
-0.070686 0.164516
-0.070471 0.164358
-0.070257 0.164199
-0.070043 0.164037
-0.069829 0.163874
-0.069616 0.163708
-0.069403 0.163541
-0.069190 0.163372
-0.068977 0.163201
-0.068765 0.163028
-0.068553 0.162853
-0.068341 0.162676
-0.068129 0.162498
-0.067918 0.162317
-0.067707 0.162135
-0.067496 0.161951
-0.067285 0.161766
-0.067075 0.161578
-0.066865 0.161389
-0.066655 0.161198
-0.066446 0.161005
-0.066236 0.160810
-0.066027 0.160614
-0.065818 0.160416
-0.065610 0.160216
-0.065401 0.160014
-0.065193 0.159811
-0.064985 0.159606
-0.064778 0.159399
-0.064570 0.159191
-0.064363 0.158981
-0.064156 0.158769
-0.063950 0.158555
-0.063743 0.158340
-0.063537 0.158123
-0.063331 0.157905
-0.063126 0.157685
-0.062920 0.157463
-0.062715 0.157240
-0.062510 0.157015
-0.062305 0.156789
-0.062101 0.156561
-0.061896 0.156331
-0.061692 0.156100
-0.061488 0.155867
-0.061285 0.155633
-0.061081 0.155397
-0.060878 0.155159
-0.060675 0.154920
-0.060473 0.154680
-0.060270 0.154438
-0.060068 0.154194
-0.059866 0.153949
-0.059664 0.153703
-0.059462 0.153455
-0.059261 0.153205
-0.059060 0.152954
-0.058859 0.152702
-0.058658 0.152448
-0.058458 0.152192
-0.058258 0.151936
-0.058057 0.151678
-0.057858 0.151418
-0.057658 0.151157
-0.057459 0.150895
-0.057259 0.150631
-0.057060 0.150366
-0.056862 0.150099
-0.056663 0.149831
-0.056465 0.149562
-0.056267 0.149291
-0.056069 0.149019
-0.055871 0.148746
-0.055674 0.148471
-0.055476 0.148195
-0.055279 0.147918
-0.055082 0.147640
-0.054886 0.147360
-0.054689 0.147079
-0.054493 0.146796
-0.054297 0.146513
-0.054101 0.146228
-0.053905 0.145942
-0.053710 0.145654
-0.053515 0.145365
-0.053320 0.145076
-0.053125 0.144785
-0.052930 0.144492
-0.052736 0.144199
-0.052542 0.143904
-0.052348 0.143608
-0.052154 0.143311
-0.051960 0.143013
-0.051767 0.142714
-0.051573 0.142413
-0.051380 0.142111
-0.051187 0.141809
-0.050995 0.141505
-0.050802 0.141200
-0.050610 0.140894
-0.050418 0.140586
-0.050226 0.140278
-0.050034 0.139969
-0.049843 0.139658
-0.049652 0.139347
-0.049460 0.139034
-0.049269 0.138720
-0.049079 0.138406
-0.048888 0.138090
-0.048698 0.137773
-0.048508 0.137455
-0.048318 0.137136
-0.048128 0.136817
-0.047938 0.136496
-0.047749 0.136174
-0.047559 0.135851
-0.047370 0.135528
-0.047181 0.135203
-0.046993 0.134877
-0.046804 0.134551
-0.046616 0.134223
-0.046428 0.133895
-0.046240 0.133565
-0.046052 0.133235
-0.045864 0.132904
-0.045677 0.132572
-0.045489 0.132239
-0.045302 0.131905
-0.045115 0.131570
-0.044929 0.131234
-0.044742 0.130898
-0.044556 0.130561
-0.044369 0.130222
-0.044183 0.129883
-0.043998 0.129544
-0.043812 0.129203
-0.043626 0.128861
-0.043441 0.128519
-0.043256 0.128176
-0.043071 0.127832
-0.042886 0.127488
-0.042701 0.127142
-0.042517 0.126796
-0.042332 0.126449
-0.042148 0.126102
-0.041964 0.125753
-0.041780 0.125404
-0.041597 0.125054
-0.041413 0.124704
-0.041230 0.124353
-0.041047 0.124001
-0.040864 0.123648
-0.040681 0.123295
-0.040498 0.122941
-0.040316 0.122586
-0.040134 0.122231
-0.039951 0.121875
-0.039770 0.121518
-0.039588 0.121161
-0.039406 0.120803
-0.039224 0.120444
-0.039043 0.120085
-0.038862 0.119726
-0.038681 0.119365
-0.038500 0.119004
-0.038319 0.118643
-0.038139 0.118281
-0.037958 0.117918
-0.037778 0.117555
-0.037598 0.117191
-0.037418 0.116827
-0.037239 0.116462
-0.037059 0.116097
-0.036880 0.115731
-0.036700 0.115364
-0.036521 0.114997
-0.036342 0.114630
-0.036163 0.114262
-0.035985 0.113894
-0.035806 0.113525
-0.035628 0.113156
-0.035450 0.112786
-0.035272 0.112416
-0.035094 0.112045
-0.034916 0.111674
-0.034738 0.111302
-0.034561 0.110930
-0.034384 0.110558
-0.034207 0.110185
-0.034030 0.109812
-0.033853 0.109438
-0.033676 0.109064
-0.033500 0.108690
-0.033323 0.108315
-0.033147 0.107940
-0.032971 0.107565
-0.032795 0.107189
-0.032619 0.106813
-0.032443 0.106437
-0.032268 0.106060
-0.032093 0.105683
-0.031917 0.105305
-0.031742 0.104928
-0.031567 0.104550
-0.031393 0.104171
-0.031218 0.103793
-0.031044 0.103414
-0.030869 0.103035
-0.030695 0.102655
-0.030521 0.102276
-0.030347 0.101896
-0.030173 0.101516
-0.030000 0.101136
-0.029826 0.100755
-0.029653 0.100374
-0.029480 0.099993
-0.029307 0.099612
-0.029134 0.099231
-0.028961 0.098849
-0.028788 0.098467
-0.028616 0.098086
-0.028443 0.097704
-0.028271 0.097321
-0.028099 0.096939
-0.027927 0.096556
-0.027755 0.096174
-0.027584 0.095791
-0.027412 0.095408
-0.027241 0.095025
-0.027069 0.094642
-0.026898 0.094259
-0.026727 0.093876
-0.026556 0.093492
-0.026386 0.093109
-0.026215 0.092725
-0.026045 0.092342
-0.025874 0.091958
-0.025704 0.091574
-0.025534 0.091190
-0.025364 0.090807
-0.025194 0.090423
-0.025025 0.090039
-0.024855 0.089617
-0.024686 0.089233
-0.024517 0.088850
-0.024348 0.088466
-0.024179 0.088083
-0.024010 0.087699
-0.023841 0.087315
-0.023672 0.086932
-0.023504 0.086548
-0.023336 0.086165
-0.023167 0.085782
-0.022999 0.085398
-0.022831 0.085015
-0.022663 0.084632
-0.022496 0.084249
-0.022328 0.083866
-0.022161 0.083483
-0.021993 0.083100
-0.021826 0.082717
-0.021659 0.082335
-0.021492 0.081952
-0.021325 0.081570
-0.021159 0.081188
-0.020992 0.080806
-0.020826 0.080424
-0.020659 0.080042
-0.020493 0.079661
-0.020327 0.079279
-0.020161 0.078898
-0.019995 0.078517
-0.019830 0.078136
-0.019664 0.077756
-0.019499 0.077375
-0.019333 0.076995
-0.019168 0.076615
-0.019003 0.076235
-0.018838 0.075856
-0.018673 0.075477
-0.018509 0.075097
-0.018344 0.074719
-0.018180 0.074340
-0.018015 0.074161
-0.017851 0.073782
-0.017687 0.073403
-0.017523 0.073025
-0.017359 0.072647
-0.017195 0.072269
-0.017032 0.071891
-0.016868 0.071514
-0.016705 0.071137
-0.016541 0.070760
-0.016378 0.070384
-0.016215 0.070008
-0.016052 0.069632
-0.015890 0.069257
-0.015727 0.068882
-0.015564 0.068507
-0.015402 0.068133
-0.015239 0.067759
-0.015077 0.067386
-0.014915 0.067013
-0.014753 0.066640
-0.014591 0.066268
-0.014429 0.065896
-0.014268 0.065525
-0.014106 0.065154
-0.013945 0.064783
-0.013784 0.064413
-0.013622 0.064044
-0.013461 0.063674
-0.013300 0.063306
-0.013139 0.062938
-0.012979 0.062570
-0.012818 0.062203
-0.012658 0.061836
-0.012497 0.061469
-0.012337 0.061104
-0.012177 0.060738
-0.012017 0.060374
-0.011857 0.060009
-0.011697 0.059646
-0.011537 0.059282
-0.011377 0.058920
-0.011218 0.058558
-0.011058 0.058196
-0.010899 0.057835
-0.010740 0.057475
-0.010581 0.057115
-0.010422 0.056756
-0.010263 0.056397
-0.010104 0.056039
-0.009946 0.055681
-0.009787 0.055324
-0.009629 0.054968
-0.009470 0.054612
-0.009312 0.054257
-0.009154 0.053903
-0.008996 0.053549
-0.008838 0.053196
-0.008680 0.052843
-0.008523 0.052492
-0.008365 0.052140
-0.008208 0.051790
-0.008050 0.051440
-0.007893 0.051091
-0.007736 0.050742
-0.007579 0.050394
-0.007422 0.050047
-0.007265 0.049701
-0.007108 0.049355
-0.006952 0.049010
-0.006795 0.048666
-0.006639 0.048322
-0.006482 0.047980
-0.006326 0.047637
-0.006170 0.047296
-0.006014 0.046956
-0.005858 0.046616
-0.005702 0.046277
-0.005547 0.045938
-0.005391 0.045601
-0.005236 0.045264
-0.005080 0.044928
-0.004925 0.044593
-0.004770 0.044259
-0.004615 0.043925
-0.004460 0.043592
-0.004305 0.043260
-0.004150 0.042929
-0.003995 0.042599
-0.003841 0.042270
-0.003686 0.041941
-0.003532 0.041613
-0.003377 0.041286
-0.003223 0.040960
-0.003069 0.040635
-0.002915 0.040311
-0.002761 0.039987
-0.002608 0.039665
-0.002454 0.039343
-0.002300 0.039022
-0.002147 0.038703
-0.001993 0.038384
-0.001840 0.038066
-0.001687 0.037653
-0.001534 0.037338
-0.001381 0.037024
-0.001228 0.036710
-0.001075 0.036398
-0.000922 0.036086
-0.000770 0.035775
-0.000617 0.035466
-0.000465 0.035157
-0.000312 0.034849
-0.000160 0.034542
-0.000008 0.034236
0.000144 0.033932
0.000296 0.033628
0.000448 0.033325
0.000600 0.033023
0.000751 0.032722
0.000903 0.032422
0.001054 0.032124
0.001206 0.031826
0.001357 0.031529
0.001508 0.031233
0.001659 0.030939
0.001810 0.030645
0.001961 0.030353
0.002112 0.030061
0.002263 0.029771
0.002413 0.029481
0.002564 0.029193
0.002714 0.028906
0.002865 0.028620
0.003015 0.028335
0.003165 0.028051
0.003315 0.027768
0.003465 0.027486
0.003615 0.027206
0.003765 0.026926
0.003915 0.026648
0.004064 0.026370
0.004214 0.026094
0.004363 0.025819
0.004513 0.025546
0.004662 0.025273
0.004811 0.025002
0.004960 0.024731
0.005109 0.024462
0.005258 0.024194
0.005407 0.023927
0.005556 0.023662
0.005704 0.023397
0.005853 0.023134
0.006001 0.022872
0.006150 0.022611
0.006298 0.022352
0.006446 0.022093
0.006594 0.021836
0.006742 0.021580
0.006890 0.021326
0.007038 0.021072
0.007186 0.021019
0.007334 0.020765
0.007481 0.020513
0.007629 0.020262
0.007776 0.020013
0.007923 0.019764
0.008071 0.019517
0.008218 0.019271
0.008365 0.019027
0.008512 0.018784
0.008659 0.018542
0.008806 0.018302
0.008952 0.018062
0.009099 0.017825
0.009245 0.017588
0.009392 0.017353
0.009538 0.017119
0.009685 0.016887
0.009831 0.016656
0.009977 0.016426
0.010123 0.016198
0.010269 0.015971
0.010415 0.015745
0.010561 0.015521
0.010706 0.015298
0.010852 0.015077
0.010997 0.014856
0.011143 0.014638
0.011288 0.014421
0.011434 0.014205
0.011579 0.013990
0.011724 0.013778
0.011869 0.013566
0.012014 0.013356
0.012159 0.013147
0.012304 0.012940
0.012448 0.012734
0.012593 0.012530
0.012737 0.012327
0.012882 0.012126
0.013026 0.011926
0.013171 0.011728
0.013315 0.011531
0.013459 0.011335
0.013603 0.011141
0.013747 0.010949
0.013891 0.010758
0.014035 0.010568
0.014178 0.010380
0.014322 0.010194
0.014466 0.010009
0.014609 0.009826
0.014753 0.009644
0.014896 0.009464
0.015039 0.009285
0.015182 0.009108
0.015325 0.008932
0.015468 0.008758
0.015611 0.008585
0.015754 0.008414
0.015897 0.008245
0.016040 0.008077
0.016182 0.007911
0.016325 0.007746
0.016467 0.007583
0.016610 0.007422
0.016752 0.007262
0.016894 0.007103
0.017036 0.006947
0.017178 0.006792
0.017320 0.006638
0.017462 0.006486
0.017604 0.006336
0.017746 0.006188
0.017888 0.006041
0.018029 0.005896
0.018171 0.005752
0.018312 0.005610
0.018454 0.005470
0.018595 0.005331
0.018736 0.005194
0.018877 0.005059
0.019018 0.005009
0.019159 0.004875
0.019300 0.004742
0.019441 0.004611
0.019582 0.004482
0.019723 0.004355
0.019863 0.004230
0.020004 0.004106
0.020144 0.003984
0.020285 0.003863
0.020425 0.003745
0.020565 0.003628
0.020705 0.003513
0.020845 0.003399
0.020985 0.003288
0.021125 0.003178
0.021265 0.003070
0.021405 0.002964
0.021545 0.002859
0.021684 0.002757
0.021824 0.002656
0.021964 0.002557
0.022103 0.002460
0.022242 0.002364
0.022382 0.002271
0.022521 0.002179
0.022660 0.002089
0.022799 0.002001
0.022938 0.001915
0.023077 0.001830
0.023216 0.001748
0.023355 0.001667
0.023493 0.001588
0.023632 0.001511
0.023770 0.001436
0.023909 0.001362
0.024047 0.001360
0.024186 0.001287
0.024324 0.001215
0.024462 0.001146
0.024600 0.001079
0.024738 0.001013
0.024876 0.000950
0.025014 0.000889
0.025152 0.000829
0.025290 0.000772
0.025427 0.000717
0.025565 0.000663
0.025703 0.000612
0.025840 0.000610
0.025978 0.000559
0.026115 0.000510
0.026252 0.000463
0.026389 0.000418
0.026527 0.000376
0.026664 0.000336
0.026801 0.000298
0.026937 0.000263
0.027074 0.000229
0.027211 0.000198
0.027348 0.000169
0.027485 0.000143
0.027621 0.000118
0.027758 0.000096
0.027894 0.000119
0.028030 0.000092
0.028167 0.000069
0.028303 0.000048
0.028439 0.000032
0.028575 0.000019
0.028711 0.000009
0.028847 0.000003
0.028983 0.000000
0.029051 0.000000
0.029119 0.000001
0.029255 0.000005
0.029391 0.000013
0.029527 0.000025
0.029663 0.000040
0.029799 0.000058
0.029935 0.000080
0.030072 0.000106
0.030208 0.000136
0.030344 0.000113
0.030481 0.000137
0.030618 0.000164
0.030754 0.000193
0.030891 0.000225
0.031028 0.000259
0.031165 0.000295
0.031301 0.000334
0.031438 0.000376
0.031576 0.000420
0.031713 0.000467
0.031850 0.000516
0.031987 0.000567
0.032124 0.000622
0.032262 0.000630
0.032399 0.000685
0.032537 0.000742
0.032675 0.000802
0.032812 0.000864
0.032950 0.000929
0.033088 0.000996
0.033226 0.001066
0.033364 0.001138
0.033502 0.001212
0.033640 0.001290
0.033778 0.001369
0.033916 0.001451
0.034055 0.001462
0.034193 0.001545
0.034332 0.001631
0.034470 0.001719
0.034609 0.001809
0.034748 0.001902
0.034886 0.001997
0.035025 0.002095
0.035164 0.002195
0.035303 0.002298
0.035442 0.002403
0.035581 0.002511
0.035720 0.002621
0.035860 0.002734
0.035999 0.002850
0.036139 0.002968
0.036278 0.003089
0.036418 0.003212
0.036557 0.003338
0.036697 0.003467
0.036837 0.003598
0.036977 0.003732
0.037117 0.003868
0.037257 0.004007
0.037397 0.004149
0.037537 0.004294
0.037677 0.004441
0.037817 0.004591
0.037958 0.004744
0.038098 0.004900
0.038239 0.005058
0.038379 0.005133
0.038520 0.005294
0.038661 0.005458
0.038802 0.005625
0.038943 0.005794
0.039084 0.005966
0.039225 0.006141
0.039366 0.006319
0.039507 0.006500
0.039648 0.006684
0.039790 0.006870
0.039931 0.007059
0.040073 0.007251
0.040214 0.007446
0.040356 0.007644
0.040498 0.007845
0.040640 0.008049
0.040782 0.008256
0.040924 0.008466
0.041066 0.008678
0.041208 0.008894
0.041350 0.009113
0.041492 0.009334
0.041635 0.009559
0.041777 0.009787
0.041920 0.010018
0.042062 0.010252
0.042205 0.010489
0.042348 0.010729
0.042491 0.010972
0.042634 0.011218
0.042777 0.011467
0.042920 0.011720
0.043063 0.011976
0.043206 0.012234
0.043349 0.012496
0.043493 0.012762
0.043636 0.013030
0.043780 0.013302
0.043924 0.013577
0.044067 0.013855
0.044211 0.014136
0.044355 0.014421
0.044499 0.014709
0.044643 0.015000
0.044787 0.015295
0.044931 0.015593
0.045076 0.015894
0.045220 0.016199
0.045365 0.016507
0.045509 0.016819
0.045654 0.017134
0.045798 0.017452
0.045943 0.017774
0.046088 0.018099
0.046233 0.018427
0.046378 0.018760
0.046523 0.019095
0.046668 0.019434
0.046814 0.019777
0.046959 0.020123
0.047105 0.020473
0.047250 0.020826
0.047396 0.021183
0.047541 0.021544
0.047687 0.021908
0.047833 0.022275
0.047979 0.022647
0.048125 0.023022
0.048271 0.023401
0.048417 0.023783
0.048564 0.024169
0.048710 0.024559
0.048857 0.024952
0.049003 0.025350
0.049150 0.025751
0.049296 0.025953
0.049443 0.026358
0.049590 0.026767
0.049737 0.027181
0.049884 0.027598
0.050031 0.028018
0.050179 0.028443
0.050326 0.028871
0.050473 0.029304
0.050621 0.029740
0.050768 0.030180
0.050916 0.030624
0.051064 0.031072
0.051212 0.031524
0.051360 0.031980
0.051508 0.032440
0.051656 0.032904
0.051804 0.033372
0.051952 0.033844
0.052101 0.034320
0.052249 0.034800
0.052398 0.035284
0.052546 0.035772
0.052695 0.036265
0.052844 0.036761
0.052993 0.037262
0.053142 0.037766
0.053291 0.038275
0.053440 0.038789
0.053589 0.039306
0.053739 0.039828
0.053888 0.040353
0.054038 0.040884
0.054187 0.041418
0.054337 0.041957
0.054487 0.042500
0.054637 0.043047
0.054787 0.043599
0.054937 0.044155
0.055087 0.044715
0.055237 0.045280
0.055388 0.045849
0.055538 0.046530
0.055689 0.047110
0.055839 0.047694
0.055990 0.048282
0.056141 0.048875
0.056292 0.049472
0.056443 0.050074
0.056594 0.050681
0.056745 0.051292
0.056896 0.051908
0.057048 0.052528
0.057199 0.053153
0.057351 0.053783
0.057502 0.054417
0.057654 0.055056
0.057806 0.055700
0.057958 0.056348
0.058110 0.057001
0.058262 0.057659
0.058414 0.058322
0.058567 0.058990
0.058719 0.059662
0.058872 0.060339
0.059024 0.061021
0.059177 0.061708
0.059330 0.062400
0.059483 0.063099
0.059636 0.063800
0.059789 0.064507
0.059942 0.065218
0.060095 0.065935
0.060249 0.066656
0.060402 0.067382
0.060556 0.068114
0.060710 0.068850
0.060863 0.069592
0.061017 0.070339
0.061171 0.071090
0.061325 0.071847
0.061480 0.072609
0.061634 0.073377
0.061788 0.074149
0.061943 0.074927
0.062097 0.075709
0.062252 0.076497
0.062407 0.077291
0.062562 0.078089
0.062717 0.078893
0.062872 0.079703
0.063027 0.080517
0.063182 0.081337
0.063338 0.082162
0.063493 0.082993
0.063649 0.083829
0.063804 0.084671
0.063960 0.085317
0.064116 0.086167
0.064272 0.087023
0.064428 0.087885
0.064584 0.088752
0.064741 0.089624
0.064897 0.090503
0.065054 0.091386
0.065210 0.092276
0.065367 0.093170
0.065524 0.094071
0.065681 0.094977
0.065838 0.095889
0.065995 0.096807
0.066152 0.097730
0.066310 0.098659
0.066467 0.099594
0.066625 0.100535
0.066782 0.101481
0.066940 0.102434
0.067098 0.103392
0.067256 0.104356
0.067414 0.105326
0.067572 0.106302
0.067731 0.107283
0.067889 0.108271
0.068048 0.109265
0.068206 0.110264
0.068365 0.111270
0.068524 0.112282
0.068683 0.113300
0.068842 0.114324
0.069001 0.115354
0.069161 0.116390
0.069320 0.117432
0.069479 0.118480
0.069639 0.119535
0.069799 0.120596
0.069959 0.121663
0.070119 0.122736
0.070279 0.123816
0.070439 0.124902
0.070599 0.125994
0.070760 0.127093
0.070920 0.128198
0.071081 0.129309
0.071241 0.130427
0.071402 0.131551
0.071563 0.132682
0.071724 0.133819
0.071886 0.134962
0.072047 0.136112
0.072208 0.137269
0.072370 0.138432
0.072532 0.139602
0.072693 0.140779
0.072855 0.141962
0.073017 0.143151
0.073179 0.144348
0.073341 0.145551
0.073504 0.146761
0.073666 0.147978
0.073829 0.149259
0.073992 0.150490
0.074154 0.151728
0.074317 0.152973
0.074480 0.154224
0.074644 0.155482
0.074807 0.156748
0.074970 0.158020
0.075134 0.159299
0.075297 0.160585
0.075461 0.161878
0.075625 0.163178
0.075789 0.164485
0.075953 0.165799
0.076117 0.167121
0.076282 0.168449
0.076446 0.169785
0.076611 0.171128
0.076775 0.172478
0.076940 0.173835
0.077105 0.175199
0.077270 0.176571
0.077435 0.177950
0.077601 0.179337
0.077766 0.180731
0.077932 0.182132
0.078098 0.183540
0.078263 0.184956
0.078429 0.186380
0.078595 0.187811
0.078762 0.189249
0.078928 0.190695
0.079094 0.192148
0.079261 0.193610
0.079427 0.195078
0.079594 0.196554
0.079761 0.198038
0.079928 0.199530
0.080095 0.201029
0.080263 0.202536
0.080430 0.204051
0.080598 0.205574
0.080766 0.207104
0.080933 0.208643
0.081101 0.210189
0.081269 0.211743
0.081438 0.213305
0.081606 0.214874
0.081774 0.216452
0.081943 0.218038
0.082112 0.219632
0.082281 0.221234
0.082450 0.222844
0.082619 0.224462
0.082788 0.226088
0.082957 0.227722
0.083127 0.229364
0.083297 0.231015
0.083466 0.232674
0.083636 0.234341
0.083806 0.236016
0.083976 0.237700
0.084147 0.239392
0.084317 0.241093
0.084488 0.242801
0.084659 0.244519
0.084829 0.246244
0.085000 0.247979
0.085172 0.249721
0.085343 0.251472
0.085514 0.253232
0.085686 0.255000
0.085857 0.256777
0.086029 0.258563
0.086201 0.260357
0.086373 0.262160
0.086545 0.263972
0.086718 0.265792
0.086890 0.267621
0.087063 0.269459
0.087236 0.271306
0.087409 0.273162
0.087582 0.275026
0.087755 0.276900
0.087928 0.278782
0.088102 0.280674
0.088275 0.282574
0.088449 0.284484
0.088623 0.286402
0.088797 0.288330
0.088971 0.290267
0.089146 0.292212
0.089320 0.294168
0.089495 0.296132
0.089669 0.298105
0.089844 0.300088
0.090019 0.302080
0.090195 0.304082
0.090370 0.306092
0.090545 0.308113
0.090721 0.310142
0.090897 0.312181
0.091073 0.314230
0.091249 0.316288
0.091425 0.318355
0.091602 0.320432
0.091778 0.322519
0.091955 0.324615
0.092132 0.326721
0.092309 0.328837
0.092486 0.330963
0.092663 0.333098
0.092840 0.335243
0.093018 0.337397
0.093196 0.339562
0.093374 0.341736
0.093552 0.343921
0.093730 0.346115
0.093908 0.348319
0.094087 0.350534
0.094265 0.352758
0.094444 0.354992
0.094623 0.357237
0.094802 0.359492
0.094982 0.361756
0.095161 0.364031
0.095341 0.366316
0.095520 0.368612
0.095700 0.370918
0.095880 0.373234
0.096061 0.375360
0.096241 0.377695
0.096421 0.380040
0.096602 0.382396
0.096783 0.384762
0.096964 0.387139
0.097145 0.389526
0.097327 0.391924
0.097508 0.394332
0.097690 0.396751
0.097872 0.399181
0.098054 0.401621
0.098236 0.404072
0.098418 0.406534
0.098600 0.409007
0.098783 0.411490
0.098966 0.413984
0.099149 0.416490
0.099332 0.419006
0.099515 0.421533
0.099699 0.424071
0.099883 0.426620
0.100066 0.429180
0.100250 0.431751
0.100434 0.434334
0.100619 0.437036
0.100803 0.439642
0.100988 0.442259
0.101173 0.444888
0.101358 0.447528
0.101543 0.450179
0.101728 0.452841
0.101914 0.455514
0.102100 0.458200
0.102285 0.460896
0.102471 0.463605
0.102658 0.466323
0.102844 0.469054
0.103031 0.471796
0.103217 0.474550
0.103404 0.477316
0.103591 0.480093
0.103779 0.482883
0.103966 0.485685
0.104154 0.488498
0.104342 0.491323
0.104530 0.494161
0.104718 0.497010
0.104906 0.499872
0.105095 0.502746
0.105283 0.505632
0.105472 0.508531
0.105661 0.511443
0.105851 0.514366
0.106040 0.517303
0.106230 0.520251
0.106420 0.523211
0.106610 0.526182
0.106800 0.529165
0.106990 0.532162
0.107181 0.535171
0.107372 0.538192
0.107562 0.541226
0.107754 0.544272
0.107945 0.547331
0.108136 0.550402
0.108328 0.553486
0.108520 0.556583
0.108712 0.559692
0.108904 0.562815
0.109097 0.565950
0.109290 0.569098
0.109482 0.572259
0.109675 0.575433
0.109869 0.578620
0.110062 0.581820
0.110256 0.585033
0.110450 0.588259
0.110644 0.591498
0.110838 0.594751
0.111032 0.598017
0.111227 0.601296
0.111422 0.604589
0.111617 0.607894
0.111812 0.611214
0.112008 0.614546
0.112203 0.617892
0.112399 0.621052
0.112595 0.624423
0.112791 0.627811
0.112988 0.631207
0.113184 0.634620
0.113381 0.638046
0.113578 0.641486
0.113776 0.644940
0.113973 0.648407
0.114171 0.651889
0.114369 0.655385
0.114567 0.658895
0.114765 0.662419
0.114964 0.665957
0.115163 0.669509
0.115361 0.673075
0.115561 0.676656
0.115760 0.680251
0.115960 0.683862
0.116160 0.687483
0.116360 0.691125
0.116560 0.694774
0.116760 0.698442
0.116961 0.702125
0.117162 0.705821
0.117363 0.709531
0.117564 0.713256
0.117766 0.716995
0.117968 0.720750
0.118170 0.724519
0.118372 0.728303
0.118575 0.732102
0.118777 0.735916
0.118980 0.739745
0.119183 0.743589
0.119387 0.747448
0.119590 0.751322
0.119794 0.755212
0.119998 0.759117
0.120203 0.763038
0.120407 0.766973
0.120612 0.770924
0.120817 0.774891
0.121022 0.778873
0.121228 0.782871
0.121433 0.786884
0.121639 0.790913
0.121845 0.794957
0.122052 0.799017
0.122258 0.803094
0.122465 0.807185
0.122672 0.811293
0.122880 0.815417
0.123087 0.819557
0.123295 0.823712
0.123503 0.827884
0.123712 0.832072
0.123920 0.836277
0.124129 0.840637
0.124338 0.844878
0.124548 0.849135
0.124757 0.853408
0.124967 0.857697
0.125177 0.862003
0.125387 0.866325
0.125598 0.870664
0.125809 0.875019
0.126020 0.879391
0.126231 0.883779
0.126443 0.888184
0.126655 0.892597
0.126867 0.897048
0.127079 0.901506
0.127292 0.905978
0.127505 0.910469
0.127718 0.914977
0.127931 0.919502
0.128145 0.924044
0.128359 0.928403
0.128573 0.932978
0.128788 0.937570
0.129003 0.942179
0.129218 0.946806
0.129433 0.951451
0.129649 0.956113
0.129864 0.960794
0.130080 0.965492
0.130297 0.970208
0.130514 0.974941
0.130730 0.979693
0.130948 0.984463
0.131165 0.989251
0.131383 0.994058
0.131601 0.998882
0.131819 1.003725
0.132038 1.008586
0.132257 1.013466
0.132476 1.018364
0.132696 1.023281
0.132915 1.028216
0.135799 1.094198
0.136023 1.099402
0.136247 1.104635
0.136471 1.109875
0.136696 1.115140
0.136921 1.120402
0.137147 1.125703
0.137373 1.131023
0.137599 1.136368
0.137825 1.141738
0.138052 1.147130
0.138279 1.152544
0.138506 1.157978
0.138734 1.163434
0.138962 1.168910
0.139190 1.174351
0.139419 1.179752
0.139648 1.185478
0.139877 1.190825
0.140106 1.196393
0.140336 1.201982
0.140567 1.207592
0.140797 1.213223
0.141028 1.218875
0.141259 1.224548
0.141491 1.230243
0.141723 1.235959
0.141955 1.241697
0.142188 1.247456
0.142421 1.253237
0.142654 1.259040
0.142887 1.264865
0.143121 1.270711
0.143356 1.276580
0.143590 1.282470
0.143825 1.288383
0.144061 1.294318
0.144297 1.300276
0.144533 1.306255
0.144769 1.312258
0.145006 1.318283
0.145243 1.324330
0.145481 1.330401
0.145718 1.336494
0.145957 1.342610
0.146195 1.348750
0.146434 1.354912
0.146674 1.361098
0.146913 1.367307
0.147154 1.373539
0.147394 1.379795
0.147635 1.386075
0.147876 1.392378
0.148118 1.398705
0.148360 1.405056
0.148602 1.411431
0.148845 1.417830
0.149088 1.424253
0.149332 1.430701
0.149576 1.437173
0.149820 1.443669
0.150065 1.450190
0.150310 1.456736
0.150555 1.463306
0.150801 1.469902
0.151048 1.476522
0.151294 1.483167
0.151542 1.489838
0.151789 1.496534
0.152037 1.503255
0.152286 1.510002
0.152534 1.516775
0.152784 1.523573
0.153033 1.530397
0.153283 1.537247
0.153534 1.544123
0.153785 1.551026
0.154036 1.557954
0.154288 1.564909
0.154540 1.571891
0.154793 1.578899
0.155046 1.585934
0.155299 1.592996
0.155553 1.600085
0.155808 1.607201
0.156063 1.614345
0.156318 1.621515
0.156574 1.628713
0.156830 1.635939
0.157087 1.643193
0.157344 1.650474
0.157601 1.657784
0.157860 1.665121
0.158118 1.672487
0.158377 1.679881
0.158637 1.687304
0.158897 1.694755
0.159157 1.702235
0.159418 1.709744
0.159679 1.717282
0.159941 1.724849
0.160204 1.732446
0.160466 1.740072
0.160730 1.747727
0.160994 1.755413
0.161258 1.763128
0.161523 1.770873
0.161788 1.778649
0.162054 1.786455
0.162320 1.794291
0.162587 1.802158
0.162855 1.810056
0.163123 1.817984
0.163391 1.825944
0.163660 1.833935
0.163930 1.841957
0.164200 1.850011
0.164470 1.858097
0.164741 1.866214
0.165013 1.874364
0.165285 1.882546
0.165558 1.890760
0.165831 1.899006
0.166105 1.907286
0.166379 1.915598
0.166654 1.923943
0.166930 1.932322
0.167206 1.940734
0.167483 1.949179
0.167760 1.957658
0.168038 1.966172
0.168316 1.974719
0.168595 1.983300
0.168875 1.991916
0.169155 2.000567
0.169436 2.009253
0.169717 2.017973
0.169999 2.026729
0.170282 2.035521
0.170565 2.044348
0.170849 2.053210
0.171133 2.062109
0.171418 2.071045
0.171704 2.080016
0.171990 2.089025
0.172277 2.098070
0.172565 2.107152
0.172853 2.116271
0.173142 2.125428
0.173432 2.134623
0.173722 2.143856
0.174013 2.153127
0.174305 2.162437
0.174597 2.171785
0.174890 2.181172
0.175183 2.190598
0.175478 2.200063
0.175773 2.209568
0.176068 2.219113
0.176365 2.228698
0.176662 2.238323
0.176960 2.248080
0.177258 2.257787
0.177557 2.267535
0.177857 2.277325
0.178158 2.287157
0.178460 2.297030
0.178762 2.306945
0.179065 2.316903
0.179368 2.326904
0.179673 2.336948
0.179978 2.347035
0.180284 2.357166
0.180591 2.367340
0.180899 2.377559
0.181207 2.387822
0.181516 2.398130
0.181826 2.408483
0.182137 2.418881
0.182449 2.429326
0.182761 2.439816
0.183074 2.450352
0.183388 2.460935
0.183703 2.471565
0.184019 2.482242
0.184336 2.492967
0.184653 2.503740
0.184972 2.514562
0.185291 2.525432
0.185611 2.536351
0.185932 2.547319
0.186254 2.558338
0.186577 2.569406
0.186901 2.580525
0.187225 2.591695
0.187551 2.602916
0.187877 2.614189
0.188205 2.625514
0.188533 2.636892
0.188863 2.648322
0.189193 2.659806
0.189525 2.671344
0.189857 2.682935
0.190190 2.694582
0.190525 2.706283
0.190860 2.718040
0.191197 2.729853
0.191534 2.741723
0.191873 2.753649
0.192212 2.765632
0.192553 2.777674
0.192894 2.789774
0.193237 2.801933
0.193581 2.814151
0.193926 2.826428
0.194272 2.838767
0.194620 2.851166
0.194968 2.863627
0.195317 2.876150
0.195668 2.888735
0.196020 2.901383
0.196373 2.914096
0.196727 2.926872
0.197083 2.939713
0.197440 2.952620
0.197797 2.965593
0.198157 2.978632
0.198517 2.991739
0.198879 3.004914
0.199242 3.018158
0.199606 3.031471
0.199972 3.044853
0.200339 3.058307
0.200707 3.071832
0.201077 3.085430
0.201448 3.099100
0.201820 3.112844
0.202194 3.126662
0.202569 3.140556
0.202946 3.154526
0.203324 3.168572
0.203704 3.182696
0.204085 3.196898
0.204468 3.211180
0.204852 3.225542
0.205238 3.239985
0.205625 3.254510
0.206014 3.269118
0.206404 3.283810
0.206796 3.298587
0.207190 3.313450
0.207585 3.328399
0.207982 3.343436
0.208381 3.358360
0.208782 3.373574
0.209184 3.388879
0.209588 3.404276
0.209994 3.419766
0.210402 3.435351
0.210811 3.451032
0.211223 3.466810
0.211636 3.482685
0.212051 3.498660
0.212468 3.514736
0.212888 3.530913
0.213309 3.547194
0.213732 3.563580
0.214157 3.580072
0.214585 3.596672
0.215014 3.613381
0.215446 3.630201
0.215880 3.647133
0.216316 3.664180
0.216754 3.681341
0.217195 3.698724
0.217638 3.716124
0.218083 3.733644
0.218531 3.751286
0.218981 3.769053
0.219434 3.786947
0.219889 3.804971
0.220347 3.823124
0.220808 3.841411
0.221271 3.859832
0.221737 3.878391
0.222205 3.897089
0.222677 3.915930
0.223151 3.934915
0.223628 3.954047
0.224109 3.973328
0.224592 3.992762
0.225078 4.012351
0.225568 4.032097
0.226060 4.052005
0.226556 4.072076
0.227056 4.092315
0.227558 4.112724
0.228065 4.133307
0.228574 4.154067
0.229088 4.175008
0.229605 4.196134
0.230126 4.217448
0.230650 4.238954
0.231179 4.260657
0.231712 4.282565
0.232249 4.304675
0.232790 4.326996
0.233335 4.349531
0.233885 4.372289
0.234440 4.395270
0.234999 4.418480
0.235563 4.441929
0.236132 4.465621
0.236706 4.489562
0.237285 4.513759
0.237870 4.538218
0.238460 4.562946
0.239055 4.587952
0.239657 4.613243
0.240264 4.638827
0.240878 4.664712
0.241498 4.690909
0.242124 4.717427
0.242758 4.744276
0.243398 4.771467
0.244045 4.799010
0.244701 4.826918
0.245363 4.855203
0.246034 4.883879
0.246713 4.912757
0.247401 4.942255
0.248098 4.972188
0.248804 5.002576
0.249520 5.033435
0.250246 5.064785
0.250983 5.096649
0.251730 5.129047
0.252490 5.162005
0.253261 5.195550
0.254045 5.229709
0.254843 5.264514
0.255655 5.299999
0.256481 5.336200
0.257324 5.373158
0.258183 5.411011
0.259060 5.449623
0.259955 5.489139
0.260871 5.529620
0.261808 5.571134
0.262769 5.613755
0.263754 5.657570
0.264767 5.702676
0.265809 5.749183
0.266883 5.797222
0.267992 5.846940
0.269140 5.898514
0.270331 5.952154
0.271572 6.008110
0.272867 6.066690
0.274226 6.128278
0.275658 6.193361
0.277177 6.262574
0.278802 6.336773
0.280557 6.417159
0.282480 6.505514
0.284632 6.604684
0.287120 6.719782
0.290182 6.861965
0.294629 7.069583
