-0.415050 2.142441
-0.407366 2.005677
-0.402075 1.913771
-0.397774 1.840451
-0.394055 1.778073
-0.390732 1.723131
-0.387699 1.673674
-0.384891 1.628480
-0.382266 1.586592
-0.379790 1.547687
-0.377442 1.511197
-0.375204 1.476788
-0.373060 1.444197
-0.371001 1.413211
-0.369017 1.383659
-0.367100 1.355394
-0.365245 1.328298
-0.363444 1.302266
-0.361694 1.277210
-0.359991 1.253053
-0.358331 1.229729
-0.356711 1.207177
-0.355129 1.185347
-0.353581 1.164190
-0.352066 1.143666
-0.350581 1.123737
-0.349125 1.104369
-0.347697 1.085531
-0.346294 1.067196
-0.344915 1.049337
-0.343560 1.031931
-0.342227 1.014958
-0.340915 0.998396
-0.339623 0.982227
-0.338350 0.966435
-0.337095 0.951003
-0.335858 0.935917
-0.334637 0.921163
-0.333433 0.906729
-0.332245 0.892602
-0.331071 0.878770
-0.329912 0.865224
-0.328766 0.851954
-0.327634 0.838949
-0.326515 0.826202
-0.325409 0.813703
-0.324314 0.801445
-0.323231 0.789420
-0.322160 0.777622
-0.321100 0.766237
-0.320050 0.754676
-0.319010 0.743517
-0.317981 0.732558
-0.316962 0.721795
-0.315951 0.711222
-0.314950 0.700834
-0.313959 0.690626
-0.312975 0.680594
-0.312001 0.670732
-0.311034 0.661233
-0.310076 0.651691
-0.309126 0.642311
-0.308183 0.633088
-0.307248 0.624017
-0.306320 0.615095
-0.305399 0.606317
-0.304486 0.597681
-0.303579 0.589181
-0.302679 0.580816
-0.301785 0.572584
-0.300898 0.564480
-0.300017 0.556504
-0.299142 0.548650
-0.298273 0.540920
-0.297410 0.533307
-0.296553 0.525812
-0.295702 0.518430
-0.294856 0.511161
-0.294015 0.504003
-0.293180 0.496952
-0.292350 0.490007
-0.291526 0.483166
-0.290706 0.476428
-0.289891 0.469790
-0.289081 0.463250
-0.288276 0.456807
-0.287476 0.450459
-0.286680 0.444204
-0.285889 0.438041
-0.285102 0.431968
-0.284319 0.425983
-0.283541 0.420086
-0.282767 0.414274
-0.281998 0.408547
-0.281232 0.402902
-0.280470 0.397338
-0.279713 0.391855
-0.278959 0.386450
-0.278209 0.381123
-0.277463 0.375872
-0.276721 0.370606
-0.275983 0.365503
-0.275248 0.360473
-0.274516 0.355514
-0.273788 0.350625
-0.273064 0.345806
-0.272343 0.341055
-0.271625 0.336371
-0.270911 0.331754
-0.270200 0.327201
-0.269492 0.322713
-0.268788 0.318289
-0.268086 0.313926
-0.267388 0.309626
-0.266693 0.305386
-0.266001 0.301205
-0.265312 0.297084
-0.264625 0.293020
-0.263942 0.289014
-0.263262 0.285064
-0.262584 0.281170
-0.261909 0.277331
-0.261237 0.273704
-0.260568 0.269977
-0.259901 0.266303
-0.259237 0.262681
-0.258576 0.259110
-0.257917 0.255589
-0.257261 0.252119
-0.256608 0.248698
-0.255957 0.245325
-0.255308 0.241797
-0.254662 0.238514
-0.254019 0.235278
-0.253377 0.232087
-0.252738 0.228943
-0.252102 0.225843
-0.251468 0.222787
-0.250836 0.219774
-0.250206 0.216805
-0.249579 0.213878
-0.248954 0.210994
-0.248331 0.208150
-0.247710 0.205348
-0.247092 0.202585
-0.246475 0.199863
-0.245861 0.197180
-0.245249 0.194536
-0.244639 0.191930
-0.244030 0.189362
-0.243424 0.186831
-0.242820 0.184337
-0.242218 0.182065
-0.241618 0.179647
-0.241020 0.177264
-0.240424 0.174917
-0.239829 0.172604
-0.239237 0.170124
-0.238647 0.167876
-0.238058 0.165661
-0.237471 0.163479
-0.236886 0.161330
-0.236303 0.159212
-0.235721 0.157127
-0.235142 0.155073
-0.234564 0.153050
-0.233988 0.151057
-0.233413 0.149094
-0.232841 0.147162
-0.232270 0.145259
-0.231700 0.143384
-0.231133 0.141539
-0.230567 0.139722
-0.230003 0.137933
-0.229440 0.136172
-0.228879 0.134438
-0.228319 0.132731
-0.227761 0.131051
-0.227205 0.129397
-0.226650 0.127769
-0.226097 0.126167
-0.225545 0.124590
-0.224995 0.123038
-0.224446 0.121511
-0.223899 0.120009
-0.223353 0.118530
-0.222809 0.117076
-0.222266 0.115645
-0.221725 0.114237
-0.221185 0.112853
-0.220646 0.111491
-0.220109 0.110151
-0.219574 0.108834
-0.219039 0.107539
-0.218506 0.106265
-0.217975 0.105013
-0.217445 0.103781
-0.216916 0.102571
-0.216388 0.101381
-0.215862 0.100212
-0.215337 0.099062
-0.214814 0.097933
-0.214291 0.096822
-0.213770 0.095732
-0.213251 0.094660
-0.212732 0.093607
-0.212215 0.092573
-0.211699 0.091558
-0.211184 0.090560
-0.210671 0.089580
-0.210159 0.088618
-0.209648 0.087674
-0.209138 0.086747
-0.208629 0.085837
-0.208122 0.084943
-0.207616 0.084067
-0.207111 0.083207
-0.206607 0.082363
-0.206104 0.081535
-0.205602 0.080723
-0.205102 0.079926
-0.204603 0.079145
-0.204105 0.078379
-0.203607 0.077628
-0.203111 0.076892
-0.202617 0.076170
-0.202123 0.075463
-0.201630 0.074771
-0.201139 0.074092
-0.200648 0.073427
-0.200159 0.072776
-0.199670 0.072139
-0.199183 0.071515
-0.198697 0.070904
-0.198211 0.070306
-0.197727 0.069721
-0.197244 0.069148
-0.196762 0.068588
-0.196281 0.068201
-0.195801 0.067666
-0.195321 0.067143
-0.194843 0.066633
-0.194366 0.066134
-0.193890 0.065646
-0.193415 0.065170
-0.192941 0.064705
-0.192467 0.064251
-0.191995 0.063808
-0.191524 0.063376
-0.191053 0.062955
-0.190584 0.062544
-0.190115 0.062143
-0.189648 0.061753
-0.189181 0.061372
-0.188715 0.061002
-0.188250 0.060641
-0.187787 0.060290
-0.187323 0.059949
-0.186861 0.059617
-0.186400 0.059294
-0.185940 0.058981
-0.185480 0.058676
-0.185022 0.058380
-0.184564 0.058093
-0.184107 0.057815
-0.183651 0.057545
-0.183196 0.057283
-0.182742 0.057030
-0.182288 0.056785
-0.181836 0.056548
-0.181384 0.056318
-0.180933 0.056097
-0.180483 0.055883
-0.180034 0.055677
-0.179585 0.055478
-0.179138 0.055286
-0.178691 0.055102
-0.178245 0.054925
-0.177800 0.054755
-0.177355 0.054591
-0.176912 0.054435
-0.176469 0.054285
-0.176027 0.054142
-0.175586 0.054005
-0.175145 0.053875
-0.174706 0.053751
-0.174267 0.053633
-0.173829 0.053521
-0.173391 0.053415
-0.172955 0.053315
-0.172519 0.053221
-0.172084 0.053132
-0.171649 0.053049
-0.171216 0.052972
-0.170783 0.052900
-0.170350 0.052833
-0.169919 0.052772
-0.169488 0.052716
-0.169058 0.052665
-0.168629 0.052618
-0.168200 0.052577
-0.167773 0.052541
-0.167345 0.052509
-0.166919 0.052482
-0.166493 0.052460
-0.166068 0.052441
-0.165644 0.052428
-0.165220 0.052419
-0.164797 0.052414
-0.164375 0.052413
-0.163954 0.052416
-0.163533 0.052423
-0.163112 0.052434
-0.162693 0.052449
-0.162274 0.052468
-0.161856 0.052491
-0.161438 0.052517
-0.161021 0.052547
-0.160605 0.052580
-0.160189 0.052617
-0.159774 0.052657
-0.159360 0.052701
-0.158946 0.052747
-0.158533 0.052797
-0.158121 0.052850
-0.157709 0.052706
-0.157298 0.052765
-0.156888 0.052827
-0.156478 0.052891
-0.156069 0.052959
-0.155660 0.053029
-0.155252 0.053101
-0.154845 0.053177
-0.154438 0.053255
-0.154032 0.053335
-0.153626 0.053418
-0.153221 0.053504
-0.152817 0.053591
-0.152413 0.053681
-0.152010 0.053773
-0.151607 0.053868
-0.151206 0.053964
-0.150804 0.054062
-0.150403 0.054163
-0.150003 0.054265
-0.149604 0.054370
-0.149204 0.054476
-0.148806 0.054584
-0.148408 0.054693
-0.148011 0.054805
-0.147614 0.054918
-0.147218 0.055032
-0.146822 0.055149
-0.146427 0.055266
-0.146033 0.055385
-0.145639 0.055506
-0.145245 0.055628
-0.144852 0.055751
-0.144460 0.055876
-0.144068 0.056001
-0.143677 0.056128
-0.143286 0.056256
-0.142896 0.056386
-0.142507 0.056516
-0.142118 0.056647
-0.141729 0.056779
-0.141341 0.056913
-0.140954 0.057047
-0.140567 0.057182
-0.140180 0.057317
-0.139794 0.057454
-0.139409 0.057591
-0.139024 0.057729
-0.138640 0.057868
-0.138256 0.058007
-0.137873 0.058147
-0.137490 0.058288
-0.137108 0.058429
-0.136726 0.058570
-0.136344 0.058712
-0.135964 0.058855
-0.135583 0.058998
-0.135204 0.059141
-0.134824 0.059284
-0.134446 0.059428
-0.134067 0.059572
-0.133689 0.059716
-0.133312 0.059861
-0.132935 0.060005
-0.132559 0.060150
-0.132183 0.060295
-0.131808 0.060440
-0.131433 0.060585
-0.131058 0.060730
-0.130684 0.061075
-0.130311 0.061220
-0.129938 0.061364
-0.129565 0.061509
-0.129193 0.061654
-0.128822 0.061798
-0.128451 0.061942
-0.128080 0.062086
-0.127710 0.062230
-0.127340 0.062373
-0.126971 0.062517
-0.126602 0.062659
-0.126233 0.062802
-0.125865 0.062944
-0.125498 0.063086
-0.125131 0.063228
-0.124764 0.063369
-0.124398 0.063509
-0.124033 0.063650
-0.123667 0.063790
-0.123302 0.063929
-0.122938 0.064068
-0.122574 0.064206
-0.122211 0.064344
-0.121848 0.064481
-0.121485 0.064618
-0.121123 0.064754
-0.120761 0.064889
-0.120400 0.065023
-0.120039 0.065157
-0.119678 0.065290
-0.119318 0.065422
-0.118959 0.065554
-0.118599 0.065685
-0.118241 0.065815
-0.117882 0.065944
-0.117524 0.066072
-0.117167 0.066200
-0.116810 0.066327
-0.116453 0.066452
-0.116097 0.066577
-0.115741 0.066702
-0.115385 0.066825
-0.115030 0.066947
-0.114675 0.067068
-0.114321 0.067189
-0.113967 0.067308
-0.113614 0.067427
-0.113261 0.067544
-0.112908 0.067661
-0.112556 0.067776
-0.112204 0.067890
-0.111852 0.068004
-0.111501 0.068116
-0.111151 0.068227
-0.110800 0.068337
-0.110450 0.068446
-0.110101 0.068554
-0.109752 0.068661
-0.109403 0.068767
-0.109055 0.068871
-0.108707 0.068974
-0.108359 0.069077
-0.108012 0.069178
-0.107665 0.069277
-0.107319 0.069376
-0.106972 0.069473
-0.106627 0.069570
-0.106281 0.069665
-0.105936 0.069758
-0.105592 0.069851
-0.105248 0.069942
-0.104904 0.070032
-0.104560 0.070121
-0.104217 0.070208
-0.103874 0.070294
-0.103532 0.070379
-0.103190 0.070462
-0.102848 0.070544
-0.102507 0.070625
-0.102166 0.070705
-0.101826 0.070783
-0.101485 0.070860
-0.101145 0.070935
-0.100806 0.071009
-0.100467 0.071082
-0.100128 0.071153
-0.099790 0.071223
-0.099451 0.071292
-0.099114 0.071359
-0.098776 0.071425
-0.098439 0.071489
-0.098103 0.071552
-0.097766 0.071614
-0.097430 0.071674
-0.097094 0.071732
-0.096759 0.071790
-0.096424 0.071845
-0.096090 0.071900
-0.095755 0.071953
-0.095421 0.072004
-0.095088 0.072054
-0.094754 0.072103
-0.094421 0.072150
-0.094089 0.072196
-0.093756 0.072240
-0.093424 0.072282
-0.093093 0.072324
-0.092762 0.072363
-0.092431 0.072402
-0.092100 0.072438
-0.091770 0.072474
-0.091440 0.072507
-0.091110 0.072540
-0.090781 0.072571
-0.090452 0.072600
-0.090123 0.072628
-0.089795 0.072654
-0.089467 0.072679
-0.089139 0.072702
-0.088811 0.072724
-0.088484 0.072744
-0.088158 0.072763
-0.087831 0.072780
-0.087505 0.072795
-0.087179 0.072810
-0.086854 0.072822
-0.086528 0.072833
-0.086204 0.072843
-0.085879 0.072851
-0.085555 0.072857
-0.085231 0.072862
-0.084907 0.072866
-0.084584 0.072868
-0.084261 0.072868
-0.083938 0.072867
-0.083616 0.072864
-0.083293 0.072860
-0.082972 0.072855
-0.082650 0.072847
-0.082329 0.072839
-0.082008 0.072828
-0.081687 0.072817
-0.081367 0.072803
-0.081047 0.072788
-0.080727 0.072772
-0.080408 0.072754
-0.080089 0.072735
-0.079770 0.072714
-0.079451 0.072691
-0.079133 0.072667
-0.078815 0.072642
-0.078498 0.072615
-0.078180 0.072586
-0.077863 0.072556
-0.077546 0.072524
-0.077230 0.072491
-0.076914 0.072457
-0.076598 0.072421
-0.076282 0.072383
-0.075967 0.072344
-0.075652 0.072303
-0.075337 0.072261
-0.075022 0.072217
-0.074708 0.072172
-0.074394 0.072126
-0.074080 0.072077
-0.073767 0.072028
-0.073454 0.071977
-0.073141 0.071924
-0.072828 0.071870
-0.072516 0.071815
-0.072204 0.071758
-0.071892 0.071699
-0.071581 0.071639
-0.071270 0.071578
-0.070959 0.071515
-0.070648 0.071450
-0.070338 0.071385
-0.070028 0.071317
-0.069718 0.071249
-0.069408 0.071179
-0.069099 0.071107
-0.068790 0.071034
-0.068481 0.070959
-0.068173 0.070883
-0.067865 0.070806
-0.067557 0.070727
-0.067249 0.070647
-0.066942 0.070566
-0.066634 0.070483
-0.066328 0.070398
-0.066021 0.070312
-0.065715 0.070225
-0.065408 0.070136
-0.065103 0.070046
-0.064797 0.069955
-0.064492 0.069862
-0.064187 0.069768
-0.063882 0.069672
-0.063577 0.069576
-0.063273 0.069349
-0.062969 0.069250
-0.062665 0.069149
-0.062362 0.069047
-0.062058 0.068944
-0.061755 0.068839
-0.061452 0.068733
-0.061150 0.068626
-0.060848 0.068517
-0.060546 0.068407
-0.060244 0.068296
-0.059942 0.068184
-0.059641 0.068070
-0.059340 0.067955
-0.059039 0.067838
-0.058739 0.067721
-0.058438 0.067602
-0.058138 0.067481
-0.057839 0.067360
-0.057539 0.067237
-0.057240 0.067113
-0.056941 0.066988
-0.056642 0.066861
-0.056343 0.066733
-0.056045 0.066604
-0.055747 0.066474
-0.055449 0.066342
-0.055151 0.066209
-0.054854 0.066075
-0.054557 0.065940
-0.054260 0.065804
-0.053963 0.065666
-0.053667 0.065527
-0.053370 0.065387
-0.053074 0.065246
-0.052779 0.065104
-0.052483 0.064960
-0.052188 0.064816
-0.051893 0.064670
-0.051598 0.064523
-0.051304 0.064375
-0.051009 0.064225
-0.050715 0.064075
-0.050421 0.063924
-0.050128 0.063771
-0.049834 0.063617
-0.049541 0.063462
-0.049248 0.063306
-0.048955 0.063149
-0.048663 0.062991
-0.048371 0.062832
-0.048079 0.062672
-0.047787 0.062510
-0.047495 0.062348
-0.047204 0.062185
-0.046913 0.062020
-0.046622 0.061855
-0.046331 0.061688
-0.046041 0.061520
-0.045750 0.061352
-0.045460 0.061182
-0.045170 0.061012
-0.044881 0.060840
-0.044591 0.060667
-0.044302 0.060494
-0.044013 0.060319
-0.043725 0.060144
-0.043436 0.059967
-0.043148 0.059790
-0.042860 0.059612
-0.042572 0.059432
-0.042284 0.059252
-0.041997 0.059071
-0.041710 0.058889
-0.041423 0.058706
-0.041136 0.058522
-0.040849 0.058337
-0.040563 0.058151
-0.040277 0.057965
-0.039991 0.057777
-0.039705 0.057589
-0.039420 0.057400
-0.039135 0.057210
-0.038850 0.057019
-0.038565 0.056828
-0.038280 0.056635
-0.037996 0.056442
-0.037711 0.056248
-0.037427 0.056053
-0.037144 0.055857
-0.036860 0.055661
-0.036577 0.055463
-0.036293 0.055265
-0.036010 0.055066
-0.035728 0.054867
-0.035445 0.054666
-0.035163 0.054465
-0.034880 0.054264
-0.034598 0.054061
-0.034317 0.053858
-0.034035 0.053654
-0.033754 0.053449
-0.033473 0.053244
-0.033192 0.053038
-0.032911 0.052831
-0.032630 0.052624
-0.032350 0.052416
-0.032070 0.052207
-0.031790 0.051998
-0.031510 0.051788
-0.031231 0.051577
-0.030951 0.051366
-0.030672 0.051154
-0.030393 0.050942
-0.030114 0.050729
-0.029836 0.050515
-0.029557 0.050301
-0.029279 0.050086
-0.029001 0.049871
-0.028723 0.049655
-0.028446 0.049438
-0.028168 0.049221
-0.027891 0.049004
-0.027614 0.048786
-0.027337 0.048567
-0.027061 0.048348
-0.026784 0.048129
-0.026508 0.047909
-0.026232 0.047688
-0.025956 0.047467
-0.025680 0.047246
-0.025405 0.047024
-0.025130 0.046802
-0.024855 0.046579
-0.024580 0.046356
-0.024305 0.046132
-0.024030 0.045908
-0.023756 0.045684
-0.023482 0.045459
-0.023208 0.045234
-0.022934 0.045008
-0.022660 0.044782
-0.022387 0.044556
-0.022114 0.044329
-0.021841 0.044102
-0.021568 0.043875
-0.021295 0.043647
-0.021023 0.043419
-0.020750 0.043191
-0.020478 0.042962
-0.020206 0.042733
-0.019935 0.042504
-0.019663 0.042274
-0.019392 0.042045
-0.019120 0.041815
-0.018849 0.041584
-0.018578 0.041354
-0.018308 0.041123
-0.018037 0.040892
-0.017767 0.040661
-0.017497 0.040430
-0.017227 0.040198
-0.016957 0.039966
-0.016687 0.039735
-0.016418 0.039503
-0.016149 0.039270
-0.015880 0.039038
-0.015611 0.038805
-0.015342 0.038572
-0.015073 0.038340
-0.014805 0.038107
-0.014537 0.037874
-0.014269 0.037640
-0.014001 0.037407
-0.013733 0.037174
-0.013466 0.036940
-0.013199 0.036707
-0.012931 0.036473
-0.012664 0.036240
-0.012398 0.036006
-0.012131 0.035773
-0.011864 0.035539
-0.011598 0.035305
-0.011332 0.035072
-0.011066 0.034838
-0.010800 0.034804
-0.010535 0.034569
-0.010269 0.034334
-0.010004 0.034099
-0.009739 0.033864
-0.009474 0.033629
-0.009209 0.033394
-0.008945 0.033159
-0.008680 0.032924
-0.008416 0.032690
-0.008152 0.032455
-0.007888 0.032221
-0.007624 0.031987
-0.007361 0.031753
-0.007097 0.031519
-0.006834 0.031285
-0.006571 0.031051
-0.006308 0.030818
-0.006045 0.030584
-0.005783 0.030351
-0.005520 0.030118
-0.005258 0.029886
-0.004996 0.029653
-0.004734 0.029421
-0.004472 0.029189
-0.004210 0.028957
-0.003949 0.028726
-0.003688 0.028495
-0.003426 0.028264
-0.003166 0.028033
-0.002905 0.027803
-0.002644 0.027573
-0.002384 0.027343
-0.002123 0.026963
-0.001863 0.026735
-0.001603 0.026508
-0.001343 0.026281
-0.001084 0.026054
-0.000824 0.025828
-0.000565 0.025602
-0.000305 0.025376
-0.000046 0.025151
0.000213 0.024926
0.000471 0.024702
0.000730 0.024478
0.000988 0.024255
0.001247 0.024031
0.001505 0.023809
0.001763 0.023587
0.002020 0.023365
0.002278 0.023144
0.002536 0.022923
0.002793 0.022703
0.003050 0.022483
0.003307 0.022263
0.003564 0.022045
0.003821 0.021826
0.004077 0.021609
0.004334 0.021392
0.004590 0.021175
0.004846 0.020959
0.005102 0.020743
0.005358 0.020528
0.005614 0.020314
0.005869 0.020100
0.006124 0.019887
0.006380 0.019675
0.006635 0.019463
0.006890 0.019252
0.007144 0.019041
0.007399 0.018831
0.007653 0.018622
0.007908 0.018413
0.008162 0.018205
0.008416 0.017998
0.008670 0.017990
0.008923 0.017782
0.009177 0.017574
0.009430 0.017367
0.009684 0.017161
0.009937 0.016956
0.010190 0.016751
0.010442 0.016547
0.010695 0.016165
0.010948 0.015966
0.011200 0.015766
0.011452 0.015568
0.011704 0.015371
0.011956 0.015174
0.012208 0.014978
0.012460 0.014783
0.012711 0.014589
0.012963 0.014396
0.013214 0.014204
0.013465 0.014012
0.013716 0.013821
0.013967 0.013632
0.014217 0.013443
0.014468 0.013255
0.014718 0.013068
0.014968 0.012882
0.015219 0.012696
0.015468 0.012512
0.015718 0.012329
0.015968 0.012147
0.016217 0.011965
0.016467 0.011785
0.016716 0.011606
0.016965 0.011427
0.017214 0.011250
0.017463 0.011073
0.017712 0.010898
0.017960 0.010724
0.018208 0.010750
0.018457 0.010378
0.018705 0.010207
0.018953 0.010037
0.019201 0.009868
0.019448 0.009700
0.019696 0.009534
0.019943 0.009368
0.020191 0.009203
0.020438 0.009040
0.020685 0.008878
0.020932 0.008716
0.021178 0.008556
0.021425 0.008398
0.021672 0.008240
0.021918 0.008083
0.022164 0.007928
0.022410 0.007774
0.022656 0.007621
0.022902 0.007469
0.023147 0.007319
0.023393 0.007170
0.023638 0.007022
0.023884 0.006875
0.024129 0.006730
0.024374 0.006585
0.024619 0.006442
0.024863 0.006301
0.025108 0.006160
0.025352 0.006021
0.025597 0.005884
0.025841 0.005747
0.026085 0.005612
0.026329 0.005478
0.026573 0.005346
0.026816 0.005215
0.027060 0.005085
0.027303 0.004957
0.027547 0.004830
0.027790 0.004705
0.028033 0.004581
0.028276 0.004655
0.028518 0.004528
0.028761 0.004403
0.029003 0.004280
0.029246 0.004157
0.029488 0.004037
0.029730 0.003918
0.029972 0.003800
0.030214 0.003684
0.030456 0.003570
0.030697 0.003457
0.030939 0.003204
0.031180 0.003099
0.031421 0.002995
0.031662 0.003089
0.031903 0.002982
0.032144 0.002876
0.032385 0.002772
0.032625 0.002670
0.032866 0.002570
0.033106 0.002471
0.033346 0.002374
0.033586 0.002279
0.033826 0.002185
0.034066 0.001960
0.034306 0.001875
0.034546 0.001792
0.034785 0.001711
0.035024 0.001828
0.035263 0.001741
0.035503 0.001656
0.035741 0.001573
0.035980 0.001491
0.036219 0.001412
0.036458 0.001334
0.036696 0.001259
0.036934 0.001185
0.037173 0.001114
0.037411 0.001044
0.037649 0.000976
0.037886 0.000911
0.038124 0.000847
0.038362 0.000785
0.038599 0.000784
0.038837 0.000722
0.039074 0.000663
0.039311 0.000605
0.039548 0.000550
0.039785 0.000497
0.040022 0.000447
0.040258 0.000398
0.040495 0.000352
0.040731 0.000309
0.040967 0.000267
0.041204 0.000229
0.041440 0.000192
0.041675 0.000158
0.041911 0.000126
0.042147 0.000148
0.042382 0.000114
0.042618 0.000084
0.042853 0.000057
0.043088 0.000033
0.043324 0.000012
0.043559 -0.000008
0.043793 -0.000035
0.043911 0.000000
0.044028 -0.000037
0.044263 -0.000032
0.044498 -0.000029
0.044733 -0.000024
0.044968 -0.000067
0.045204 -0.000064
0.045439 -0.000059
0.045675 -0.000051
0.045910 -0.000041
0.046146 -0.000028
0.046382 -0.000013
0.046618 0.000006
0.046854 0.000026
0.047090 0.000050
0.047327 0.000076
0.047563 0.000105
0.047800 0.000137
0.048037 0.000171
0.048273 0.000208
0.048510 0.000179
0.048748 0.000217
0.048985 0.000257
0.049222 0.000299
0.049460 0.000345
0.049697 0.000392
0.049935 0.000443
0.050173 0.000496
0.050411 0.000552
0.050649 0.000610
0.050887 0.000671
0.051125 0.000735
0.051364 0.000802
0.051602 0.000871
0.051841 0.000943
0.052080 0.001018
0.052319 0.001002
0.052558 0.001077
0.052797 0.001156
0.053036 0.001237
0.053276 0.001321
0.053516 0.001408
0.053755 0.001497
0.053995 0.001589
0.054235 0.001684
0.054475 0.001782
0.054715 0.001883
0.054956 0.001987
0.055196 0.002015
0.055437 0.002121
0.055677 0.002230
0.055918 0.002342
0.056159 0.002457
0.056400 0.002574
0.056641 0.002695
0.056883 0.002818
0.057124 0.002945
0.057366 0.003074
0.057607 0.003206
0.057849 0.003342
0.058091 0.003480
0.058333 0.003621
0.058576 0.003766
0.058818 0.003913
0.059060 0.004064
0.059303 0.004218
0.059546 0.004170
0.059789 0.004323
0.060032 0.004479
0.060275 0.004639
0.060518 0.004801
0.060762 0.004966
0.061005 0.005135
0.061249 0.005306
0.061493 0.005481
0.061736 0.005659
0.061981 0.005840
0.062225 0.006025
0.062469 0.006212
0.062714 0.006403
0.062958 0.006597
0.063203 0.006795
0.063448 0.006995
0.063693 0.007199
0.063938 0.007407
0.064183 0.007617
0.064428 0.007832
0.064674 0.008049
0.064920 0.008270
0.065165 0.008494
0.065411 0.008722
0.065657 0.008953
0.065904 0.009188
0.066150 0.009426
0.066396 0.009668
0.066643 0.009913
0.066890 0.010162
0.067137 0.010415
0.067384 0.010671
0.067631 0.010931
0.067878 0.011194
0.068126 0.011461
0.068373 0.011732
0.068621 0.012006
0.068869 0.012285
0.069117 0.012724
0.069365 0.013014
0.069613 0.013307
0.069861 0.013603
0.070110 0.013904
0.070359 0.014209
0.070607 0.014517
0.070856 0.014830
0.071105 0.015146
0.071355 0.015467
0.071604 0.015791
0.071854 0.016120
0.072103 0.016251
0.072353 0.016584
0.072603 0.016921
0.072853 0.017261
0.073103 0.017606
0.073354 0.017955
0.073604 0.018309
0.073855 0.018666
0.074106 0.019027
0.074356 0.019393
0.074608 0.019763
0.074859 0.020137
0.075110 0.020516
0.075362 0.020898
0.075613 0.021286
0.075865 0.021677
0.076117 0.022073
0.076369 0.022473
0.076621 0.022877
0.076874 0.023286
0.077126 0.023700
0.077379 0.024118
0.077632 0.024540
0.077885 0.024967
0.078138 0.025398
0.078391 0.025834
0.078645 0.026275
0.078898 0.026720
0.079152 0.027170
0.079406 0.027625
0.079660 0.028084
0.079914 0.028548
0.080168 0.029171
0.080423 0.029647
0.080677 0.030127
0.080932 0.030613
0.081187 0.031103
0.081442 0.031598
0.081697 0.032098
0.081952 0.032603
0.082208 0.033113
0.082464 0.033627
0.082719 0.034147
0.082975 0.034672
0.083231 0.035202
0.083488 0.035737
0.083744 0.036277
0.084001 0.036822
0.084257 0.037372
0.084514 0.037928
0.084771 0.038287
0.085029 0.038850
0.085286 0.039418
0.085543 0.039992
0.085801 0.040571
0.086059 0.041155
0.086317 0.041744
0.086575 0.042339
0.086833 0.042939
0.087092 0.043544
0.087350 0.044155
0.087609 0.044771
0.087868 0.045393
0.088127 0.046020
0.088386 0.046653
0.088645 0.047291
0.088905 0.047935
0.089165 0.048585
0.089425 0.049240
0.089685 0.049901
0.089945 0.050567
0.090205 0.051239
0.090466 0.051917
0.090726 0.052601
0.090987 0.053290
0.091248 0.053985
0.091509 0.054686
0.091770 0.055393
0.092032 0.056106
0.092293 0.056825
0.092555 0.057550
0.092817 0.058280
0.093079 0.059017
0.093342 0.059760
0.093604 0.060508
0.093867 0.061263
0.094129 0.062024
0.094392 0.062791
0.094655 0.063564
0.094919 0.064344
0.095182 0.065129
0.095446 0.065921
0.095709 0.066719
0.095973 0.067524
0.096237 0.068334
0.096502 0.069152
0.096766 0.069975
0.097031 0.070805
0.097295 0.071641
0.097560 0.072484
0.097825 0.073333
0.098091 0.074189
0.098356 0.075052
0.098622 0.075921
0.098888 0.076796
0.099154 0.077679
0.099420 0.078568
0.099686 0.079463
0.099952 0.080366
0.100219 0.081275
0.100486 0.082191
0.100753 0.083113
0.101020 0.084043
0.101287 0.084979
0.101555 0.085923
0.101822 0.086873
0.102090 0.087830
0.102358 0.088794
0.102627 0.089766
0.102895 0.090744
0.103163 0.091729
0.103432 0.092722
0.103701 0.093721
0.103970 0.094728
0.104239 0.095742
0.104509 0.096764
0.104778 0.097792
0.105048 0.098828
0.105318 0.099871
0.105588 0.100922
0.105859 0.101979
0.106129 0.103045
0.106400 0.104118
0.106671 0.105351
0.106942 0.106440
0.107213 0.107537
0.107484 0.108642
0.107756 0.109754
0.108028 0.110874
0.108300 0.112002
0.108572 0.113137
0.108844 0.114280
0.109117 0.115431
0.109389 0.116590
0.109662 0.117756
0.109935 0.118931
0.110208 0.120113
0.110482 0.121303
0.110755 0.122501
0.111029 0.123708
0.111303 0.124922
0.111577 0.126144
0.111852 0.127374
0.112126 0.128613
0.112401 0.129860
0.112676 0.131115
0.112951 0.132378
0.113226 0.133448
0.113502 0.134725
0.113778 0.136011
0.114053 0.137305
0.114329 0.138607
0.114606 0.139918
0.114882 0.141237
0.115159 0.142565
0.115436 0.143901
0.115713 0.145246
0.115990 0.146599
0.116267 0.147961
0.116545 0.149396
0.116823 0.150776
0.117101 0.152164
0.117379 0.153562
0.117657 0.154968
0.117936 0.156383
0.118215 0.157807
0.118493 0.159240
0.118773 0.160682
0.119052 0.162132
0.119332 0.163592
0.119611 0.165061
0.119891 0.166538
0.120171 0.168025
0.120452 0.169521
0.120732 0.171026
0.121013 0.172540
0.121294 0.174063
0.121575 0.175596
0.121857 0.177138
0.122138 0.178689
0.122420 0.180250
0.122702 0.181820
0.122984 0.183399
0.123266 0.184988
0.123549 0.186587
0.123832 0.188195
0.124115 0.189812
0.124398 0.191440
0.124681 0.193076
0.124965 0.194723
0.125249 0.196379
0.125533 0.198045
0.125817 0.199721
0.126101 0.201406
0.126386 0.203102
0.126671 0.204807
0.126956 0.206522
0.127241 0.208247
0.127527 0.209983
0.127813 0.211728
0.128098 0.213483
0.128385 0.215248
0.128671 0.217024
0.128957 0.218810
0.129244 0.220605
0.129531 0.222412
0.129818 0.224228
0.130106 0.226055
0.130393 0.227892
0.130681 0.229739
0.130969 0.231597
0.131258 0.233466
0.131546 0.235344
0.131835 0.237234
0.132124 0.239134
0.132413 0.241044
0.132702 0.242966
0.132992 0.244897
0.133282 0.246840
0.133572 0.248793
0.133862 0.250758
0.134152 0.252733
0.134443 0.254719
0.134734 0.256715
0.135025 0.258723
0.135317 0.260742
0.135608 0.262771
0.135900 0.264812
0.136192 0.266864
0.136484 0.268927
0.136777 0.271001
0.137070 0.273086
0.137363 0.275182
0.137656 0.277290
0.137949 0.279408
0.138243 0.281539
0.138537 0.283680
0.138831 0.285833
0.139125 0.287997
0.139420 0.290173
0.139714 0.292360
0.140009 0.294558
0.140305 0.296768
0.140600 0.298989
0.140896 0.301222
0.141192 0.303467
0.141488 0.305723
0.141785 0.307990
0.142081 0.310269
0.142378 0.312559
0.142675 0.314861
0.142973 0.317175
0.143270 0.319501
0.143568 0.321839
0.143866 0.324189
0.144165 0.326552
0.144463 0.328929
0.144762 0.331319
0.145061 0.333723
0.145360 0.336142
0.145660 0.338574
0.145960 0.341021
0.146260 0.343481
0.146560 0.345955
0.146861 0.348444
0.147161 0.350943
0.147462 0.353254
0.147764 0.355768
0.148065 0.358294
0.148367 0.360833
0.148669 0.363385
0.148971 0.365950
0.149274 0.368607
0.149577 0.371202
0.149880 0.373809
0.150183 0.376430
0.150487 0.379064
0.150790 0.381710
0.151094 0.384370
0.151399 0.387043
0.151703 0.389729
0.152008 0.392430
0.152313 0.395142
0.152618 0.397866
0.152924 0.400605
0.153230 0.403356
0.153536 0.406122
0.153842 0.408901
0.154149 0.411693
0.154456 0.414499
0.154763 0.417319
0.155071 0.420152
0.155378 0.422999
0.155686 0.425860
0.155994 0.428734
0.156303 0.431623
0.156612 0.434523
0.156921 0.437439
0.157230 0.440368
0.157539 0.443311
0.157849 0.446267
0.158159 0.449238
0.158470 0.452223
0.158780 0.455225
0.159091 0.458038
0.159402 0.461063
0.159714 0.464102
0.160026 0.467155
0.160338 0.470223
0.160650 0.473305
0.160962 0.476589
0.161275 0.479645
0.161588 0.482638
0.161902 0.485778
0.162215 0.488933
0.162529 0.492102
0.162844 0.495287
0.163158 0.498485
0.163473 0.501787
0.166637 0.534768
0.166955 0.538149
0.167273 0.541545
0.167591 0.544956
0.167910 0.548379
0.168229 0.551819
0.168549 0.555276
0.168868 0.558749
0.169189 0.562238
0.169509 0.565743
0.169829 0.569263
0.170150 0.572799
0.170472 0.576351
0.170793 0.579920
0.171115 0.583507
0.171437 0.587106
0.171759 0.590721
0.172082 0.594352
0.172405 0.597999
0.172729 0.601663
0.173052 0.605343
0.173376 0.609038
0.173700 0.612754
0.174025 0.616478
0.174350 0.620244
0.174675 0.624016
0.175001 0.627799
0.175326 0.631602
0.175653 0.635417
0.175979 0.639192
0.176306 0.643088
0.176633 0.646775
0.176960 0.650652
0.177288 0.654546
0.177616 0.658589
0.177944 0.662520
0.178273 0.666500
0.178602 0.670487
0.178931 0.674270
0.179261 0.678266
0.179591 0.682279
0.179921 0.686397
0.180252 0.690543
0.180583 0.694421
0.180914 0.698590
0.181246 0.702687
0.181578 0.706720
0.181910 0.710854
0.182243 0.715091
0.182576 0.719261
0.182909 0.723449
0.183243 0.727655
0.183577 0.731877
0.183911 0.736118
0.184246 0.740380
0.184581 0.744653
0.184916 0.748949
0.185252 0.753260
0.185588 0.757504
0.185924 0.761940
0.186261 0.766307
0.186598 0.770692
0.186935 0.775096
0.187273 0.779518
0.187611 0.783958
0.187949 0.788416
0.188288 0.792894
0.188627 0.797389
0.188967 0.801903
0.189307 0.806436
0.189647 0.810988
0.189988 0.815558
0.190328 0.820148
0.190670 0.824756
0.191011 0.829383
0.191353 0.834029
0.191696 0.838694
0.192039 0.843378
0.192382 0.848081
0.192725 0.852803
0.193069 0.857545
0.193413 0.862306
0.193758 0.867087
0.194103 0.871886
0.194448 0.876706
0.194794 0.881544
0.195140 0.886403
0.195486 0.891281
0.195833 0.896179
0.196181 0.901096
0.196528 0.906034
0.196876 0.910991
0.197224 0.915968
0.197573 0.920965
0.197922 0.925982
0.198272 0.931019
0.198622 0.936077
0.198972 0.941155
0.199323 0.946253
0.199674 0.951371
0.200025 0.956510
0.200377 0.961669
0.200730 0.966848
0.201082 0.972048
0.201435 0.977269
0.201789 0.982510
0.202143 0.987772
0.202497 0.993056
0.202852 0.998358
0.203207 1.003683
0.203562 1.009029
0.203918 1.014395
0.204274 1.019783
0.204631 1.025192
0.204988 1.030623
0.205346 1.036074
0.205704 1.041547
0.206062 1.047042
0.206421 1.052557
0.206780 1.058095
0.207140 1.063659
0.207500 1.069239
0.207860 1.074841
0.208221 1.080466
0.208582 1.086111
0.208944 1.091779
0.209306 1.097468
0.209669 1.103180
0.210032 1.108911
0.210396 1.114668
0.210760 1.120446
0.211124 1.126247
0.211489 1.132072
0.211854 1.137918
0.212220 1.143787
0.212586 1.149677
0.212952 1.155591
0.213319 1.161528
0.213687 1.167487
0.214055 1.173469
0.214423 1.179474
0.214792 1.185501
0.215161 1.191552
0.215531 1.197626
0.215901 1.203723
0.216272 1.209843
0.216643 1.215987
0.217015 1.222159
0.217387 1.228350
0.217759 1.234565
0.218132 1.240803
0.218506 1.247065
0.218880 1.253351
0.219254 1.259661
0.219629 1.265994
0.220005 1.272352
0.220380 1.278734
0.220757 1.285139
0.221134 1.291569
0.221511 1.298024
0.221889 1.304502
0.222267 1.311006
0.222646 1.317533
0.223025 1.324085
0.223405 1.330662
0.223785 1.337264
0.224166 1.343891
0.224547 1.350542
0.224929 1.357218
0.225311 1.363920
0.225694 1.370646
0.226077 1.377398
0.226461 1.384175
0.226846 1.390978
0.227230 1.397806
0.227616 1.404659
0.228002 1.411538
0.228388 1.418443
0.228775 1.425373
0.229162 1.432330
0.229550 1.439312
0.229939 1.446321
0.230328 1.453355
0.230718 1.460416
0.231108 1.467503
0.231498 1.474617
0.231890 1.481756
0.232281 1.488923
0.232674 1.496116
0.233067 1.503336
0.233460 1.510583
0.233854 1.517856
0.234249 1.525157
0.234644 1.532484
0.235039 1.539839
0.235435 1.547221
0.235832 1.554631
0.236230 1.562067
0.236627 1.569532
0.237026 1.577024
0.237425 1.584544
0.237825 1.592091
0.238225 1.599667
0.238626 1.607270
0.239027 1.614902
0.239429 1.622562
0.239831 1.630250
0.240235 1.637966
0.240638 1.645711
0.241043 1.653485
0.241448 1.661287
0.241853 1.669118
0.242259 1.676978
0.242666 1.684867
0.243074 1.692786
0.243482 1.700733
0.243890 1.708709
0.244299 1.716715
0.244709 1.724751
0.245120 1.732816
0.245531 1.740909
0.245943 1.749034
0.246355 1.757189
0.246768 1.765374
0.247182 1.773588
0.247596 1.781834
0.248011 1.790109
0.248426 1.798415
0.248843 1.806752
0.249260 1.815119
0.249677 1.823518
0.250095 1.831947
0.250514 1.840407
0.250934 1.848898
0.251354 1.857421
0.251775 1.865975
0.252197 1.874561
0.252619 1.883178
0.253042 1.891827
0.253465 1.900508
0.253890 1.909221
0.254315 1.917966
0.254741 1.926744
0.255167 1.935554
0.255594 1.944396
0.256022 1.953271
0.256450 1.962178
0.256880 1.971119
0.257310 1.980092
0.257740 1.989098
0.258172 1.998137
0.258604 2.007210
0.259037 2.016316
0.259471 2.025456
0.259905 2.034429
0.260340 2.043635
0.260776 2.052875
0.261213 2.062150
0.261650 2.071458
0.262088 2.080801
0.262527 2.090179
0.262967 2.099592
0.263407 2.109039
0.263848 2.118522
0.264291 2.128039
0.264733 2.137592
0.265177 2.147181
0.265621 2.156805
0.266066 2.166465
0.266512 2.176161
0.266959 2.185893
0.267407 2.195661
0.267855 2.205465
0.268305 2.215307
0.268755 2.225184
0.269206 2.235099
0.269657 2.245051
0.270110 2.255040
0.270563 2.265066
0.271018 2.275130
0.271473 2.285232
0.271929 2.295371
0.272385 2.305549
0.272843 2.315764
0.273302 2.326019
0.273761 2.336359
0.274222 2.346690
0.274683 2.357061
0.275145 2.367471
0.275608 2.377920
0.276072 2.388408
0.276537 2.398936
0.277002 2.409504
0.277469 2.420112
0.277937 2.430760
0.278405 2.441449
0.278875 2.452178
0.279345 2.462948
0.279816 2.473759
0.280289 2.484611
0.280762 2.495505
0.281236 2.506440
0.281711 2.517417
0.282188 2.528436
0.282665 2.539497
0.283143 2.550601
0.283622 2.561748
0.284102 2.572937
0.284583 2.584169
0.285066 2.595445
0.285549 2.606764
0.286033 2.618127
0.286518 2.629534
0.287004 2.640985
0.287492 2.652481
0.287980 2.664021
0.288470 2.675606
0.288960 2.687237
0.289452 2.698913
0.289944 2.710634
0.290438 2.722401
0.290933 2.734215
0.291429 2.746075
0.291926 2.757982
0.292424 2.769935
0.292923 2.781936
0.293424 2.793984
0.293925 2.806080
0.294428 2.818223
0.294932 2.830417
0.295437 2.842657
0.295943 2.854946
0.296451 2.867285
0.296959 2.879673
0.297469 2.892110
0.297980 2.904598
0.298492 2.917135
0.299006 2.929723
0.299521 2.942362
0.300036 2.955054
0.300554 2.967796
0.301072 2.980589
0.301592 2.993434
0.302113 3.006332
0.302635 3.019283
0.303159 3.032286
0.303683 3.045344
0.304210 3.058455
0.304737 3.071620
0.305266 3.084839
0.305796 3.098114
0.306328 3.111443
0.306861 3.124828
0.307395 3.138268
0.307931 3.151765
0.308468 3.165319
0.309006 3.178930
0.309546 3.192598
0.310088 3.206324
0.310630 3.220108
0.311175 3.233951
0.311720 3.247852
0.312268 3.261813
0.312816 3.275835
0.313367 3.289916
0.313918 3.304058
0.314472 3.318261
0.315026 3.332525
0.315583 3.346852
0.316141 3.361241
0.316700 3.375693
0.317261 3.390208
0.317824 3.404787
0.318388 3.419429
0.318954 3.434137
0.319522 3.448909
0.320091 3.463747
0.320662 3.478652
0.321235 3.493623
0.321809 3.508661
0.322385 3.523767
0.322963 3.538941
0.323543 3.554184
0.324124 3.569497
0.324708 3.584880
0.325292 3.600333
0.325879 3.615858
0.326468 3.631454
0.327059 3.647124
0.327651 3.662866
0.328245 3.678682
0.328841 3.694572
0.329440 3.710537
0.330040 3.726578
0.330642 3.742695
0.331246 3.758889
0.331852 3.775162
0.332460 3.791512
0.333070 3.807942
0.333682 3.824452
0.334297 3.841042
0.334913 3.857714
0.335532 3.874468
0.336152 3.891305
0.336775 3.908227
0.337400 3.925084
0.338028 3.942167
0.338657 3.959335
0.339289 3.976590
0.339923 3.993932
0.340560 4.011363
0.341199 4.028882
0.341840 4.046491
0.342484 4.064191
0.343130 4.081983
0.343778 4.099867
0.344429 4.117846
0.345083 4.135919
0.345739 4.154086
0.346398 4.172353
0.347059 4.190716
0.347723 4.209178
0.348389 4.227740
0.349059 4.246403
0.349731 4.265168
0.350405 4.284037
0.351083 4.303010
0.351763 4.322088
0.352447 4.341273
0.353133 4.360567
0.353822 4.379970
0.354514 4.399484
0.355210 4.419110
0.355908 4.438849
0.356609 4.458704
0.357314 4.478674
0.358022 4.498762
0.358733 4.518970
0.359447 4.539299
0.360164 4.559750
0.360885 4.580324
0.361610 4.601024
0.362338 4.621850
0.363069 4.642807
0.363804 4.663897
0.364543 4.685115
0.365285 4.706469
0.366031 4.727959
0.366781 4.749591
0.367534 4.771359
0.368292 4.793272
0.369054 4.815327
0.369819 4.837529
0.370589 4.859673
0.371363 4.882167
0.372141 4.904861
0.372923 4.927664
0.373710 4.950626
0.374501 4.973748
0.375297 4.997032
0.376098 5.020483
0.376903 5.044101
0.377713 5.067891
0.378527 5.091854
0.379347 5.115995
0.380172 5.140316
0.381002 5.164821
0.381837 5.189512
0.382677 5.214394
0.383523 5.239469
0.384375 5.264741
0.385232 5.290215
0.386095 5.315894
0.386963 5.341781
0.387838 5.367881
0.388719 5.394198
0.389606 5.420738
0.390500 5.447504
0.391400 5.474501
0.392307 5.501734
0.393221 5.529209
0.394141 5.556930
0.395069 5.584903
0.396004 5.613133
0.396947 5.641645
0.397898 5.670411
0.398856 5.699453
0.399822 5.728775
0.400797 5.758398
0.401780 5.788313
0.402772 5.818536
0.403773 5.849072
0.404783 5.879779
0.405803 5.910958
0.406832 5.942475
0.407871 5.974342
0.408921 6.006567
0.409982 6.039162
0.411053 6.072138
0.412136 6.105505
0.413230 6.139278
0.414337 6.173468
0.415456 6.208090
0.416588 6.243156
0.417733 6.278690
0.418892 6.314699
0.420066 6.351202
0.421255 6.388221
0.422459 6.425767
0.423679 6.463870
0.424916 6.502476
0.426171 6.541759
0.427444 6.581676
0.428736 6.622246
0.430048 6.663501
0.431382 6.705466
0.432737 6.748188
0.434115 6.791700
0.435518 6.836043
0.436947 6.881263
0.438403 6.927409
0.439887 6.974535
0.441402 7.022701
0.442950 7.071977
0.444533 7.122437
0.446153 7.174166
0.447813 7.227039
0.449516 7.281564
0.451265 7.337668
0.453066 7.395487
0.454922 7.455178
0.456839 7.516993
0.458823 7.581014
0.460882 7.647563
0.463025 7.716946
0.465264 7.789454
0.467612 7.865793
0.470087 7.946344
0.472713 8.031868
0.475520 8.123656
0.478553 8.222936
0.481877 8.331967
0.485595 8.454243
0.489896 8.596026
0.495187 8.770938
0.502872 9.025936
