-0.743431 4.057928
-0.702020 2.885853
-0.673509 2.260981
-0.650334 1.842970
-0.630294 1.537146
-0.612383 1.301911
-0.596039 1.114994
-0.580911 0.963017
-0.566762 0.837307
-0.553423 0.731896
-0.540770 0.642602
-0.528707 0.566465
-0.517157 0.500713
-0.506061 0.443739
-0.495369 0.394109
-0.485040 0.350676
-0.475038 0.312516
-0.465336 0.278871
-0.455907 0.249114
-0.446730 0.222727
-0.437785 0.199270
-0.429055 0.178375
-0.420527 0.159727
-0.412186 0.143056
-0.404020 0.128085
-0.396020 0.114901
-0.388175 0.102883
-0.380476 0.092089
-0.372917 0.082386
-0.365489 0.073660
-0.358186 0.065806
-0.351001 0.058736
-0.343930 0.052370
-0.336967 0.046637
-0.330106 0.041474
-0.323345 0.036825
-0.316678 0.032585
-0.310102 0.029015
-0.303613 0.025613
-0.297208 0.022556
-0.290883 0.019811
-0.284636 0.017349
-0.278464 0.015143
-0.272364 0.013170
-0.266333 0.011408
-0.260370 0.009837
-0.254473 0.008440
-0.248638 0.007200
-0.242864 0.006104
-0.237150 0.005136
-0.231493 0.004287
-0.225892 0.003544
-0.220345 0.002897
-0.214850 0.002338
-0.209407 0.001956
-0.204013 0.001525
-0.198668 0.001162
-0.193370 0.000860
-0.188118 0.000613
-0.182910 0.000416
-0.177746 0.000262
-0.172625 0.000148
-0.167544 0.000069
-0.162505 0.000021
-0.157505 0.000001
-0.152543 0.000005
-0.147620 0.000031
-0.142733 0.000075
-0.137882 0.000134
-0.133067 0.000208
-0.128286 0.000293
-0.123539 0.000387
-0.118825 0.000490
-0.114143 0.000598
-0.109493 0.000711
-0.104874 0.000828
-0.100286 0.000946
-0.095727 0.001066
-0.091198 0.001185
-0.086698 0.001304
-0.082226 0.001421
-0.077781 0.001535
-0.073364 0.001646
-0.068973 0.001753
-0.064609 0.001856
-0.060270 0.001954
-0.055957 0.002047
-0.051669 0.002134
-0.047404 0.002101
-0.043164 0.002172
-0.038948 0.002237
-0.034755 0.002296
-0.030585 0.002349
-0.026437 0.002395
-0.022311 0.002435
-0.018207 0.002467
-0.014125 0.002494
-0.010063 0.002513
-0.006023 0.002526
-0.002003 0.002533
0.002003 0.002533
0.006023 0.002526
0.010063 0.002513
0.014125 0.002494
0.018207 0.002467
0.022311 0.002435
0.026437 0.002395
0.030585 0.002349
0.034755 0.002296
0.038948 0.002237
0.043164 0.002172
0.047404 0.002101
0.051669 0.002134
0.055957 0.002047
0.060270 0.001954
0.064609 0.001856
0.068973 0.001753
0.073364 0.001646
0.077781 0.001535
0.082226 0.001421
0.086698 0.001304
0.091198 0.001185
0.095727 0.001066
0.100286 0.000946
0.104874 0.000828
0.109493 0.000711
0.114143 0.000598
0.118825 0.000490
0.123539 0.000387
0.128286 0.000293
0.133067 0.000208
0.137882 0.000134
0.142733 0.000075
0.147620 0.000031
0.152543 0.000005
0.155985 0.000000
0.157505 0.000001
0.162505 0.000021
0.167544 0.000069
0.172625 0.000148
0.177746 0.000262
0.182910 0.000416
0.188118 0.000613
0.193370 0.000860
0.198668 0.001162
0.204013 0.001525
0.209407 0.001956
0.214850 0.002338
0.220345 0.002897
0.225892 0.003544
0.231493 0.004287
0.237150 0.005136
0.242864 0.006104
0.248638 0.007200
0.254473 0.008440
0.260370 0.009837
0.266333 0.011408
0.272364 0.013170
0.278464 0.015143
0.284636 0.017349
0.290883 0.019811
0.297208 0.022556
0.303613 0.025613
0.310102 0.029015
0.316678 0.032585
0.323345 0.036825
0.330106 0.041474
0.336967 0.046637
0.343930 0.052370
0.351001 0.058736
0.358186 0.065806
0.365489 0.073660
0.372917 0.082386
0.380476 0.092089
0.388175 0.102883
0.396020 0.114901
0.404020 0.128085
0.412186 0.143056
0.420527 0.159727
0.429055 0.178375
0.437785 0.199270
0.446730 0.222727
0.455907 0.249114
0.465336 0.278871
0.475038 0.312516
0.485040 0.350676
0.495369 0.394109
0.506061 0.443739
0.517157 0.500713
0.528707 0.566465
0.540770 0.642602
0.553423 0.731896
0.566762 0.837307
0.580911 0.963017
0.596039 1.114994
0.612383 1.301911
0.630294 1.537146
0.650334 1.842970
0.673509 2.260981
0.702020 2.885853
0.743431 4.057928
