-0.160703 0.570605
-0.157723 0.518746
-0.155671 0.484987
-0.154004 0.458718
-0.152562 0.436851
-0.151273 0.417970
-0.150097 0.401286
-0.149009 0.386213
-0.147991 0.372609
-0.147031 0.360140
-0.146120 0.348630
-0.145252 0.337942
-0.144421 0.327972
-0.143623 0.318633
-0.142854 0.309856
-0.142110 0.301583
-0.141391 0.293764
-0.140693 0.286460
-0.140014 0.279436
-0.139354 0.272758
-0.138710 0.266399
-0.138082 0.260336
-0.137469 0.254546
-0.136868 0.249012
-0.136281 0.243717
-0.135705 0.238645
-0.135141 0.233784
-0.134587 0.229121
-0.134043 0.224644
-0.133508 0.220343
-0.132983 0.216210
-0.132466 0.212234
-0.131957 0.208409
-0.131456 0.204726
-0.130963 0.201180
-0.130476 0.197763
-0.129996 0.194469
-0.129523 0.191294
-0.129056 0.188232
-0.128595 0.185278
-0.128140 0.182428
-0.127691 0.179678
-0.127247 0.177022
-0.126808 0.174458
-0.126374 0.171982
-0.125945 0.169591
-0.125521 0.167282
-0.125101 0.165051
-0.124685 0.162896
-0.124274 0.160814
-0.123867 0.158802
-0.123464 0.156858
-0.123065 0.154980
-0.122670 0.153165
-0.122278 0.151412
-0.121890 0.149718
-0.121505 0.148081
-0.121124 0.146500
-0.120746 0.144973
-0.120371 0.143497
-0.120000 0.142073
-0.119631 0.140696
-0.119266 0.139368
-0.118903 0.138085
-0.118543 0.136847
-0.118186 0.135652
-0.117832 0.134499
-0.117481 0.133387
-0.117131 0.132314
-0.116785 0.131280
-0.116441 0.130283
-0.116099 0.129323
-0.115760 0.128397
-0.115423 0.127506
-0.115089 0.126649
-0.114756 0.125823
-0.114426 0.125029
-0.114098 0.124266
-0.113772 0.123533
-0.113449 0.122828
-0.113127 0.122152
-0.112807 0.121503
-0.112489 0.120881
-0.112173 0.120285
-0.111859 0.119714
-0.111547 0.119168
-0.111237 0.118646
-0.110928 0.118148
-0.110621 0.117672
-0.110316 0.117218
-0.110013 0.116786
-0.109711 0.116375
-0.109411 0.115984
-0.109113 0.115613
-0.108816 0.115262
-0.108521 0.114930
-0.108227 0.114616
-0.107935 0.114320
-0.107644 0.114042
-0.107355 0.113781
-0.107067 0.113536
-0.106780 0.113308
-0.106495 0.113095
-0.106212 0.112898
-0.105930 0.112716
-0.105649 0.112548
-0.105369 0.112395
-0.105091 0.112256
-0.104814 0.112130
-0.104538 0.112017
-0.104264 0.111917
-0.103991 0.111830
-0.103719 0.111755
-0.103448 0.111691
-0.103178 0.111639
-0.102910 0.111599
-0.102643 0.111569
-0.102377 0.111550
-0.102112 0.111542
-0.101848 0.111544
-0.101585 0.111555
-0.101324 0.111576
-0.101063 0.111607
-0.100803 0.111646
-0.100545 0.111695
-0.100288 0.111752
-0.100031 0.111817
-0.099776 0.111891
-0.099521 0.111972
-0.099268 0.112061
-0.099016 0.112158
-0.098764 0.112262
-0.098514 0.112373
-0.098264 0.112491
-0.098015 0.112616
-0.097768 0.112747
-0.097521 0.112885
-0.097275 0.113028
-0.097030 0.113178
-0.096786 0.113333
-0.096543 0.113494
-0.096300 0.113661
-0.096059 0.113832
-0.095818 0.114009
-0.095578 0.114191
-0.095339 0.114378
-0.095101 0.114569
-0.094864 0.114765
-0.094627 0.114965
-0.094391 0.115169
-0.094156 0.115378
-0.093922 0.115590
-0.093689 0.115806
-0.093456 0.116026
-0.093224 0.116250
-0.092993 0.116476
-0.092762 0.116707
-0.092533 0.116940
-0.092304 0.117177
-0.092075 0.117416
-0.091848 0.117658
-0.091621 0.117903
-0.091395 0.118151
-0.091170 0.118401
-0.090945 0.118653
-0.090721 0.118908
-0.090497 0.119165
-0.090275 0.119424
-0.090053 0.119685
-0.089831 0.119949
-0.089610 0.120213
-0.089390 0.120480
-0.089171 0.120748
-0.088952 0.121018
-0.088734 0.121289
-0.088516 0.121562
-0.088299 0.121836
-0.088083 0.122111
-0.087867 0.122388
-0.087652 0.122665
-0.087438 0.122944
-0.087224 0.123223
-0.087010 0.123503
-0.086798 0.123784
-0.086585 0.124067
-0.086374 0.124349
-0.086163 0.124632
-0.085952 0.124915
-0.085742 0.125199
-0.085533 0.125483
-0.085324 0.125767
-0.085116 0.126052
-0.084908 0.126337
-0.084701 0.126622
-0.084495 0.126907
-0.084288 0.127192
-0.084083 0.127477
-0.083878 0.127762
-0.083673 0.128047
-0.083469 0.128332
-0.083266 0.128616
-0.083063 0.128900
-0.082860 0.129184
-0.082658 0.129468
-0.082457 0.129751
-0.082256 0.130032
-0.082055 0.130314
-0.081855 0.130596
-0.081656 0.130876
-0.081456 0.131156
-0.081258 0.131436
-0.081060 0.131714
-0.080862 0.131992
-0.080665 0.132269
-0.080468 0.132545
-0.080272 0.132820
-0.080076 0.133094
-0.079881 0.133367
-0.079686 0.133639
-0.079491 0.133910
-0.079297 0.134180
-0.079103 0.134449
-0.078910 0.134717
-0.078718 0.134983
-0.078525 0.135248
-0.078333 0.135512
-0.078142 0.135775
-0.077951 0.136036
-0.077760 0.136296
-0.077570 0.136554
-0.077380 0.136812
-0.077191 0.137067
-0.077002 0.137321
-0.076813 0.137573
-0.076625 0.137824
-0.076438 0.138074
-0.076250 0.138321
-0.076063 0.138567
-0.075877 0.138811
-0.075691 0.139054
-0.075505 0.139294
-0.075319 0.139533
-0.075134 0.139693
-0.074950 0.139931
-0.074765 0.140167
-0.074582 0.140600
-0.074398 0.140830
-0.074215 0.141059
-0.074032 0.141287
-0.073850 0.141513
-0.073668 0.141737
-0.073486 0.141960
-0.073305 0.142182
-0.073124 0.142401
-0.072943 0.142620
-0.072763 0.142836
-0.072583 0.143051
-0.072404 0.143264
-0.072224 0.143475
-0.072046 0.143685
-0.071867 0.143892
-0.071689 0.144098
-0.071511 0.144302
-0.071334 0.144304
-0.071157 0.144579
-0.070980 0.144777
-0.070803 0.144973
-0.070627 0.145166
-0.070451 0.145357
-0.070276 0.145546
-0.070101 0.145733
-0.069926 0.145918
-0.069751 0.146100
-0.069577 0.146280
-0.069403 0.146458
-0.069230 0.146634
-0.069057 0.146808
-0.068884 0.146979
-0.068711 0.147149
-0.068539 0.147316
-0.068367 0.147481
-0.068195 0.147643
-0.068024 0.147804
-0.067852 0.147962
-0.067682 0.148118
-0.067511 0.148272
-0.067341 0.148424
-0.067171 0.148573
-0.067002 0.148720
-0.066832 0.148865
-0.066663 0.149007
-0.066495 0.149148
-0.066326 0.149286
-0.066158 0.149422
-0.065990 0.149555
-0.065823 0.149687
-0.065655 0.149816
-0.065488 0.149943
-0.065321 0.150067
-0.065155 0.150189
-0.064989 0.150309
-0.064823 0.150427
-0.064657 0.150542
-0.064492 0.150656
-0.064327 0.150766
-0.064162 0.150875
-0.063998 0.150981
-0.063833 0.151085
-0.063669 0.151187
-0.063506 0.151286
-0.063342 0.151384
-0.063179 0.151478
-0.063016 0.151571
-0.062853 0.151661
-0.062691 0.151749
-0.062529 0.151835
-0.062367 0.151918
-0.062205 0.151999
-0.062044 0.152078
-0.061883 0.152154
-0.061722 0.152229
-0.061561 0.152300
-0.061401 0.152370
-0.061241 0.152437
-0.061081 0.152502
-0.060921 0.152565
-0.060762 0.152626
-0.060602 0.152684
-0.060444 0.152740
-0.060285 0.152793
-0.060126 0.152844
-0.059968 0.152893
-0.059810 0.152940
-0.059653 0.152985
-0.059495 0.153027
-0.059338 0.153067
-0.059181 0.153104
-0.059024 0.153140
-0.058868 0.153173
-0.058711 0.153204
-0.058555 0.153232
-0.058399 0.153259
-0.058244 0.153283
-0.058088 0.153304
-0.057933 0.153324
-0.057778 0.153341
-0.057623 0.153356
-0.057469 0.153369
-0.057315 0.153380
-0.057161 0.153388
-0.057007 0.153394
-0.056853 0.153398
-0.056700 0.153400
-0.056546 0.153399
-0.056393 0.153397
-0.056241 0.153392
-0.056088 0.153384
-0.055936 0.153375
-0.055784 0.153364
-0.055632 0.153350
-0.055480 0.153334
-0.055329 0.153316
-0.055177 0.153296
-0.055026 0.153273
-0.054875 0.153249
-0.054725 0.153222
-0.054574 0.153193
-0.054424 0.153162
-0.054274 0.153128
-0.054124 0.153093
-0.053975 0.153055
-0.053825 0.153015
-0.053676 0.152974
-0.053527 0.152929
-0.053378 0.152883
-0.053230 0.152835
-0.053081 0.152785
-0.052933 0.152732
-0.052785 0.152678
-0.052637 0.152621
-0.052489 0.152562
-0.052342 0.152501
-0.052195 0.152438
-0.052048 0.152373
-0.051901 0.152306
-0.051754 0.152237
-0.051608 0.152166
-0.051461 0.152093
-0.051315 0.152017
-0.051169 0.151940
-0.051023 0.151861
-0.050878 0.151779
-0.050733 0.151696
-0.050587 0.151611
-0.050442 0.151523
-0.050298 0.151434
-0.050153 0.151342
-0.050008 0.151249
-0.049864 0.151153
-0.049720 0.151056
-0.049576 0.150957
-0.049432 0.150855
-0.049289 0.150752
-0.049146 0.150647
-0.049002 0.150540
-0.048859 0.150430
-0.048717 0.150319
-0.048574 0.150206
-0.048431 0.150091
-0.048289 0.149974
-0.048147 0.149855
-0.048005 0.149735
-0.047863 0.149612
-0.047722 0.149488
-0.047580 0.149362
-0.047439 0.149233
-0.047298 0.149103
-0.047157 0.148971
-0.047016 0.148838
-0.046875 0.148702
-0.046735 0.148565
-0.046595 0.148425
-0.046455 0.148284
-0.046315 0.148141
-0.046175 0.147997
-0.046035 0.147850
-0.045896 0.147702
-0.045757 0.147552
-0.045617 0.147400
-0.045478 0.147246
-0.045340 0.147091
-0.045201 0.146934
-0.045063 0.146775
-0.044924 0.146614
-0.044786 0.146452
-0.044648 0.146287
-0.044510 0.146122
-0.044373 0.145954
-0.044235 0.145785
-0.044098 0.145614
-0.043960 0.145441
-0.043823 0.145266
-0.043687 0.145090
-0.043550 0.144913
-0.043413 0.144733
-0.043277 0.144552
-0.043140 0.144369
-0.043004 0.144185
-0.042868 0.143999
-0.042733 0.143811
-0.042597 0.143622
-0.042461 0.143431
-0.042326 0.143239
-0.042191 0.143045
-0.042056 0.142849
-0.041921 0.142652
-0.041786 0.142453
-0.041651 0.142253
-0.041517 0.142051
-0.041382 0.141847
-0.041248 0.141642
-0.041114 0.141435
-0.040980 0.141227
-0.040847 0.141018
-0.040713 0.140806
-0.040580 0.140594
-0.040446 0.140380
-0.040313 0.140164
-0.040180 0.139947
-0.040047 0.139728
-0.039914 0.139508
-0.039782 0.139286
-0.039649 0.139063
-0.039517 0.138839
-0.039385 0.138613
-0.039253 0.138386
-0.039121 0.138157
-0.038989 0.137927
-0.038857 0.137695
-0.038726 0.137462
-0.038594 0.137228
-0.038463 0.136992
-0.038332 0.136755
-0.038201 0.136516
-0.038070 0.136277
-0.037940 0.136035
-0.037809 0.135901
-0.037679 0.135656
-0.037548 0.135410
-0.037418 0.135163
-0.037288 0.134915
-0.037158 0.134665
-0.037029 0.134414
-0.036899 0.134161
-0.036769 0.133907
-0.036640 0.133652
-0.036511 0.133396
-0.036382 0.133139
-0.036253 0.132880
-0.036124 0.132620
-0.035995 0.132358
-0.035867 0.132096
-0.035738 0.131832
-0.035610 0.131567
-0.035482 0.131301
-0.035354 0.131034
-0.035226 0.130765
-0.035098 0.130496
-0.034970 0.130225
-0.034843 0.129953
-0.034715 0.129680
-0.034588 0.129405
-0.034461 0.129130
-0.034333 0.128853
-0.034207 0.128576
-0.034080 0.128297
-0.033953 0.128017
-0.033826 0.127736
-0.033700 0.127454
-0.033574 0.127170
-0.033447 0.126886
-0.033321 0.126601
-0.033195 0.126314
-0.033070 0.126027
-0.032944 0.125738
-0.032818 0.125449
-0.032693 0.125158
-0.032567 0.124866
-0.032442 0.124574
-0.032317 0.124280
-0.032192 0.123986
-0.032067 0.123690
-0.031942 0.123393
-0.031818 0.123096
-0.031693 0.122797
-0.031569 0.122498
-0.031444 0.122197
-0.031320 0.121896
-0.031196 0.121593
-0.031072 0.121290
-0.030948 0.120986
-0.030824 0.120681
-0.030701 0.120375
-0.030577 0.120068
-0.030454 0.119760
-0.030331 0.119451
-0.030207 0.119142
-0.030084 0.118831
-0.029961 0.118520
-0.029839 0.118208
-0.029716 0.117895
-0.029593 0.117581
-0.029471 0.117266
-0.029348 0.116951
-0.029226 0.116634
-0.029104 0.116317
-0.028982 0.115999
-0.028860 0.115681
-0.028738 0.115361
-0.028616 0.115041
-0.028495 0.114720
-0.028373 0.114398
-0.028252 0.114076
-0.028130 0.113753
-0.028009 0.113429
-0.027888 0.113104
-0.027767 0.112778
-0.027646 0.112452
-0.027526 0.112125
-0.027405 0.111798
-0.027284 0.111470
-0.027164 0.111141
-0.027044 0.110811
-0.026923 0.110481
-0.026803 0.110150
-0.026683 0.109818
-0.026563 0.109486
-0.026443 0.109153
-0.026324 0.108820
-0.026204 0.108486
-0.026085 0.108151
-0.025965 0.107815
-0.025846 0.107480
-0.025727 0.107143
-0.025608 0.106806
-0.025489 0.106468
-0.025370 0.106130
-0.025251 0.105791
-0.025132 0.105452
-0.025014 0.105112
-0.024895 0.104772
-0.024777 0.104431
-0.024658 0.104089
-0.024540 0.103747
-0.024422 0.103405
-0.024304 0.103062
-0.024186 0.102718
-0.024069 0.102374
-0.023951 0.102030
-0.023833 0.101685
-0.023716 0.101339
-0.023598 0.100994
-0.023481 0.100647
-0.023364 0.100301
-0.023247 0.099953
-0.023130 0.099606
-0.023013 0.099258
-0.022896 0.098910
-0.022779 0.098561
-0.022663 0.098212
-0.022546 0.097862
-0.022430 0.097512
-0.022313 0.097162
-0.022197 0.096811
-0.022081 0.096460
-0.021965 0.096108
-0.021849 0.095757
-0.021733 0.095405
-0.021617 0.095052
-0.021502 0.094700
-0.021386 0.094347
-0.021270 0.093993
-0.021155 0.093640
-0.021040 0.093286
-0.020925 0.092931
-0.020809 0.092577
-0.020694 0.092222
-0.020579 0.091867
-0.020465 0.091512
-0.020350 0.091156
-0.020235 0.090801
-0.020121 0.090445
-0.020006 0.090088
-0.019892 0.089732
-0.019777 0.089375
-0.019663 0.089019
-0.019549 0.088662
-0.019435 0.088304
-0.019321 0.087947
-0.019207 0.087589
-0.019093 0.087232
-0.018980 0.086874
-0.018866 0.086516
-0.018753 0.086158
-0.018639 0.085799
-0.018526 0.085441
-0.018413 0.085082
-0.018300 0.084724
-0.018187 0.084365
-0.018074 0.084006
-0.017961 0.083647
-0.017848 0.083288
-0.017735 0.082929
-0.017623 0.082569
-0.017510 0.082210
-0.017398 0.081851
-0.017285 0.081491
-0.017173 0.081132
-0.017061 0.080773
-0.016949 0.080413
-0.016837 0.080054
-0.016725 0.079694
-0.016613 0.079335
-0.016501 0.078975
-0.016389 0.078615
-0.016278 0.078256
-0.016166 0.077896
-0.016055 0.077537
-0.015943 0.077178
-0.015832 0.076818
-0.015721 0.076459
-0.015610 0.076100
-0.015499 0.075740
-0.015388 0.075381
-0.015277 0.075022
-0.015166 0.074663
-0.015055 0.074304
-0.014945 0.073946
-0.014834 0.073587
-0.014724 0.073228
-0.014613 0.072870
-0.014503 0.072512
-0.014393 0.072153
-0.014283 0.071795
-0.014173 0.071438
-0.014063 0.071080
-0.013953 0.070722
-0.013843 0.070365
-0.013733 0.070008
-0.013624 0.069651
-0.013514 0.069294
-0.013405 0.068937
-0.013295 0.068581
-0.013186 0.068224
-0.013077 0.067868
-0.012968 0.067513
-0.012858 0.067157
-0.012749 0.066802
-0.012640 0.066447
-0.012532 0.066092
-0.012423 0.065692
-0.012314 0.065338
-0.012205 0.064985
-0.012097 0.064631
-0.011988 0.064278
-0.011880 0.063925
-0.011772 0.063573
-0.011664 0.063220
-0.011555 0.062868
-0.011447 0.062517
-0.011339 0.062165
-0.011231 0.061814
-0.011123 0.061464
-0.011016 0.061114
-0.010908 0.060764
-0.010800 0.060414
-0.010693 0.060065
-0.010585 0.059716
-0.010478 0.059368
-0.010371 0.059019
-0.010263 0.058672
-0.010156 0.058325
-0.010049 0.057978
-0.009942 0.057631
-0.009835 0.057285
-0.009728 0.056940
-0.009621 0.056594
-0.009515 0.056250
-0.009408 0.055905
-0.009301 0.055562
-0.009195 0.055218
-0.009088 0.054875
-0.008982 0.054533
-0.008876 0.054191
-0.008769 0.053850
-0.008663 0.053509
-0.008557 0.053168
-0.008451 0.052828
-0.008345 0.052489
-0.008239 0.052150
-0.008133 0.052011
-0.008028 0.051672
-0.007922 0.051333
-0.007816 0.050995
-0.007711 0.050657
-0.007606 0.050321
-0.007500 0.049984
-0.007395 0.049648
-0.007290 0.049313
-0.007184 0.048979
-0.007079 0.048645
-0.006974 0.048311
-0.006869 0.047978
-0.006764 0.047646
-0.006660 0.047315
-0.006555 0.046984
-0.006450 0.046654
-0.006346 0.046324
-0.006241 0.045995
-0.006137 0.045667
-0.006032 0.045339
-0.005928 0.045012
-0.005824 0.044686
-0.005719 0.044360
-0.005615 0.044035
-0.005511 0.043711
-0.005407 0.043387
-0.005303 0.043065
-0.005199 0.042742
-0.005096 0.042421
-0.004992 0.042100
-0.004888 0.041780
-0.004785 0.041461
-0.004681 0.041143
-0.004578 0.040825
-0.004474 0.040508
-0.004371 0.040192
-0.004268 0.039877
-0.004165 0.039562
-0.004062 0.039248
-0.003958 0.038935
-0.003855 0.038623
-0.003753 0.038311
-0.003650 0.038001
-0.003547 0.037691
-0.003444 0.037382
-0.003342 0.037074
-0.003239 0.036766
-0.003136 0.036460
-0.003034 0.036154
-0.002932 0.035849
-0.002829 0.035545
-0.002727 0.035242
-0.002625 0.034940
-0.002523 0.034639
-0.002421 0.034338
-0.002319 0.034039
-0.002217 0.033740
-0.002115 0.033443
-0.002013 0.033146
-0.001911 0.032850
-0.001809 0.032555
-0.001708 0.032261
-0.001606 0.031968
-0.001505 0.031675
-0.001403 0.031384
-0.001302 0.031094
-0.001201 0.030805
-0.001099 0.030516
-0.000998 0.030229
-0.000897 0.029942
-0.000796 0.029540
-0.000695 0.029257
-0.000594 0.028974
-0.000493 0.028693
-0.000392 0.028412
-0.000292 0.028133
-0.000191 0.027854
-0.000090 0.027577
0.000010 0.027301
0.000111 0.027025
0.000211 0.026751
0.000312 0.026478
0.000412 0.026206
0.000512 0.025934
0.000612 0.025664
0.000713 0.025395
0.000813 0.025127
0.000913 0.024860
0.001013 0.024595
0.001113 0.024330
0.001212 0.024066
0.001312 0.023804
0.001412 0.023543
0.001512 0.023282
0.001611 0.023023
0.001711 0.022765
0.001810 0.022508
0.001910 0.022253
0.002009 0.021998
0.002108 0.021745
0.002208 0.021492
0.002307 0.021241
0.002406 0.020991
0.002505 0.020743
0.002604 0.020495
0.002703 0.020249
0.002802 0.020004
0.002901 0.019760
0.002999 0.019517
0.003098 0.019275
0.003197 0.019035
0.003295 0.018796
0.003394 0.018558
0.003492 0.018321
0.003591 0.018086
0.003689 0.017851
0.003788 0.017619
0.003886 0.017387
0.003984 0.017156
0.004082 0.016927
0.004180 0.016699
0.004278 0.016473
0.004376 0.016247
0.004474 0.016023
0.004572 0.015801
0.004670 0.015579
0.004768 0.015359
0.004865 0.015140
0.004963 0.014923
0.005060 0.014707
0.005158 0.014492
0.005255 0.014278
0.005353 0.014066
0.005450 0.013855
0.005547 0.013646
0.005645 0.013438
0.005742 0.013231
0.005839 0.013026
0.005936 0.012822
0.006033 0.012619
0.006130 0.012617
0.006227 0.012414
0.006324 0.012213
0.006421 0.012013
0.006517 0.011815
0.006614 0.011618
0.006711 0.011423
0.006807 0.011229
0.006904 0.011036
0.007000 0.010845
0.007097 0.010656
0.007193 0.010468
0.007289 0.010281
0.007386 0.010096
0.007482 0.009912
0.007578 0.009730
0.007674 0.009549
0.007770 0.009370
0.007866 0.009193
0.007962 0.009016
0.008058 0.008842
0.008154 0.008669
0.008250 0.008497
0.008345 0.008327
0.008441 0.008158
0.008537 0.007991
0.008632 0.007826
0.008728 0.007662
0.008823 0.007500
0.008919 0.007339
0.009014 0.007180
0.009109 0.007022
0.009204 0.006866
0.009300 0.006711
0.009395 0.006558
0.009490 0.006407
0.009585 0.006257
0.009680 0.006109
0.009775 0.005963
0.009870 0.005818
0.009965 0.005675
0.010059 0.005533
0.010154 0.005393
0.010249 0.005255
0.010343 0.005118
0.010438 0.004983
0.010533 0.004849
0.010627 0.004717
0.010721 0.004587
0.010816 0.004459
0.010910 0.004332
0.011004 0.004207
0.011099 0.004084
0.011193 0.003962
0.011287 0.003842
0.011381 0.003723
0.011475 0.003607
0.011569 0.003492
0.011663 0.003378
0.011757 0.003267
0.011851 0.003157
0.011944 0.003049
0.012038 0.002943
0.012132 0.002838
0.012225 0.002823
0.012319 0.002719
0.012413 0.002617
0.012506 0.002517
0.012599 0.002419
0.012693 0.002322
0.012786 0.002227
0.012879 0.002135
0.012973 0.002043
0.013066 0.001954
0.013159 0.001867
0.013252 0.001781
0.013345 0.001697
0.013438 0.001616
0.013531 0.001535
0.013624 0.001457
0.013717 0.001381
0.013810 0.001307
0.013902 0.001234
0.013995 0.001163
0.014088 0.001094
0.014180 0.001027
0.014273 0.000962
0.014365 0.000900
0.014458 0.000838
0.014550 0.000779
0.014643 0.000721
0.014735 0.000666
0.014827 0.000612
0.014919 0.000635
0.015012 0.000581
0.015104 0.000529
0.015196 0.000480
0.015288 0.000432
0.015380 0.000386
0.015472 0.000343
0.015564 0.000302
0.015655 0.000262
0.015747 0.000225
0.015839 0.000190
0.015931 0.000208
0.016022 0.000173
0.016114 0.000140
0.016206 0.000110
0.016297 0.000082
0.016389 0.000056
0.016480 0.000033
0.016571 0.000012
0.016663 -0.000006
0.016754 -0.000022
0.016845 -0.000036
0.016936 -0.000048
0.017028 -0.000057
0.017119 -0.000063
0.017210 -0.000068
0.017255 0.000000
0.017301 -0.000052
0.017392 -0.000029
0.017483 -0.000018
0.017574 -0.000007
0.017665 0.000008
0.017757 0.000026
0.017848 -0.000016
0.017939 0.000001
0.018031 0.000020
0.018122 0.000042
0.018213 0.000066
0.018305 0.000093
0.018396 0.000123
0.018488 0.000155
0.018580 0.000189
0.018671 0.000227
0.018763 0.000267
0.018855 0.000309
0.018947 0.000354
0.019039 0.000350
0.019131 0.000396
0.019223 0.000445
0.019315 0.000496
0.019407 0.000549
0.019499 0.000605
0.019591 0.000663
0.019683 0.000724
0.019776 0.000787
0.019868 0.000853
0.019960 0.000921
0.020053 0.000922
0.020145 0.000991
0.020238 0.001063
0.020330 0.001137
0.020423 0.001213
0.020515 0.001292
0.020608 0.001373
0.020701 0.001457
0.020794 0.001543
0.020887 0.001632
0.020979 0.001723
0.021072 0.001817
0.021165 0.001913
0.021258 0.002012
0.021351 0.002113
0.021445 0.002217
0.021538 0.002323
0.021631 0.002432
0.021724 0.002544
0.021818 0.002658
0.021911 0.002775
0.022004 0.002895
0.022098 0.003017
0.022191 0.003142
0.022285 0.003269
0.022379 0.003400
0.022472 0.003533
0.022566 0.003581
0.022660 0.003716
0.022754 0.003854
0.022847 0.003995
0.022941 0.004138
0.023035 0.004284
0.023129 0.004433
0.023223 0.004585
0.023318 0.004739
0.023412 0.004896
0.023506 0.005056
0.023600 0.005219
0.023695 0.005384
0.023789 0.005552
0.023883 0.005723
0.023978 0.005897
0.024072 0.006074
0.024167 0.006254
0.024262 0.006436
0.024356 0.006622
0.024451 0.006810
0.024546 0.007001
0.024641 0.007196
0.024736 0.007393
0.024831 0.007593
0.024925 0.007796
0.025021 0.008002
0.025116 0.008211
0.025211 0.008423
0.025306 0.008638
0.025401 0.008857
0.025497 0.009078
0.025592 0.009302
0.025687 0.009530
0.025783 0.009760
0.025878 0.009994
0.025974 0.010231
0.026069 0.010471
0.026165 0.010714
0.026261 0.010960
0.026357 0.011209
0.026452 0.011462
0.026548 0.011718
0.026644 0.011977
0.026740 0.012239
0.026836 0.012505
0.026932 0.012774
0.027029 0.013046
0.027125 0.013321
0.027221 0.013600
0.027317 0.013882
0.027414 0.014168
0.027510 0.014456
0.027607 0.014749
0.027703 0.015044
0.027800 0.015343
0.027896 0.015646
0.027993 0.015951
0.028090 0.016261
0.028187 0.016573
0.028283 0.016890
0.028380 0.017209
0.028477 0.017533
0.028574 0.017859
0.028671 0.018190
0.028769 0.018523
0.028866 0.018861
0.028963 0.019202
0.029060 0.019547
0.029158 0.019895
0.029255 0.020247
0.029353 0.020602
0.029450 0.020961
0.029548 0.021324
0.029645 0.021691
0.029743 0.022061
0.029841 0.022435
0.029938 0.022813
0.030036 0.023194
0.030134 0.023579
0.030232 0.023969
0.030330 0.024361
0.030428 0.024758
0.030526 0.025159
0.030625 0.025563
0.030723 0.025971
0.030821 0.026383
0.030920 0.026597
0.031018 0.027013
0.031117 0.027434
0.031215 0.027859
0.031314 0.028287
0.031412 0.028719
0.031511 0.029156
0.031610 0.029596
0.031709 0.030041
0.031808 0.030489
0.031907 0.030942
0.032006 0.031398
0.032105 0.031859
0.032204 0.032323
0.032303 0.032792
0.032402 0.033265
0.032501 0.033742
0.032601 0.034223
0.032700 0.034709
0.032800 0.035198
0.032899 0.035692
0.032999 0.036190
0.033099 0.036692
0.033198 0.037199
0.033298 0.037710
0.033398 0.038225
0.033498 0.038744
0.033598 0.039268
0.033698 0.039796
0.033798 0.040328
0.033898 0.040865
0.033998 0.041406
0.034098 0.041952
0.034199 0.042502
0.034299 0.043056
0.034400 0.043615
0.034500 0.044179
0.034601 0.044747
0.034701 0.045319
0.034802 0.045896
0.034903 0.046478
0.035004 0.047064
0.035104 0.047768
0.035205 0.048364
0.035306 0.048966
0.035407 0.049572
0.035509 0.050183
0.035610 0.050799
0.035711 0.051419
0.035812 0.052044
0.035914 0.052674
0.036015 0.053309
0.036117 0.053948
0.036218 0.054593
0.036320 0.055242
0.036422 0.055896
0.036523 0.056555
0.036625 0.057218
0.036727 0.057887
0.036829 0.058560
0.036931 0.059239
0.037033 0.059922
0.037135 0.060611
0.037237 0.061307
0.037340 0.062006
0.037442 0.062709
0.037544 0.063418
0.037647 0.064132
0.037749 0.064850
0.037852 0.065574
0.037955 0.066303
0.038057 0.067038
0.038160 0.067777
0.038263 0.068522
0.038366 0.069271
0.038469 0.070026
0.038572 0.070787
0.038675 0.071552
0.038778 0.072323
0.038882 0.073099
0.038985 0.073881
0.039088 0.074668
0.039192 0.075460
0.039295 0.076258
0.039399 0.077061
0.039502 0.077869
0.039606 0.078483
0.039710 0.079301
0.039814 0.080123
0.039918 0.080952
0.040022 0.081785
0.040126 0.082625
0.040230 0.083470
0.040334 0.084320
0.040438 0.085176
0.040543 0.086038
0.040647 0.086906
0.040752 0.087779
0.040856 0.088657
0.040961 0.089542
0.041065 0.090432
0.041170 0.091328
0.041275 0.092230
0.041380 0.093138
0.041485 0.094051
0.041590 0.094971
0.041695 0.095896
0.041800 0.096827
0.041905 0.097764
0.042011 0.098707
0.042116 0.099656
0.042221 0.100610
0.042327 0.101571
0.042433 0.102538
0.042538 0.103511
0.042644 0.104490
0.042750 0.105475
0.042856 0.106467
0.042962 0.107464
0.043068 0.108467
0.043174 0.109477
0.043280 0.110493
0.043386 0.111515
0.043492 0.112544
0.043599 0.113578
0.043705 0.114619
0.043812 0.115666
0.043918 0.116720
0.044025 0.117780
0.044132 0.118846
0.044239 0.119919
0.044345 0.120998
0.044452 0.122084
0.044559 0.123176
0.044667 0.124275
0.044774 0.125380
0.044881 0.126491
0.044988 0.127610
0.045096 0.128734
0.045203 0.129866
0.045311 0.131004
0.045418 0.132149
0.045526 0.133300
0.045634 0.134458
0.045742 0.135687
0.045850 0.136860
0.045958 0.138039
0.046066 0.139225
0.046174 0.140418
0.046282 0.141618
0.046391 0.142825
0.046499 0.144038
0.046607 0.145259
0.046716 0.146486
0.046825 0.147721
0.046933 0.148962
0.047042 0.150211
0.047151 0.151466
0.047260 0.152729
0.047369 0.153999
0.047478 0.155276
0.047587 0.156560
0.047696 0.157851
0.047806 0.159150
0.047915 0.160456
0.048025 0.161769
0.048134 0.163089
0.048244 0.164417
0.048354 0.165752
0.048463 0.167094
0.048573 0.168444
0.048683 0.169801
0.048793 0.171165
0.048903 0.172537
0.049014 0.173917
0.049124 0.175304
0.049234 0.176698
0.049345 0.178101
0.049455 0.179510
0.049566 0.180928
0.049677 0.182353
0.049787 0.183786
0.049898 0.185226
0.050009 0.186674
0.050120 0.188130
0.050231 0.189594
0.050343 0.191065
0.050454 0.192545
0.050565 0.194032
0.050677 0.195527
0.050788 0.197030
0.050900 0.198541
0.051011 0.200060
0.051123 0.201587
0.051235 0.203122
0.051347 0.204665
0.051459 0.206216
0.051571 0.207775
0.051683 0.209342
0.051796 0.210918
0.051908 0.212501
0.052020 0.214093
0.052133 0.215693
0.052246 0.217302
0.052358 0.218918
0.052471 0.220543
0.052584 0.222177
0.052697 0.223818
0.052810 0.225469
0.052923 0.227127
0.053036 0.228794
0.053150 0.230470
0.053263 0.232154
0.053377 0.233847
0.053490 0.235548
0.053604 0.237258
0.053718 0.238977
0.053832 0.240704
0.053946 0.242440
0.054060 0.244184
0.054174 0.245938
0.054288 0.247700
0.054402 0.249471
0.054517 0.251251
0.054631 0.253040
0.054746 0.254837
0.054860 0.256644
0.054975 0.258460
0.055090 0.260285
0.055205 0.262119
0.055320 0.263962
0.055435 0.265814
0.055550 0.267475
0.055666 0.269342
0.055781 0.271218
0.055896 0.273104
0.056012 0.274999
0.056128 0.276903
0.056244 0.278816
0.056359 0.280824
0.056475 0.282757
0.056591 0.284699
0.056708 0.286650
0.056824 0.288612
0.056940 0.290582
0.057057 0.292562
0.057173 0.294551
0.057290 0.296550
0.057406 0.298558
0.057523 0.300576
0.057640 0.302604
0.057757 0.304642
0.057874 0.306690
0.057992 0.308747
0.058109 0.310814
0.058226 0.312890
0.058344 0.314976
0.058461 0.317073
0.058579 0.319179
0.058697 0.321295
0.058815 0.323421
0.058933 0.325557
0.059051 0.327703
0.059169 0.329860
0.059287 0.332026
0.059406 0.334202
0.059524 0.336389
0.059643 0.338586
0.059761 0.340793
0.059880 0.343010
0.059999 0.345237
0.060118 0.347475
0.060237 0.349723
0.060356 0.351982
0.060476 0.354251
0.060595 0.356530
0.060715 0.358820
0.060834 0.361120
0.060954 0.363431
0.061074 0.365752
0.061194 0.368084
0.061314 0.370427
0.061434 0.372780
0.061554 0.375144
0.061674 0.377519
0.061795 0.379904
0.061915 0.382300
0.062036 0.384707
0.062157 0.387125
0.062278 0.389554
0.062399 0.391994
0.062520 0.394445
0.062641 0.396907
0.062762 0.399380
0.062884 0.401864
0.063005 0.404359
0.063127 0.406866
0.063249 0.409383
0.063370 0.411912
0.063492 0.414452
0.063614 0.417004
0.063737 0.419566
0.063859 0.422141
0.063981 0.424726
0.064104 0.427324
0.064226 0.429932
0.064349 0.432553
0.064472 0.435185
0.064595 0.437627
0.064718 0.440279
0.064841 0.442943
0.064964 0.445618
0.065088 0.448306
0.065211 0.451005
0.065335 0.453715
0.065459 0.456438
0.065582 0.459172
0.065706 0.461919
0.065831 0.464677
0.065955 0.467447
0.066079 0.470229
0.066203 0.473023
0.066328 0.475830
0.066453 0.478648
0.066577 0.481479
0.066702 0.484321
0.066827 0.487176
0.066953 0.490043
0.067078 0.492923
0.067203 0.495815
0.067329 0.498719
0.067454 0.501636
0.067580 0.504565
0.067706 0.507506
0.067832 0.510461
0.067958 0.513427
0.068084 0.516407
0.068210 0.519399
0.068337 0.522512
0.068463 0.525534
0.068590 0.528568
0.068717 0.531615
0.068844 0.534673
0.068971 0.537746
0.069098 0.540831
0.069226 0.543929
0.069353 0.547040
0.069481 0.550164
0.069608 0.553300
0.069736 0.556450
0.069864 0.559613
0.069992 0.562789
0.070120 0.565978
0.070249 0.569180
0.070377 0.572395
0.070506 0.575621
0.070634 0.578866
0.070763 0.582123
0.070892 0.585393
0.071021 0.588676
0.071151 0.591973
0.071280 0.595284
0.071409 0.598607
0.071539 0.601940
0.071669 0.605288
0.071799 0.608651
0.071929 0.612029
0.072059 0.615421
0.072189 0.618829
0.072320 0.622252
0.072450 0.625690
0.072581 0.628938
0.072712 0.632398
0.072843 0.635873
0.072974 0.639361
0.073105 0.642864
0.073236 0.646381
0.073368 0.649913
0.074957 0.693524
0.075090 0.697251
0.075223 0.700993
0.075357 0.704717
0.075491 0.708484
0.075625 0.712269
0.075759 0.716072
0.075893 0.719891
0.076027 0.723725
0.076162 0.727575
0.076296 0.731447
0.076431 0.735326
0.076566 0.739192
0.076701 0.742983
0.076836 0.746903
0.076972 0.750839
0.077107 0.754789
0.077243 0.758756
0.077379 0.762739
0.077515 0.766737
0.077651 0.770752
0.077787 0.774782
0.077924 0.778828
0.078060 0.782890
0.078197 0.786968
0.078334 0.791062
0.078471 0.795172
0.078608 0.799300
0.078746 0.803439
0.078883 0.807600
0.079021 0.811774
0.079159 0.815965
0.079297 0.820172
0.079435 0.824397
0.079573 0.828638
0.079711 0.832895
0.079850 0.837170
0.079989 0.841461
0.080128 0.845768
0.080267 0.850093
0.080406 0.854434
0.080546 0.858793
0.080685 0.863168
0.080825 0.867561
0.080965 0.871971
0.081105 0.876398
0.081245 0.880843
0.081386 0.885305
0.081526 0.889781
0.081667 0.894277
0.081808 0.898792
0.081949 0.903324
0.082091 0.907872
0.082232 0.912438
0.082374 0.917021
0.082515 0.921622
0.082657 0.926240
0.082800 0.930877
0.082942 0.935531
0.083084 0.940204
0.083227 0.944894
0.083370 0.949602
0.083513 0.954329
0.083656 0.959074
0.083799 0.963837
0.083943 0.968618
0.084087 0.973418
0.084231 0.978237
0.084375 0.983074
0.084519 0.987929
0.084663 0.992803
0.084808 0.997696
0.084953 1.002608
0.085098 1.007538
0.085243 1.012487
0.085388 1.017455
0.085534 1.022442
0.085680 1.027448
0.085826 1.032473
0.085972 1.037518
0.086118 1.042582
0.086265 1.047665
0.086411 1.052767
0.086558 1.057889
0.086705 1.063030
0.086852 1.068191
0.087000 1.073371
0.087147 1.078571
0.087295 1.083791
0.087443 1.089031
0.087592 1.094291
0.087740 1.099571
0.087889 1.104871
0.088037 1.110191
0.088187 1.115531
0.088336 1.120891
0.088485 1.126272
0.088635 1.131673
0.088785 1.137094
0.088935 1.142536
0.089085 1.147999
0.089235 1.153483
0.089386 1.158987
0.089537 1.164512
0.089688 1.170058
0.089839 1.175625
0.089991 1.181213
0.090142 1.186822
0.090294 1.192452
0.090446 1.198104
0.090599 1.203777
0.090751 1.209471
0.090904 1.215187
0.091057 1.220925
0.091210 1.226684
0.091364 1.232465
0.091517 1.238268
0.091671 1.244093
0.091825 1.249940
0.091979 1.255808
0.092134 1.261699
0.092289 1.267613
0.092444 1.273548
0.092599 1.279506
0.092754 1.285487
0.092910 1.291490
0.093066 1.297515
0.093222 1.303564
0.093378 1.309635
0.093535 1.315729
0.093691 1.321846
0.093848 1.327986
0.094006 1.334150
0.094163 1.340336
0.094321 1.346546
0.094479 1.352780
0.094637 1.359037
0.094795 1.365317
0.094954 1.371621
0.095113 1.377950
0.095272 1.384302
0.095432 1.390677
0.095591 1.397077
0.095751 1.403502
0.095911 1.409950
0.096072 1.416423
0.096232 1.422920
0.096393 1.429442
0.096554 1.435988
0.096716 1.442560
0.096877 1.449156
0.097039 1.455777
0.097201 1.462423
0.097364 1.469191
0.097527 1.475888
0.097689 1.482609
0.097853 1.489358
0.098016 1.496131
0.098180 1.502930
0.098344 1.509754
0.098508 1.516604
0.098673 1.523481
0.098837 1.530383
0.099003 1.537312
0.099168 1.544266
0.099333 1.551248
0.099499 1.558256
0.099666 1.565290
0.099832 1.572352
0.099999 1.579440
0.100166 1.586555
0.100333 1.593697
0.100501 1.600866
0.100668 1.608063
0.100837 1.615288
0.101005 1.622539
0.101174 1.629819
0.101343 1.637126
0.101512 1.644461
0.101682 1.651824
0.101852 1.659216
0.102022 1.666636
0.102192 1.674084
0.102363 1.681561
0.102534 1.689066
0.102705 1.696600
0.102877 1.704163
0.103049 1.711755
0.103221 1.719376
0.103394 1.727027
0.103567 1.734707
0.103740 1.742417
0.103914 1.750156
0.104088 1.757925
0.104262 1.765724
0.104436 1.773554
0.104611 1.781413
0.104786 1.789304
0.104962 1.797224
0.105138 1.805175
0.105314 1.813158
0.105490 1.821171
0.105667 1.829215
0.105844 1.837291
0.106022 1.845397
0.106199 1.853536
0.106378 1.861706
0.106556 1.869908
0.106735 1.878142
0.106914 1.886409
0.107094 1.894708
0.107274 1.903039
0.107454 1.911403
0.107634 1.919799
0.107815 1.928229
0.107997 1.936692
0.108178 1.945188
0.108360 1.953718
0.108543 1.962281
0.108725 1.970878
0.108909 1.979510
0.109092 1.988175
0.109276 1.996875
0.109460 2.005609
0.109645 2.014378
0.109830 2.023182
0.110015 2.032022
0.110201 2.040896
0.110387 2.049806
0.110574 2.058752
0.110761 2.067733
0.110948 2.076751
0.111136 2.085804
0.111324 2.094894
0.111513 2.104021
0.111701 2.113185
0.111891 2.122386
0.112081 2.131624
0.112271 2.140899
0.112461 2.150213
0.112652 2.159564
0.112844 2.168953
0.113036 2.178380
0.113228 2.187846
0.113421 2.197351
0.113614 2.206895
0.113808 2.216478
0.114002 2.226100
0.114196 2.235762
0.114391 2.245464
0.114586 2.255206
0.114782 2.264989
0.114979 2.274812
0.115175 2.284675
0.115372 2.294580
0.115570 2.304525
0.115768 2.314514
0.115967 2.324545
0.116166 2.334617
0.116366 2.344732
0.116566 2.354889
0.116766 2.365089
0.116967 2.375332
0.117169 2.385619
0.117371 2.395949
0.117573 2.406324
0.117776 2.416742
0.117980 2.427206
0.118184 2.437714
0.118388 2.448267
0.118593 2.458867
0.118799 2.469512
0.119005 2.480203
0.119212 2.490941
0.119419 2.501725
0.119626 2.512555
0.119835 2.523232
0.120044 2.534157
0.120253 2.545130
0.120463 2.556150
0.120673 2.567220
0.120884 2.578339
0.121096 2.589506
0.121308 2.600724
0.121521 2.611992
0.121734 2.623310
0.121948 2.634679
0.122163 2.646099
0.122378 2.657570
0.122593 2.669094
0.122810 2.680670
0.123027 2.692298
0.123244 2.703980
0.123463 2.715715
0.123681 2.727504
0.123901 2.739347
0.124121 2.751245
0.124342 2.763199
0.124563 2.775208
0.124785 2.787272
0.125008 2.799488
0.125231 2.811667
0.125455 2.823903
0.125680 2.836197
0.125905 2.848550
0.126132 2.860961
0.126358 2.873432
0.126586 2.885962
0.126814 2.898553
0.127043 2.911212
0.127273 2.923924
0.127503 2.936699
0.127734 2.949535
0.127966 2.962435
0.128199 2.975398
0.128432 2.988425
0.128667 3.001517
0.128902 3.014673
0.129137 3.027896
0.129374 3.041186
0.129611 3.054543
0.129850 3.067967
0.130089 3.081458
0.130329 3.095020
0.130569 3.108650
0.130811 3.122349
0.131053 3.136121
0.131296 3.149965
0.131540 3.163881
0.131785 3.177870
0.132031 3.191932
0.132278 3.206070
0.132526 3.220282
0.132775 3.234570
0.133024 3.248935
0.133275 3.263378
0.133526 3.277898
0.133778 3.292498
0.134032 3.307178
0.134286 3.321939
0.134542 3.336782
0.134798 3.351707
0.135055 3.366715
0.135314 3.381808
0.135573 3.396986
0.135834 3.412251
0.136096 3.427603
0.136358 3.443043
0.136622 3.458572
0.136887 3.474191
0.137153 3.489902
0.137421 3.505706
0.137689 3.521604
0.137958 3.537596
0.138229 3.553684
0.138501 3.569870
0.138774 3.586153
0.139049 3.602537
0.139324 3.619021
0.139601 3.635607
0.139880 3.652297
0.140159 3.669091
0.140440 3.685992
0.140722 3.703001
0.141006 3.720119
0.141291 3.737348
0.141577 3.754689
0.141865 3.772141
0.142154 3.789711
0.142445 3.807397
0.142737 3.825202
0.143031 3.843128
0.143326 3.861176
0.143623 3.879347
0.143922 3.897644
0.144222 3.916069
0.144523 3.934625
0.144827 3.953312
0.145132 3.972133
0.145439 3.991089
0.145747 4.010184
0.146058 4.029419
0.146370 4.048594
0.146684 4.068115
0.147000 4.087784
0.147318 4.107603
0.147637 4.127574
0.147959 4.147701
0.148283 4.167987
0.148609 4.188434
0.148937 4.209044
0.149267 4.229823
0.149599 4.250772
0.149934 4.271894
0.150271 4.293194
0.150610 4.314674
0.150951 4.336339
0.151295 4.358192
0.151642 4.380237
0.151991 4.402478
0.152343 4.424919
0.152697 4.447565
0.153054 4.470419
0.153414 4.493488
0.153776 4.516775
0.154142 4.540286
0.154510 4.564026
0.154882 4.588000
0.155257 4.612215
0.155634 4.636675
0.156016 4.661388
0.156400 4.686360
0.156788 4.711598
0.157180 4.737109
0.157575 4.762900
0.157975 4.788979
0.158378 4.815354
0.158785 4.842034
0.159196 4.869028
0.159611 4.896345
0.160031 4.923995
0.160455 4.951990
0.160884 4.980339
0.161318 5.009055
0.161757 5.038150
0.162201 5.067637
0.162651 5.097530
0.163106 5.127845
0.163567 5.158596
0.164034 5.189800
0.164507 5.221476
0.164987 5.253642
0.165473 5.286318
0.165967 5.319622
0.166468 5.353390
0.166976 5.387735
0.167493 5.422691
0.168019 5.458289
0.168553 5.494557
0.169097 5.531532
0.169651 5.569252
0.170216 5.607758
0.170791 5.647099
0.171379 5.687320
0.171979 5.728480
0.172593 5.770653
0.173221 5.813904
0.173864 5.858302
0.174525 5.903941
0.175203 5.950922
0.175901 5.999363
0.176621 6.049396
0.177364 6.101176
0.178134 6.154680
0.178932 6.210520
0.179763 6.268875
0.180631 6.329858
0.181541 6.393968
0.182501 6.461712
0.183519 6.533748
0.184608 6.610961
0.185784 6.694437
0.187072 6.786547
0.188514 6.889511
0.190182 7.009220
0.192233 7.157078
0.195213 7.373135
