-0.324431 1.424116
-0.318535 1.318628
-0.314476 1.248067
-0.311177 1.192210
-0.308324 1.144911
-0.305774 1.103430
-0.303447 1.066237
-0.301293 1.032379
-0.299279 1.001209
-0.297380 0.972267
-0.295578 0.945213
-0.293861 0.919785
-0.292217 0.895775
-0.290637 0.873020
-0.289115 0.851382
-0.287644 0.830750
-0.286220 0.811028
-0.284839 0.792136
-0.283496 0.774005
-0.282190 0.756574
-0.280916 0.739791
-0.279674 0.723610
-0.278459 0.707989
-0.277272 0.692893
-0.276109 0.678288
-0.274970 0.664144
-0.273853 0.650437
-0.272757 0.637141
-0.271681 0.624234
-0.270624 0.611894
-0.269584 0.599698
-0.268561 0.587835
-0.267554 0.576124
-0.266563 0.564894
-0.265586 0.553955
-0.264624 0.543294
-0.263675 0.532899
-0.262738 0.522761
-0.261814 0.512869
-0.260903 0.503213
-0.260002 0.493785
-0.259113 0.484773
-0.258234 0.475766
-0.257366 0.466963
-0.256507 0.458360
-0.255658 0.449946
-0.254818 0.441717
-0.253988 0.433665
-0.253166 0.425787
-0.252352 0.418078
-0.251547 0.410531
-0.250749 0.403141
-0.249960 0.395905
-0.249177 0.388818
-0.248402 0.381875
-0.247635 0.375073
-0.246874 0.368408
-0.246119 0.361876
-0.245372 0.355474
-0.244630 0.349198
-0.243895 0.343044
-0.243166 0.337011
-0.242443 0.331095
-0.241725 0.325292
-0.241013 0.319602
-0.240307 0.314019
-0.239606 0.308543
-0.238910 0.303170
-0.238220 0.297899
-0.237534 0.292726
-0.236853 0.287650
-0.236177 0.282669
-0.235506 0.277780
-0.234840 0.272981
-0.234178 0.268271
-0.233520 0.263648
-0.232867 0.259109
-0.232218 0.254654
-0.231573 0.250280
-0.230932 0.245985
-0.230296 0.241769
-0.229663 0.237629
-0.229034 0.233564
-0.228409 0.229572
-0.227788 0.225653
-0.227170 0.221804
-0.226556 0.218025
-0.225945 0.214314
-0.225338 0.210669
-0.224735 0.207090
-0.224134 0.203575
-0.223537 0.200123
-0.222944 0.196733
-0.222353 0.193404
-0.221766 0.190135
-0.221181 0.186924
-0.220600 0.183771
-0.220022 0.180674
-0.219447 0.177632
-0.218874 0.174646
-0.218305 0.171713
-0.217738 0.168832
-0.217174 0.166004
-0.216613 0.163226
-0.216055 0.160499
-0.215499 0.157821
-0.214946 0.155191
-0.214395 0.152609
-0.213847 0.150073
-0.213302 0.147583
-0.212759 0.144938
-0.212219 0.142533
-0.211680 0.140172
-0.211145 0.137853
-0.210611 0.135577
-0.210080 0.133343
-0.209552 0.131149
-0.209025 0.128996
-0.208501 0.126882
-0.207979 0.124807
-0.207459 0.122771
-0.206941 0.120773
-0.206426 0.118811
-0.205912 0.116887
-0.205401 0.114998
-0.204891 0.113145
-0.204384 0.111327
-0.203879 0.109543
-0.203375 0.107793
-0.202874 0.106076
-0.202375 0.104392
-0.201877 0.102741
-0.201381 0.101121
-0.200887 0.099532
-0.200396 0.097975
-0.199905 0.096448
-0.199417 0.094950
-0.198931 0.093483
-0.198446 0.092044
-0.197963 0.090633
-0.197481 0.089251
-0.197002 0.087897
-0.196524 0.086570
-0.196048 0.085270
-0.195573 0.083996
-0.195100 0.082749
-0.194629 0.081527
-0.194159 0.080330
-0.193691 0.079159
-0.193225 0.078012
-0.192760 0.076889
-0.192296 0.075790
-0.191834 0.074714
-0.191374 0.073662
-0.190915 0.072632
-0.190458 0.071625
-0.190002 0.070640
-0.189547 0.069677
-0.189094 0.068735
-0.188642 0.067814
-0.188192 0.066915
-0.187743 0.066035
-0.187296 0.065176
-0.186850 0.064337
-0.186405 0.063517
-0.185962 0.062717
-0.185520 0.061936
-0.185079 0.061173
-0.184640 0.060429
-0.184202 0.059704
-0.183765 0.058996
-0.183330 0.058305
-0.182895 0.057632
-0.182462 0.056977
-0.182031 0.056338
-0.181600 0.055716
-0.181171 0.055110
-0.180743 0.054520
-0.180316 0.053946
-0.179890 0.053388
-0.179466 0.052845
-0.179043 0.052317
-0.178621 0.051804
-0.178200 0.051306
-0.177780 0.050823
-0.177361 0.050353
-0.176943 0.049898
-0.176527 0.049456
-0.176112 0.049029
-0.175697 0.048614
-0.175284 0.048213
-0.174872 0.047825
-0.174461 0.047449
-0.174051 0.047086
-0.173643 0.046736
-0.173235 0.046398
-0.172828 0.046071
-0.172422 0.045757
-0.172017 0.045454
-0.171614 0.045163
-0.171211 0.044883
-0.170809 0.044614
-0.170409 0.044356
-0.170009 0.044109
-0.169610 0.043872
-0.169213 0.043646
-0.168816 0.043430
-0.168420 0.043224
-0.168025 0.043028
-0.167631 0.042842
-0.167238 0.042843
-0.166846 0.042676
-0.166455 0.042519
-0.166065 0.042371
-0.165676 0.042232
-0.165287 0.042101
-0.164900 0.041980
-0.164513 0.041867
-0.164127 0.041762
-0.163743 0.041665
-0.163359 0.041577
-0.162976 0.041496
-0.162593 0.041424
-0.162212 0.041359
-0.161832 0.041302
-0.161452 0.041252
-0.161073 0.041209
-0.160695 0.041174
-0.160318 0.041145
-0.159942 0.041124
-0.159566 0.041109
-0.159191 0.041101
-0.158818 0.041100
-0.158445 0.041105
-0.158072 0.041116
-0.157701 0.041134
-0.157330 0.041158
-0.156960 0.041188
-0.156591 0.041223
-0.156223 0.041264
-0.155855 0.041311
-0.155488 0.041364
-0.155122 0.041421
-0.154757 0.041485
-0.154392 0.041553
-0.154028 0.041627
-0.153665 0.041706
-0.153303 0.041789
-0.152941 0.041878
-0.152580 0.041971
-0.152220 0.042069
-0.151861 0.042172
-0.151502 0.042279
-0.151144 0.042390
-0.150787 0.042505
-0.150430 0.042625
-0.150074 0.042749
-0.149719 0.042877
-0.149364 0.043009
-0.149011 0.043144
-0.148657 0.043284
-0.148305 0.043427
-0.147953 0.043573
-0.147602 0.043724
-0.147251 0.043677
-0.146902 0.043833
-0.146552 0.043993
-0.146204 0.044156
-0.145856 0.044322
-0.145509 0.044491
-0.145162 0.044663
-0.144816 0.044838
-0.144471 0.045016
-0.144126 0.045197
-0.143782 0.045380
-0.143439 0.045566
-0.143096 0.045754
-0.142754 0.045945
-0.142412 0.046139
-0.142072 0.046334
-0.141731 0.046532
-0.141391 0.046732
-0.141052 0.046935
-0.140714 0.047139
-0.140376 0.047345
-0.140039 0.047554
-0.139702 0.047764
-0.139366 0.047976
-0.139030 0.048190
-0.138695 0.048405
-0.138361 0.048623
-0.138027 0.048841
-0.137694 0.049062
-0.137361 0.049284
-0.137029 0.049507
-0.136697 0.049732
-0.136366 0.049958
-0.136036 0.050185
-0.135706 0.050414
-0.135377 0.050643
-0.135048 0.050874
-0.134720 0.051106
-0.134392 0.051339
-0.134065 0.051573
-0.133738 0.051808
-0.133412 0.052044
-0.133086 0.052280
-0.132761 0.052518
-0.132437 0.052756
-0.132113 0.052995
-0.131790 0.053234
-0.131467 0.053475
-0.131144 0.053715
-0.130822 0.053956
-0.130501 0.054198
-0.130180 0.054440
-0.129860 0.054683
-0.129540 0.054926
-0.129221 0.055169
-0.128902 0.055413
-0.128583 0.055657
-0.128266 0.055901
-0.127948 0.056145
-0.127631 0.056389
-0.127315 0.056634
-0.126999 0.056878
-0.126684 0.057123
-0.126369 0.057367
-0.126054 0.057612
-0.125740 0.057856
-0.125427 0.058100
-0.125114 0.058344
-0.124801 0.058588
-0.124489 0.058832
-0.124178 0.059076
-0.123866 0.059319
-0.123556 0.059562
-0.123246 0.059805
-0.122936 0.060047
-0.122626 0.060289
-0.122318 0.060530
-0.122009 0.060771
-0.121701 0.061012
-0.121394 0.061252
-0.121087 0.061491
-0.120780 0.061730
-0.120474 0.061969
-0.120168 0.062207
-0.119863 0.062444
-0.119558 0.062680
-0.119254 0.062916
-0.118950 0.063151
-0.118646 0.063385
-0.118343 0.063619
-0.118041 0.063852
-0.117738 0.064084
-0.117436 0.064315
-0.117135 0.064545
-0.116834 0.064775
-0.116534 0.065003
-0.116233 0.065231
-0.115934 0.065457
-0.115634 0.065683
-0.115335 0.065908
-0.115037 0.066132
-0.114739 0.066354
-0.114441 0.066576
-0.114144 0.066797
-0.113847 0.067016
-0.113551 0.067235
-0.113255 0.067452
-0.112959 0.067669
-0.112664 0.067884
-0.112369 0.068098
-0.112074 0.068310
-0.111780 0.068522
-0.111487 0.068732
-0.111193 0.068941
-0.110900 0.069149
-0.110608 0.069356
-0.110316 0.069561
-0.110024 0.069765
-0.109733 0.069968
-0.109442 0.070169
-0.109151 0.070369
-0.108861 0.070568
-0.108571 0.070765
-0.108281 0.070961
-0.107992 0.071156
-0.107704 0.071349
-0.107415 0.071541
-0.107127 0.071731
-0.106840 0.071920
-0.106552 0.072108
-0.106265 0.072294
-0.105979 0.072478
-0.105693 0.072661
-0.105407 0.072843
-0.105121 0.073023
-0.104836 0.073201
-0.104552 0.073378
-0.104267 0.073554
-0.103983 0.073727
-0.103700 0.073900
-0.103416 0.074070
-0.103133 0.074240
-0.102851 0.074407
-0.102568 0.074573
-0.102286 0.074738
-0.102005 0.074900
-0.101724 0.075062
-0.101443 0.075221
-0.101162 0.075379
-0.100882 0.075535
-0.100602 0.075690
-0.100322 0.075843
-0.100043 0.075994
-0.099764 0.076143
-0.099486 0.076291
-0.099208 0.076438
-0.098930 0.076582
-0.098652 0.076725
-0.098375 0.076866
-0.098098 0.077005
-0.097822 0.077143
-0.097545 0.077279
-0.097269 0.077413
-0.096994 0.077546
-0.096719 0.077676
-0.096444 0.077805
-0.096169 0.077933
-0.095895 0.078258
-0.095621 0.078381
-0.095347 0.078503
-0.095074 0.078623
-0.094801 0.078741
-0.094528 0.078858
-0.094255 0.078972
-0.093983 0.079085
-0.093712 0.079196
-0.093440 0.079305
-0.093169 0.079413
-0.092898 0.079518
-0.092627 0.079622
-0.092357 0.079724
-0.092087 0.079824
-0.091818 0.079923
-0.091548 0.080019
-0.091279 0.080114
-0.091010 0.080207
-0.090742 0.080298
-0.090474 0.080387
-0.090206 0.080475
-0.089938 0.080561
-0.089671 0.080644
-0.089404 0.080726
-0.089137 0.080807
-0.088871 0.080885
-0.088605 0.080962
-0.088339 0.081036
-0.088074 0.081109
-0.087808 0.081180
-0.087543 0.081249
-0.087279 0.081317
-0.087014 0.081382
-0.086750 0.081446
-0.086487 0.081508
-0.086223 0.081568
-0.085960 0.081626
-0.085697 0.081683
-0.085434 0.081737
-0.085172 0.081790
-0.084910 0.081841
-0.084648 0.081890
-0.084386 0.081937
-0.084125 0.081982
-0.083864 0.082026
-0.083603 0.082068
-0.083343 0.082108
-0.083082 0.082146
-0.082823 0.082182
-0.082563 0.082216
-0.082303 0.082249
-0.082044 0.082280
-0.081786 0.082309
-0.081527 0.082336
-0.081269 0.082361
-0.081011 0.082385
-0.080753 0.082407
-0.080495 0.082426
-0.080238 0.082445
-0.079981 0.082461
-0.079724 0.082475
-0.079468 0.082488
-0.079212 0.082499
-0.078956 0.082508
-0.078700 0.082515
-0.078444 0.082521
-0.078189 0.082524
-0.077934 0.082526
-0.077680 0.082527
-0.077425 0.082525
-0.077171 0.082522
-0.076917 0.082516
-0.076663 0.082509
-0.076410 0.082501
-0.076157 0.082490
-0.075904 0.082478
-0.075651 0.082464
-0.075399 0.082448
-0.075147 0.082431
-0.074895 0.082411
-0.074643 0.082390
-0.074392 0.082368
-0.074140 0.082343
-0.073890 0.082317
-0.073639 0.082289
-0.073388 0.082260
-0.073138 0.082228
-0.072888 0.082195
-0.072638 0.082160
-0.072389 0.082124
-0.072140 0.082086
-0.071891 0.081880
-0.071642 0.081838
-0.071393 0.081796
-0.071145 0.081751
-0.070897 0.081705
-0.070649 0.081657
-0.070402 0.081607
-0.070154 0.081556
-0.069907 0.081503
-0.069660 0.081449
-0.069414 0.081393
-0.069167 0.081335
-0.068921 0.081275
-0.068675 0.081214
-0.068429 0.081152
-0.068184 0.081087
-0.067938 0.081021
-0.067693 0.080954
-0.067448 0.080884
-0.067204 0.080814
-0.066959 0.080741
-0.066715 0.080667
-0.066471 0.080592
-0.066228 0.080514
-0.065984 0.080436
-0.065741 0.080355
-0.065498 0.080273
-0.065255 0.080190
-0.065012 0.080105
-0.064770 0.080018
-0.064528 0.079930
-0.064286 0.079841
-0.064044 0.079749
-0.063803 0.079657
-0.063561 0.079562
-0.063320 0.079467
-0.063079 0.079369
-0.062839 0.079271
-0.062598 0.079170
-0.062358 0.079069
-0.062118 0.078965
-0.061878 0.078861
-0.061639 0.078754
-0.061399 0.078647
-0.061160 0.078538
-0.060921 0.078427
-0.060683 0.078315
-0.060444 0.078202
-0.060206 0.078087
-0.059968 0.077970
-0.059730 0.077853
-0.059492 0.077733
-0.059254 0.077613
-0.059017 0.077491
-0.058780 0.077367
-0.058543 0.077243
-0.058307 0.077117
-0.058070 0.076989
-0.057834 0.076860
-0.057598 0.076730
-0.057362 0.076598
-0.057126 0.076465
-0.056891 0.076331
-0.056656 0.076195
-0.056421 0.076058
-0.056186 0.075920
-0.055951 0.075780
-0.055717 0.075639
-0.055482 0.075497
-0.055248 0.075354
-0.055014 0.075209
-0.054781 0.075063
-0.054547 0.074915
-0.054314 0.074767
-0.054081 0.074617
-0.053848 0.074465
-0.053615 0.074313
-0.053383 0.074159
-0.053151 0.074005
-0.052919 0.073848
-0.052687 0.073691
-0.052455 0.073533
-0.052223 0.073373
-0.051992 0.073212
-0.051761 0.073050
-0.051530 0.072886
-0.051299 0.072722
-0.051069 0.072556
-0.050838 0.072389
-0.050608 0.072222
-0.050378 0.072052
-0.050148 0.071882
-0.049919 0.071711
-0.049689 0.071538
-0.049460 0.071365
-0.049231 0.071190
-0.049002 0.071014
-0.048773 0.070837
-0.048545 0.070659
-0.048316 0.070480
-0.048088 0.070300
-0.047860 0.070119
-0.047632 0.069937
-0.047405 0.069753
-0.047177 0.069569
-0.046950 0.069384
-0.046723 0.069197
-0.046496 0.069010
-0.046269 0.068821
-0.046043 0.068632
-0.045817 0.068442
-0.045590 0.068250
-0.045364 0.068058
-0.045139 0.067864
-0.044913 0.067670
-0.044688 0.067475
-0.044462 0.067279
-0.044237 0.067081
-0.044012 0.066883
-0.043787 0.066684
-0.043563 0.066484
-0.043338 0.066284
-0.043114 0.066082
-0.042890 0.065879
-0.042666 0.065676
-0.042443 0.065471
-0.042219 0.065266
-0.041996 0.065060
-0.041772 0.064853
-0.041549 0.064645
-0.041327 0.064437
-0.041104 0.064227
-0.040881 0.064017
-0.040659 0.063806
-0.040437 0.063594
-0.040215 0.063381
-0.039993 0.063168
-0.039771 0.062954
-0.039550 0.062738
-0.039329 0.062523
-0.039107 0.062306
-0.038886 0.062089
-0.038666 0.061871
-0.038445 0.061652
-0.038224 0.061433
-0.038004 0.061212
-0.037784 0.060991
-0.037564 0.060770
-0.037344 0.060548
-0.037124 0.060325
-0.036905 0.060101
-0.036685 0.059877
-0.036466 0.059652
-0.036247 0.059426
-0.036028 0.059200
-0.035810 0.058973
-0.035591 0.058745
-0.035373 0.058517
-0.035155 0.058289
-0.034936 0.058059
-0.034719 0.057829
-0.034501 0.057599
-0.034283 0.057368
-0.034066 0.057136
-0.033849 0.056904
-0.033631 0.056671
-0.033414 0.056438
-0.033198 0.056204
-0.032981 0.055970
-0.032765 0.055735
-0.032548 0.055499
-0.032332 0.055263
-0.032116 0.055027
-0.031900 0.054790
-0.031684 0.054553
-0.031469 0.054315
-0.031254 0.054077
-0.031038 0.053838
-0.030823 0.053599
-0.030608 0.053359
-0.030393 0.053119
-0.030179 0.052879
-0.029964 0.052638
-0.029750 0.052397
-0.029536 0.052155
-0.029322 0.051913
-0.029108 0.051671
-0.028894 0.051428
-0.028681 0.051185
-0.028467 0.050942
-0.028254 0.050698
-0.028041 0.050454
-0.027828 0.050209
-0.027615 0.049964
-0.027402 0.049719
-0.027190 0.049474
-0.026977 0.049228
-0.026765 0.048982
-0.026553 0.048736
-0.026341 0.048490
-0.026129 0.048243
-0.025918 0.047996
-0.025706 0.047749
-0.025495 0.047501
-0.025284 0.047254
-0.025073 0.047006
-0.024862 0.046758
-0.024651 0.046509
-0.024440 0.046261
-0.024230 0.046012
-0.024020 0.045763
-0.023809 0.045514
-0.023599 0.045265
-0.023389 0.045016
-0.023180 0.044766
-0.022970 0.044517
-0.022760 0.044267
-0.022551 0.044017
-0.022342 0.043767
-0.022133 0.043717
-0.021924 0.043465
-0.021715 0.043214
-0.021507 0.042962
-0.021298 0.042710
-0.021090 0.042459
-0.020881 0.042207
-0.020673 0.041955
-0.020465 0.041704
-0.020258 0.041452
-0.020050 0.041200
-0.019842 0.040948
-0.019635 0.040697
-0.019428 0.040445
-0.019221 0.040193
-0.019014 0.039941
-0.018807 0.039690
-0.018600 0.039438
-0.018394 0.039186
-0.018187 0.038935
-0.017981 0.038684
-0.017775 0.038432
-0.017569 0.038181
-0.017363 0.037930
-0.017157 0.037679
-0.016951 0.037428
-0.016746 0.037177
-0.016541 0.036927
-0.016335 0.036676
-0.016130 0.036426
-0.015925 0.036176
-0.015720 0.035926
-0.015516 0.035676
-0.015311 0.035426
-0.015107 0.035177
-0.014902 0.034927
-0.014698 0.034678
-0.014494 0.034430
-0.014290 0.034181
-0.014087 0.033933
-0.013883 0.033684
-0.013679 0.033437
-0.013476 0.033189
-0.013273 0.032942
-0.013070 0.032695
-0.012867 0.032448
-0.012664 0.032202
-0.012461 0.031956
-0.012258 0.031710
-0.012056 0.031464
-0.011854 0.031219
-0.011651 0.030974
-0.011449 0.030730
-0.011247 0.030486
-0.011045 0.030242
-0.010844 0.029999
-0.010642 0.029756
-0.010441 0.029513
-0.010239 0.029271
-0.010038 0.029029
-0.009837 0.028788
-0.009636 0.028547
-0.009435 0.028306
-0.009234 0.028066
-0.009034 0.027705
-0.008833 0.027467
-0.008633 0.027230
-0.008433 0.026992
-0.008233 0.026756
-0.008033 0.026520
-0.007833 0.026284
-0.007633 0.026049
-0.007434 0.025814
-0.007234 0.025580
-0.007035 0.025346
-0.006836 0.025113
-0.006636 0.024881
-0.006437 0.024649
-0.006239 0.024417
-0.006040 0.024186
-0.005841 0.023956
-0.005643 0.023726
-0.005444 0.023497
-0.005246 0.023269
-0.005048 0.023041
-0.004850 0.022814
-0.004652 0.022587
-0.004454 0.022361
-0.004257 0.022136
-0.004059 0.021911
-0.003862 0.021687
-0.003664 0.021464
-0.003467 0.021241
-0.003270 0.021019
-0.003073 0.020798
-0.002876 0.020775
-0.002679 0.020553
-0.002483 0.020332
-0.002286 0.020112
-0.002090 0.019892
-0.001894 0.019673
-0.001698 0.019454
-0.001502 0.019237
-0.001306 0.019020
-0.001110 0.018804
-0.000914 0.018589
-0.000719 0.018200
-0.000523 0.017989
-0.000328 0.017778
-0.000133 0.017568
0.000062 0.017359
0.000257 0.017151
0.000452 0.016944
0.000647 0.016738
0.000842 0.016532
0.001036 0.016327
0.001231 0.016123
0.001425 0.015921
0.001619 0.015718
0.001813 0.015517
0.002007 0.015317
0.002201 0.015118
0.002395 0.014919
0.002588 0.014722
0.002782 0.014526
0.002975 0.014330
0.003169 0.014135
0.003362 0.013942
0.003555 0.013749
0.003748 0.013558
0.003941 0.013367
0.004133 0.013177
0.004326 0.012989
0.004519 0.012801
0.004711 0.012614
0.004903 0.012429
0.005095 0.012244
0.005288 0.012061
0.005480 0.011878
0.005671 0.011697
0.005863 0.011517
0.006055 0.011338
0.006246 0.011160
0.006438 0.010983
0.006629 0.010807
0.006820 0.010632
0.007011 0.010458
0.007202 0.010286
0.007393 0.010114
0.007584 0.009944
0.007775 0.009775
0.007965 0.009607
0.008156 0.009441
0.008346 0.009275
0.008536 0.009111
0.008727 0.008947
0.008917 0.008785
0.009106 0.008625
0.009296 0.008465
0.009486 0.008307
0.009676 0.008150
0.009865 0.007994
0.010055 0.007839
0.010244 0.007686
0.010433 0.007534
0.010622 0.007383
0.010811 0.007234
0.011000 0.007085
0.011189 0.006939
0.011377 0.006793
0.011566 0.006649
0.011755 0.006506
0.011943 0.006364
0.012131 0.006224
0.012319 0.006085
0.012507 0.005947
0.012695 0.005811
0.012883 0.005676
0.013071 0.005543
0.013259 0.005608
0.013446 0.005472
0.013634 0.005338
0.013821 0.005206
0.014008 0.005074
0.014195 0.004945
0.014382 0.004817
0.014569 0.004690
0.014756 0.004565
0.014943 0.004441
0.015129 0.004319
0.015316 0.004198
0.015502 0.004079
0.015689 0.003962
0.015875 0.003846
0.016061 0.003791
0.016247 0.003677
0.016433 0.003564
0.016619 0.003452
0.016805 0.003343
0.016990 0.003234
0.017176 0.003128
0.017361 0.003023
0.017547 0.002920
0.017732 0.002818
0.017917 0.002718
0.018102 0.002620
0.018287 0.002523
0.018472 0.002428
0.018657 0.002335
0.018841 0.002243
0.019026 0.002153
0.019210 0.002065
0.019395 0.001979
0.019579 0.001894
0.019763 0.001811
0.019947 0.001730
0.020131 0.001651
0.020315 0.001669
0.020499 0.001588
0.020683 0.001510
0.020866 0.001433
0.021050 0.001358
0.021233 0.001285
0.021417 0.001214
0.021600 0.001145
0.021783 0.001078
0.021966 0.001013
0.022149 0.000949
0.022332 0.000888
0.022515 0.000829
0.022697 0.000771
0.022880 0.000716
0.023062 0.000663
0.023245 0.000611
0.023427 0.000562
0.023609 0.000515
0.023791 0.000527
0.023973 0.000479
0.024155 0.000433
0.024337 0.000389
0.024519 0.000347
0.024700 0.000308
0.024882 0.000271
0.025063 0.000236
0.025245 0.000204
0.025426 0.000174
0.025607 0.000146
0.025788 0.000121
0.025969 0.000098
0.026150 0.000077
0.026331 0.000104
0.026512 0.000077
0.026692 0.000054
0.026873 0.000035
0.027053 0.000020
0.027234 0.000009
0.027414 0.000002
0.027594 -0.000000
0.027684 0.000000
0.027774 0.000001
0.027954 0.000007
0.028135 0.000017
0.028315 0.000031
0.028495 0.000049
0.028676 0.000071
0.028857 0.000098
0.029037 0.000129
0.029218 0.000101
0.029399 0.000125
0.029580 0.000152
0.029761 0.000181
0.029942 0.000213
0.030123 0.000248
0.030305 0.000285
0.030486 0.000325
0.030668 0.000367
0.030849 0.000413
0.031031 0.000461
0.031213 0.000512
0.031395 0.000565
0.031577 0.000559
0.031759 0.000613
0.031941 0.000668
0.032124 0.000727
0.032306 0.000788
0.032488 0.000851
0.032671 0.000917
0.032854 0.000986
0.033036 0.001057
0.033219 0.001131
0.033402 0.001208
0.033585 0.001287
0.033768 0.001369
0.033952 0.001454
0.034135 0.001541
0.034318 0.001631
0.034502 0.001724
0.034685 0.001724
0.034869 0.001818
0.035053 0.001914
0.035237 0.002012
0.035421 0.002114
0.035605 0.002218
0.035789 0.002325
0.035973 0.002434
0.036158 0.002547
0.036342 0.002662
0.036527 0.002780
0.036711 0.002900
0.036896 0.003024
0.037081 0.003150
0.037266 0.003280
0.037451 0.003412
0.037636 0.003547
0.037821 0.003685
0.038007 0.003826
0.038192 0.003901
0.038378 0.004045
0.038563 0.004192
0.038749 0.004342
0.038935 0.004495
0.039121 0.004651
0.039307 0.004810
0.039493 0.004972
0.039679 0.005137
0.039866 0.005305
0.040052 0.005476
0.040239 0.005650
0.040425 0.005827
0.040612 0.005807
0.040799 0.005984
0.040986 0.006165
0.041173 0.006348
0.041360 0.006535
0.041547 0.006724
0.041735 0.006917
0.041922 0.007113
0.042110 0.007311
0.042297 0.007513
0.042485 0.007719
0.042673 0.007927
0.042861 0.008139
0.043049 0.008354
0.043237 0.008572
0.043425 0.008793
0.043614 0.009018
0.043802 0.009245
0.043991 0.009477
0.044179 0.009711
0.044368 0.009949
0.044557 0.010190
0.044746 0.010435
0.044935 0.010683
0.045124 0.010934
0.045314 0.011189
0.045503 0.011448
0.045693 0.011710
0.045882 0.011975
0.046072 0.012244
0.046262 0.012516
0.046452 0.012792
0.046642 0.013071
0.046832 0.013354
0.047022 0.013641
0.047212 0.013931
0.047403 0.014225
0.047593 0.014523
0.047784 0.014824
0.047975 0.015129
0.048166 0.015437
0.048357 0.015750
0.048548 0.016066
0.048739 0.016386
0.048930 0.016710
0.049122 0.017037
0.049313 0.017368
0.049505 0.017703
0.049697 0.018043
0.049889 0.018385
0.050081 0.018904
0.050273 0.019258
0.050465 0.019616
0.050657 0.019978
0.050850 0.020344
0.051042 0.020714
0.051235 0.021088
0.051427 0.021466
0.051620 0.021848
0.051813 0.022033
0.052006 0.022420
0.052200 0.022811
0.052393 0.023206
0.052586 0.023606
0.052780 0.024009
0.052973 0.024417
0.053167 0.024829
0.053361 0.025245
0.053555 0.025666
0.053749 0.026091
0.053943 0.026520
0.054137 0.026954
0.054332 0.027391
0.054526 0.027937
0.054721 0.028385
0.054916 0.028838
0.055111 0.029295
0.055306 0.029756
0.055501 0.030222
0.055696 0.030693
0.055891 0.031168
0.056087 0.031648
0.056282 0.032132
0.056478 0.032621
0.056674 0.033115
0.056870 0.033613
0.057066 0.034116
0.057262 0.034623
0.057458 0.035135
0.057654 0.035652
0.057851 0.036174
0.058048 0.036701
0.058244 0.037232
0.058441 0.037768
0.058638 0.038309
0.058835 0.038855
0.059032 0.039406
0.059230 0.039962
0.059427 0.040522
0.059625 0.041088
0.059822 0.041658
0.060020 0.042234
0.060218 0.042815
0.060416 0.043400
0.060614 0.043991
0.060812 0.044587
0.061011 0.045188
0.061209 0.045794
0.061408 0.046405
0.061607 0.047022
0.061806 0.047643
0.062005 0.048270
0.062204 0.048902
0.062403 0.049540
0.062602 0.050183
0.062802 0.050831
0.063001 0.051484
0.063201 0.052143
0.063401 0.052807
0.063601 0.053477
0.063801 0.054152
0.064001 0.054833
0.064202 0.055317
0.064402 0.056006
0.064603 0.056701
0.064803 0.057401
0.065004 0.058107
0.065205 0.058818
0.065406 0.059535
0.065607 0.060258
0.065809 0.060986
0.066010 0.061720
0.066212 0.062460
0.066414 0.063206
0.066615 0.063957
0.066817 0.064714
0.067019 0.065477
0.067222 0.066246
0.067424 0.067021
0.067627 0.067802
0.067829 0.068588
0.068032 0.069381
0.068235 0.070179
0.068438 0.070984
0.068641 0.071794
0.068844 0.072611
0.069048 0.073434
0.069251 0.074263
0.069455 0.075098
0.069658 0.075939
0.069862 0.076786
0.070066 0.077640
0.070271 0.078499
0.070475 0.079365
0.070679 0.080238
0.070884 0.081116
0.071089 0.082001
0.071293 0.082893
0.071498 0.083791
0.071703 0.084695
0.071909 0.085605
0.072114 0.086523
0.072320 0.087446
0.072525 0.088376
0.072731 0.089313
0.072937 0.090257
0.073143 0.091206
0.073349 0.092163
0.073555 0.093126
0.073762 0.094096
0.073968 0.095073
0.074175 0.096056
0.074382 0.097047
0.074589 0.098044
0.074796 0.099048
0.075003 0.100058
0.075211 0.101076
0.075418 0.102101
0.075626 0.103132
0.075834 0.104171
0.076042 0.105216
0.076250 0.106269
0.076458 0.107328
0.076666 0.108395
0.076875 0.109469
0.077083 0.110550
0.077292 0.111638
0.077501 0.112733
0.077710 0.113836
0.077919 0.114945
0.078129 0.116062
0.078338 0.117187
0.078548 0.118319
0.078758 0.119458
0.078967 0.120604
0.079177 0.121758
0.079388 0.122920
0.079598 0.124089
0.079809 0.125265
0.080019 0.126449
0.080230 0.127641
0.080441 0.128840
0.080652 0.130047
0.080863 0.131262
0.081074 0.132484
0.081286 0.133714
0.081498 0.134952
0.081709 0.136197
0.081921 0.137450
0.082133 0.138712
0.082346 0.139981
0.082558 0.141258
0.082771 0.142543
0.082983 0.143836
0.083196 0.145137
0.083409 0.146446
0.083622 0.147763
0.083835 0.149088
0.084049 0.150580
0.084262 0.151923
0.084476 0.153274
0.084690 0.154634
0.084904 0.156001
0.085118 0.157377
0.085333 0.158762
0.085547 0.160155
0.085762 0.161556
0.085976 0.162966
0.086191 0.164384
0.086406 0.165810
0.086622 0.167245
0.086837 0.168689
0.087053 0.170141
0.087268 0.171602
0.087484 0.173072
0.087700 0.174550
0.087916 0.176037
0.088133 0.177533
0.088349 0.179037
0.088566 0.180550
0.088783 0.182072
0.089000 0.183401
0.089217 0.184939
0.089434 0.186486
0.089651 0.188041
0.089869 0.189606
0.090087 0.191179
0.090305 0.192762
0.090523 0.194354
0.090741 0.195955
0.090959 0.197565
0.091178 0.199184
0.091397 0.200813
0.091615 0.202450
0.091834 0.204097
0.092054 0.205754
0.092273 0.207419
0.092493 0.209094
0.092712 0.210779
0.092932 0.212473
0.093152 0.214176
0.093372 0.215889
0.093593 0.217612
0.093813 0.219344
0.094034 0.221085
0.094255 0.222837
0.094476 0.224598
0.094697 0.226368
0.094918 0.228149
0.095140 0.229939
0.095361 0.231739
0.095583 0.233549
0.095805 0.235369
0.096027 0.237199
0.096250 0.239039
0.096472 0.240889
0.096695 0.242749
0.096918 0.244619
0.097141 0.246499
0.097364 0.248389
0.097587 0.250289
0.097811 0.252200
0.098034 0.254120
0.098258 0.256052
0.098482 0.257993
0.098707 0.259945
0.098931 0.261907
0.099156 0.263880
0.099380 0.265863
0.099605 0.267856
0.099830 0.269860
0.100056 0.271875
0.100281 0.273900
0.100507 0.275936
0.100733 0.277983
0.100959 0.280040
0.101185 0.282108
0.101411 0.284187
0.101638 0.286276
0.101864 0.288377
0.102091 0.290589
0.102318 0.292712
0.102546 0.294847
0.102773 0.296992
0.103001 0.299149
0.103228 0.301316
0.103456 0.303495
0.103684 0.305685
0.103913 0.307886
0.104141 0.310098
0.104370 0.312321
0.104599 0.314556
0.104828 0.316802
0.105057 0.319060
0.105287 0.321328
0.105516 0.323608
0.105746 0.325900
0.105976 0.328203
0.106206 0.330517
0.106437 0.332843
0.106667 0.335181
0.106898 0.337530
0.107129 0.339890
0.107360 0.342263
0.107592 0.344647
0.107823 0.347043
0.108055 0.349450
0.108287 0.351870
0.108519 0.354302
0.108751 0.356746
0.108984 0.359203
0.109216 0.361674
0.109449 0.364156
0.109682 0.366651
0.109915 0.369159
0.110149 0.371679
0.110383 0.374215
0.110616 0.376762
0.110851 0.379320
0.111085 0.381892
0.111319 0.384477
0.111554 0.387077
0.111789 0.389686
0.112024 0.392309
0.112259 0.394944
0.112494 0.397592
0.112730 0.400046
0.112966 0.402712
0.113202 0.405392
0.113438 0.408084
0.113675 0.410788
0.113911 0.413506
0.114148 0.416237
0.114385 0.418980
0.114623 0.421737
0.114860 0.424507
0.115098 0.427289
0.115336 0.430085
0.115574 0.432894
0.115812 0.435820
0.116051 0.438660
0.116289 0.441513
0.116528 0.444380
0.116768 0.447260
0.117007 0.450153
0.117246 0.453059
0.117486 0.455979
0.117726 0.458912
0.117966 0.461859
0.118207 0.464820
0.118448 0.467794
0.118688 0.470781
0.118930 0.473783
0.119171 0.476798
0.119412 0.479827
0.119654 0.482869
0.119896 0.485926
0.120138 0.488996
0.120381 0.492082
0.120623 0.495178
0.120866 0.498291
0.121109 0.501416
0.121352 0.504556
0.121596 0.507709
0.121840 0.510880
0.122083 0.514065
0.122328 0.517060
0.122572 0.520269
0.122817 0.523688
0.123061 0.526894
0.123307 0.530135
0.123552 0.533431
0.123797 0.536711
0.124043 0.540011
0.124289 0.543332
0.124535 0.546465
0.124782 0.549806
0.125028 0.553161
0.125275 0.556532
0.125522 0.559917
0.128256 0.598240
0.128506 0.601810
0.128757 0.605395
0.129007 0.608996
0.129258 0.612601
0.129509 0.616232
0.129760 0.619878
0.130011 0.623537
0.130263 0.627221
0.130515 0.630916
0.130767 0.634628
0.131019 0.638356
0.131272 0.642099
0.131525 0.645860
0.131778 0.649636
0.132032 0.653428
0.132285 0.657245
0.132539 0.661068
0.132793 0.664908
0.133048 0.668764
0.133302 0.672640
0.133557 0.676529
0.133813 0.680435
0.134068 0.684358
0.134324 0.688283
0.134580 0.692242
0.134836 0.696217
0.135092 0.700214
0.135349 0.704217
0.135606 0.708241
0.135863 0.712283
0.136121 0.716340
0.136379 0.720415
0.136637 0.724505
0.136895 0.728610
0.137154 0.732735
0.137413 0.736876
0.137672 0.741034
0.137931 0.745209
0.138191 0.749396
0.138451 0.753564
0.138711 0.757802
0.138971 0.762081
0.139232 0.766346
0.139493 0.770612
0.139754 0.774871
0.140016 0.779243
0.140278 0.783606
0.140540 0.787972
0.140802 0.792154
0.141065 0.796541
0.141328 0.801009
0.141591 0.805434
0.141855 0.809962
0.142118 0.814402
0.142383 0.818875
0.142647 0.823418
0.142912 0.827755
0.143177 0.832288
0.143442 0.836909
0.143707 0.841483
0.143973 0.846060
0.144239 0.850670
0.144506 0.855295
0.144772 0.859938
0.145039 0.864601
0.145307 0.869282
0.145574 0.873982
0.145842 0.878701
0.146110 0.883439
0.146379 0.888197
0.146647 0.892973
0.146916 0.897768
0.147186 0.902583
0.147455 0.907419
0.147725 0.912270
0.147996 0.917142
0.148266 0.922034
0.148537 0.926945
0.148808 0.931876
0.149080 0.936828
0.149352 0.941798
0.149624 0.946788
0.149896 0.951798
0.150169 0.956827
0.150442 0.961877
0.150715 0.966947
0.150989 0.972036
0.151263 0.977146
0.151537 0.982276
0.151812 0.987426
0.152087 0.992596
0.152362 0.997787
0.152638 1.002998
0.152913 1.008229
0.153190 1.013482
0.153466 1.018754
0.153743 1.024048
0.154020 1.029362
0.154298 1.034697
0.154576 1.040052
0.154854 1.045429
0.155133 1.050827
0.155411 1.056245
0.155691 1.061685
0.155970 1.067146
0.156250 1.072628
0.156530 1.078131
0.156811 1.083656
0.157092 1.089202
0.157373 1.094770
0.157655 1.100359
0.157937 1.105970
0.158219 1.111603
0.158501 1.117257
0.158784 1.122933
0.159068 1.128631
0.159351 1.134352
0.159635 1.140094
0.159920 1.145858
0.160205 1.151644
0.160490 1.157453
0.160775 1.163284
0.161061 1.169137
0.161347 1.175013
0.161634 1.180911
0.161921 1.186832
0.162208 1.192776
0.162495 1.198742
0.162783 1.204731
0.163072 1.210743
0.163361 1.216778
0.163650 1.222837
0.163939 1.228918
0.164229 1.235021
0.164519 1.241148
0.164810 1.247299
0.165101 1.253473
0.165392 1.259671
0.165684 1.265892
0.165976 1.272137
0.166269 1.278406
0.166561 1.284698
0.166855 1.291015
0.167148 1.297355
0.167443 1.303720
0.167737 1.310108
0.168032 1.316524
0.168327 1.322961
0.168623 1.329423
0.168919 1.335909
0.169215 1.342418
0.169512 1.348953
0.169809 1.355512
0.170107 1.362095
0.170405 1.368704
0.170704 1.375336
0.171003 1.381994
0.171302 1.388678
0.171602 1.395387
0.171902 1.402121
0.172202 1.408882
0.172503 1.415667
0.172805 1.422477
0.173106 1.429312
0.173409 1.436174
0.173711 1.443061
0.174014 1.449974
0.174318 1.456913
0.174622 1.463878
0.174926 1.470869
0.175231 1.477886
0.175536 1.484930
0.175842 1.492000
0.176148 1.499096
0.176455 1.506219
0.176762 1.513368
0.177069 1.520546
0.177377 1.527749
0.177686 1.534979
0.177995 1.542236
0.178304 1.549521
0.178614 1.556832
0.178924 1.564171
0.179235 1.571537
0.179546 1.578931
0.179857 1.586352
0.180169 1.593801
0.180482 1.601278
0.180795 1.608782
0.181108 1.616315
0.181422 1.623876
0.181737 1.631465
0.182052 1.639082
0.182367 1.646728
0.182683 1.654402
0.182999 1.662105
0.183316 1.669837
0.183634 1.677597
0.183952 1.685387
0.184270 1.693205
0.184589 1.701053
0.184908 1.708930
0.185228 1.716836
0.185548 1.724772
0.185869 1.732737
0.186191 1.740733
0.186512 1.748757
0.186835 1.756812
0.187158 1.764897
0.187481 1.773013
0.187805 1.781158
0.188130 1.789335
0.188455 1.797541
0.188780 1.805778
0.189106 1.814046
0.189433 1.822345
0.189760 1.830674
0.190088 1.839035
0.190416 1.847428
0.190745 1.855851
0.191074 1.864306
0.191404 1.872793
0.191734 1.881312
0.192065 1.889862
0.192397 1.898445
0.192729 1.907060
0.193062 1.915707
0.193395 1.924386
0.193729 1.933098
0.194063 1.941843
0.194398 1.950621
0.194734 1.959431
0.195070 1.968275
0.195407 1.977152
0.195744 1.986062
0.196082 1.995006
0.196421 2.003984
0.196760 2.012995
0.197099 2.022041
0.197440 2.031122
0.197781 2.040236
0.198122 2.049384
0.198464 2.058566
0.198807 2.067784
0.199151 2.077036
0.199495 2.086324
0.199839 2.095646
0.200185 2.105004
0.200530 2.114398
0.200877 2.123827
0.201224 2.133291
0.201572 2.142790
0.201921 2.152327
0.202270 2.161901
0.202620 2.171510
0.202970 2.181156
0.203321 2.190840
0.203673 2.200560
0.204026 2.210317
0.204379 2.220112
0.204733 2.229944
0.205087 2.239814
0.205442 2.249721
0.205798 2.259667
0.206155 2.269651
0.206512 2.279673
0.206870 2.289734
0.207229 2.299834
0.207588 2.309972
0.207949 2.320150
0.208310 2.330367
0.208671 2.340624
0.209034 2.350920
0.209397 2.361256
0.209760 2.371633
0.210125 2.382050
0.210490 2.392506
0.210856 2.403003
0.211223 2.413541
0.211591 2.424120
0.211959 2.434740
0.212328 2.445402
0.212698 2.456105
0.213069 2.466851
0.213440 2.477639
0.213813 2.488267
0.214186 2.499138
0.214560 2.510052
0.214934 2.521008
0.215310 2.532008
0.215686 2.543052
0.216063 2.554139
0.216441 2.565270
0.216820 2.576446
0.217200 2.587666
0.217580 2.598930
0.217962 2.610240
0.218344 2.621595
0.218727 2.632995
0.219111 2.644441
0.219496 2.655933
0.219881 2.667471
0.220268 2.679056
0.220655 2.690688
0.221044 2.702367
0.221433 2.714093
0.221823 2.725867
0.222214 2.737688
0.222606 2.749558
0.222999 2.761476
0.223393 2.773443
0.223788 2.785459
0.224184 2.797525
0.224581 2.809640
0.224979 2.821805
0.225377 2.834020
0.225777 2.846286
0.226178 2.858603
0.226579 2.870971
0.226982 2.883391
0.227386 2.895862
0.227790 2.908386
0.228196 2.920962
0.228603 2.933591
0.229011 2.946274
0.229420 2.959079
0.229829 2.971869
0.230240 2.984714
0.230652 2.997614
0.231066 3.010568
0.231480 3.023578
0.231895 3.036644
0.232312 3.049765
0.232729 3.062944
0.233148 3.076179
0.233568 3.089471
0.233989 3.102822
0.234411 3.116230
0.234834 3.129697
0.235259 3.143223
0.235684 3.156808
0.236111 3.170454
0.236539 3.184159
0.236968 3.197925
0.237399 3.211752
0.237831 3.225641
0.238264 3.239592
0.238698 3.253606
0.239133 3.267682
0.239570 3.281822
0.240008 3.296026
0.240447 3.310295
0.240888 3.324629
0.241330 3.339028
0.241773 3.353492
0.242218 3.368024
0.242664 3.382622
0.243112 3.397289
0.243560 3.412023
0.244011 3.426825
0.244462 3.441697
0.244915 3.456639
0.245370 3.471652
0.245826 3.486735
0.246283 3.501891
0.246742 3.517118
0.247202 3.532419
0.247664 3.547793
0.248128 3.563241
0.248593 3.578764
0.249059 3.594362
0.249527 3.610037
0.249997 3.625788
0.250468 3.641617
0.250941 3.657524
0.251416 3.673511
0.251892 3.689577
0.252370 3.705723
0.252850 3.721952
0.253331 3.738262
0.253814 3.754654
0.254299 3.771130
0.254785 3.787691
0.255274 3.804336
0.255764 3.821068
0.256256 3.837887
0.256749 3.854793
0.257245 3.871789
0.257743 3.888874
0.258242 3.906049
0.258744 3.923316
0.259247 3.940676
0.259752 3.958129
0.260260 3.975677
0.260769 3.993320
0.261280 4.011060
0.261794 4.028897
0.262309 4.046834
0.262827 4.064871
0.263347 4.083008
0.263869 4.101248
0.264393 4.119590
0.264920 4.138038
0.265448 4.156591
0.265979 4.175252
0.266513 4.194021
0.267049 4.212900
0.267587 4.231890
0.268127 4.250993
0.268670 4.270209
0.269216 4.289541
0.269764 4.308990
0.270314 4.328557
0.270867 4.348243
0.271423 4.368050
0.271981 4.387980
0.272543 4.408034
0.273106 4.428215
0.273673 4.448523
0.274243 4.468960
0.274815 4.489529
0.275390 4.510231
0.275968 4.531068
0.276550 4.552042
0.277134 4.573156
0.277721 4.594412
0.278312 4.615811
0.278906 4.637356
0.279503 4.659050
0.280103 4.680895
0.280706 4.702893
0.281314 4.725046
0.281924 4.747358
0.282538 4.769831
0.283156 4.792467
0.283777 4.815269
0.284402 4.838241
0.285031 4.861384
0.285664 4.884498
0.286301 4.907987
0.286941 4.931656
0.287586 4.955509
0.288235 4.979625
0.288888 5.003859
0.289546 5.028286
0.290208 5.052913
0.290874 5.077740
0.291546 5.102774
0.292221 5.128017
0.292902 5.153475
0.293588 5.179155
0.294278 5.205055
0.294974 5.231183
0.295675 5.257545
0.296381 5.284145
0.297093 5.310989
0.297811 5.338083
0.298534 5.365431
0.299263 5.393041
0.299998 5.420918
0.300740 5.449069
0.301487 5.477500
0.302242 5.506219
0.303003 5.535234
0.303771 5.564553
0.304546 5.594182
0.305328 5.624130
0.306118 5.654407
0.306915 5.685021
0.307720 5.715982
0.308534 5.747301
0.309356 5.778986
0.310187 5.811055
0.311026 5.843312
0.311875 5.876168
0.312734 5.909441
0.313602 5.943146
0.314481 5.977297
0.315370 6.011910
0.316271 6.047071
0.317183 6.082663
0.318106 6.118772
0.319043 6.155419
0.319992 6.192625
0.320954 6.230412
0.321931 6.268807
0.322923 6.307836
0.323929 6.347526
0.324952 6.387911
0.325992 6.429023
0.327049 6.470900
0.328126 6.513581
0.329222 6.557110
0.330339 6.601535
0.331478 6.646910
0.332640 6.693292
0.333828 6.740751
0.335042 6.789150
0.336285 6.838954
0.337558 6.890173
0.338865 6.942715
0.340207 6.996772
0.341588 7.052493
0.343012 7.110024
0.344483 7.169543
0.346005 7.231256
0.347585 7.295413
0.349229 7.362314
0.350947 7.432323
0.352748 7.505679
0.354647 7.583365
0.356661 7.665937
0.358815 7.754407
0.361142 7.850197
0.363692 7.955415
0.366545 8.073429
0.369844 8.210287
0.373904 8.379192
0.379799 8.625518
