-0.929289 10.588309
-0.877526 9.228968
-0.841886 8.319091
-0.812917 7.597981
-0.787868 6.989257
-0.765479 6.457807
-0.745049 5.984263
-0.726139 5.556721
-0.708452 5.166459
-0.691779 4.807694
-0.675963 4.476038
-0.660883 4.168326
-0.646447 3.881922
-0.632577 3.614354
-0.619211 3.364070
-0.606300 3.129597
-0.593798 2.909691
-0.581670 2.703197
-0.569884 2.509364
-0.558412 2.327299
-0.547231 2.156286
-0.536319 1.995885
-0.525658 1.845111
-0.515232 1.703648
-0.505025 1.571020
-0.495025 1.446750
-0.485218 1.330412
-0.475596 1.221672
-0.456861 1.025462
-0.447732 0.937272
-0.438751 0.855095
-0.429912 0.778941
-0.421208 0.708344
-0.412633 0.643010
-0.404181 0.582650
-0.395848 0.526986
-0.387628 0.475745
-0.379516 0.428848
-0.371510 0.385643
-0.363604 0.346094
-0.355795 0.309962
-0.348080 0.277017
-0.340455 0.247035
-0.332917 0.219741
-0.325463 0.195068
-0.318091 0.172771
-0.310798 0.152604
-0.303581 0.134454
-0.296438 0.118319
-0.289366 0.103646
-0.282365 0.090505
-0.275431 0.078763
-0.268563 0.068294
-0.261759 0.058983
-0.255017 0.050721
-0.248335 0.043413
-0.241712 0.036965
-0.235147 0.031406
-0.228638 0.026419
-0.222183 0.022065
-0.215781 0.018280
-0.209431 0.015004
-0.203131 0.012185
-0.196881 0.009773
-0.190679 0.007725
-0.184525 0.006001
-0.178416 0.004563
-0.172353 0.003413
-0.166333 0.002443
-0.160357 0.001673
-0.154423 0.001077
-0.148531 0.000664
-0.142679 0.000336
-0.136866 0.000128
-0.131093 0.000022
-0.125357 0.000002
-0.119659 0.000056
-0.113998 0.000170
-0.108372 0.000332
-0.102782 0.000535
-0.097226 0.000767
-0.091705 0.001021
-0.086217 0.001232
-0.080761 0.001497
-0.075338 0.001766
-0.069946 0.002034
-0.064586 0.002296
-0.059256 0.002548
-0.053956 0.002788
-0.048685 0.003013
-0.043444 0.003221
-0.038231 0.003409
-0.033046 0.003577
-0.027889 0.003722
-0.022759 0.003844
-0.017656 0.003901
-0.012579 0.003974
-0.007528 0.004023
-0.002503 0.004047
0.002503 0.004047
0.007528 0.004023
0.012579 0.003974
0.017656 0.003901
0.022759 0.003844
0.027889 0.003722
0.033046 0.003577
0.038231 0.003409
0.043444 0.003221
0.048685 0.003013
0.053956 0.002788
0.059256 0.002548
0.064586 0.002296
0.069946 0.002034
0.075338 0.001766
0.080761 0.001497
0.086217 0.001232
0.091705 0.001021
0.097226 0.000767
0.102782 0.000535
0.108372 0.000332
0.113998 0.000170
0.119659 0.000056
0.125357 0.000002
0.126801 0.000000
0.131093 0.000022
0.136866 0.000128
0.142679 0.000336
0.148531 0.000664
0.154423 0.001077
0.160357 0.001673
0.166333 0.002443
0.172353 0.003413
0.178416 0.004563
0.184525 0.006001
0.190679 0.007725
0.196881 0.009773
0.203131 0.012185
0.209431 0.015004
0.215781 0.018280
0.222183 0.022065
0.228638 0.026419
0.235147 0.031406
0.241712 0.036965
0.248335 0.043413
0.255017 0.050721
0.261759 0.058983
0.268563 0.068294
0.275431 0.078763
0.282365 0.090505
0.289366 0.103646
0.296438 0.118319
0.303581 0.134454
0.310798 0.152604
0.318091 0.172771
0.325463 0.195068
0.332917 0.219741
0.340455 0.247035
0.348080 0.277017
0.355795 0.309962
0.363604 0.346094
0.371510 0.385643
0.379516 0.428848
0.387628 0.475745
0.395848 0.526986
0.404181 0.582650
0.412633 0.643010
0.421208 0.708344
0.429912 0.778941
0.438751 0.855095
0.447732 0.937272
0.456861 1.025462
0.475596 1.221672
0.485218 1.330412
0.495025 1.446750
0.505025 1.571020
0.515232 1.703648
0.525658 1.845111
0.536319 1.995885
0.547231 2.156286
0.558412 2.327299
0.569884 2.509364
0.581670 2.703197
0.593798 2.909691
0.606300 3.129597
0.619211 3.364070
0.632577 3.614354
0.646447 3.881922
0.660883 4.168326
0.675963 4.476038
0.691779 4.807694
0.708452 5.166459
0.726139 5.556721
0.745049 5.984263
0.765479 6.457807
0.787868 6.989257
0.812917 7.597981
0.841886 8.319091
0.877526 9.228968
0.929289 10.588309
