-0.743431 30.607180
-0.702020 21.395988
-0.673509 16.535353
-0.650334 13.315436
-0.630294 10.982217
-0.612383 9.204527
-0.596039 7.805253
-0.580911 6.678161
-0.566762 5.754504
-0.553423 4.987313
-0.540770 4.343331
-0.528707 3.797646
-0.517157 3.331946
-0.506061 2.931993
-0.495369 2.586637
-0.485040 2.287019
-0.475038 2.026007
-0.465336 1.797800
-0.455907 1.597632
-0.446730 1.421553
-0.437785 1.266267
-0.429055 1.129004
-0.420527 1.007422
-0.412186 0.899528
-0.404020 0.803623
-0.396020 0.718245
-0.388175 0.642136
-0.380476 0.574184
-0.372917 0.513496
-0.365489 0.459408
-0.358186 0.410809
-0.351001 0.367276
-0.343930 0.328258
-0.336967 0.293267
-0.330106 0.261873
-0.323345 0.233698
-0.316678 0.208405
-0.310102 0.185696
-0.303613 0.165304
-0.297208 0.146995
-0.290883 0.130558
-0.284636 0.115804
-0.278464 0.102566
-0.272364 0.090847
-0.266333 0.080187
-0.260370 0.070636
-0.254473 0.062087
-0.248638 0.054440
-0.242864 0.047609
-0.237150 0.041513
-0.231493 0.036080
-0.225892 0.031246
-0.220345 0.026953
-0.214850 0.023087
-0.209407 0.019728
-0.204013 0.016963
-0.198668 0.014333
-0.193370 0.012026
-0.188118 0.010011
-0.182910 0.008258
-0.177746 0.006740
-0.172625 0.005434
-0.167544 0.004318
-0.162505 0.003371
-0.157505 0.002576
-0.152543 0.001915
-0.147620 0.001375
-0.142733 0.000942
-0.137882 0.000694
-0.133067 0.000416
-0.128286 0.000215
-0.123539 0.000081
-0.118825 0.000004
-0.114143 -0.000027
-0.109493 0.000004
-0.104874 0.000062
-0.100286 0.000150
-0.095727 0.000264
-0.091198 0.000398
-0.086698 0.000549
-0.082226 0.000711
-0.077781 0.000882
-0.073364 0.001059
-0.068973 0.001238
-0.064609 0.001416
-0.060270 0.001592
-0.055957 0.001764
-0.051669 0.001929
-0.047404 0.002086
-0.043164 0.002234
-0.038948 0.002274
-0.034755 0.002394
-0.030585 0.002503
-0.026437 0.002599
-0.022311 0.002682
-0.018207 0.002751
-0.014125 0.002807
-0.010063 0.002848
-0.006023 0.002876
-0.002003 0.002890
0.002003 0.002890
0.006023 0.002876
0.010063 0.002848
0.014125 0.002807
0.018207 0.002751
0.022311 0.002682
0.026437 0.002599
0.030585 0.002503
0.034755 0.002394
0.038948 0.002274
0.043164 0.002234
0.047404 0.002086
0.051669 0.001929
0.055957 0.001764
0.060270 0.001592
0.064609 0.001416
0.068973 0.001238
0.073364 0.001059
0.077781 0.000882
0.082226 0.000711
0.086698 0.000549
0.091198 0.000398
0.095727 0.000264
0.100286 0.000150
0.104874 0.000062
0.109493 0.000004
0.113680 0.000000
0.114143 -0.000027
0.118825 0.000004
0.123539 0.000081
0.128286 0.000215
0.133067 0.000416
0.137882 0.000694
0.142733 0.000942
0.147620 0.001375
0.152543 0.001915
0.157505 0.002576
0.162505 0.003371
0.167544 0.004318
0.172625 0.005434
0.177746 0.006740
0.182910 0.008258
0.188118 0.010011
0.193370 0.012026
0.198668 0.014333
0.204013 0.016963
0.209407 0.019728
0.214850 0.023087
0.220345 0.026953
0.225892 0.031246
0.231493 0.036080
0.237150 0.041513
0.242864 0.047609
0.248638 0.054440
0.254473 0.062087
0.260370 0.070636
0.266333 0.080187
0.272364 0.090847
0.278464 0.102566
0.284636 0.115804
0.290883 0.130558
0.297208 0.146995
0.303613 0.165304
0.310102 0.185696
0.316678 0.208405
0.323345 0.233698
0.330106 0.261873
0.336967 0.293267
0.343930 0.328258
0.351001 0.367276
0.358186 0.410809
0.365489 0.459408
0.372917 0.513496
0.380476 0.574184
0.388175 0.642136
0.396020 0.718245
0.404020 0.803623
0.412186 0.899528
0.420527 1.007422
0.429055 1.129004
0.437785 1.266267
0.446730 1.421553
0.455907 1.597632
0.465336 1.797800
0.475038 2.026007
0.485040 2.287019
0.495369 2.586637
0.506061 2.931993
0.517157 3.331946
0.528707 3.797646
0.540770 4.343331
0.553423 4.987313
0.566762 5.754504
0.580911 6.678161
0.596039 7.805253
0.612383 9.204527
0.630294 10.982217
0.650334 13.315436
0.673509 16.535353
0.702020 21.395988
0.743431 30.607180
