-0.782600 4.016867
-0.739997 3.577562
-0.710664 3.279463
-0.686822 3.040558
-0.666205 2.836650
-0.647778 2.657052
-0.630964 2.495232
-0.615400 2.347591
-0.600843 2.211530
-0.587120 2.085347
-0.574103 1.967334
-0.561692 1.856685
-0.549810 1.752520
-0.538394 1.654207
-0.527394 1.561337
-0.516767 1.473151
-0.506478 1.389458
-0.496496 1.309848
-0.486796 1.234243
-0.477354 1.162282
-0.468151 1.093773
-0.459171 1.028639
-0.450396 0.966472
-0.441815 0.907286
-0.433415 0.850846
-0.425184 0.797226
-0.417113 0.746217
-0.409193 0.697723
-0.401415 0.651654
-0.393773 0.608117
-0.386260 0.566649
-0.378869 0.527370
-0.371594 0.490208
-0.364430 0.455097
-0.357372 0.421970
-0.350416 0.390766
-0.343557 0.361423
-0.336792 0.333880
-0.330116 0.308078
-0.323526 0.283956
-0.317019 0.261451
-0.310592 0.240500
-0.304242 0.220844
-0.297967 0.202807
-0.291763 0.186136
-0.285628 0.170769
-0.279560 0.156642
-0.273558 0.143690
-0.267618 0.131849
-0.261739 0.121140
-0.255919 0.111322
-0.250156 0.102421
-0.244450 0.094373
-0.238797 0.087116
-0.233197 0.080589
-0.227648 0.074730
-0.222149 0.069482
-0.216698 0.064788
-0.211294 0.060595
-0.205937 0.056851
-0.200624 0.053506
-0.195355 0.050514
-0.190129 0.047833
-0.184944 0.045422
-0.179800 0.043243
-0.174696 0.041261
-0.169630 0.039446
-0.164603 0.037769
-0.159612 0.036204
-0.154658 0.034727
-0.149739 0.033319
-0.144855 0.031961
-0.140006 0.030640
-0.135189 0.029339
-0.130405 0.028050
-0.125653 0.026762
-0.120933 0.025469
-0.116243 0.024128
-0.111584 0.022815
-0.106954 0.021487
-0.102353 0.020143
-0.097780 0.018785
-0.093236 0.017604
-0.088719 0.016211
-0.084229 0.014816
-0.079765 0.013285
-0.075328 0.011921
-0.070916 0.010575
-0.066529 0.009450
-0.062167 0.008143
-0.057829 0.006887
-0.053515 0.005693
-0.049224 0.004573
-0.044957 0.003542
-0.040713 0.002612
-0.036491 0.001883
-0.032291 0.001170
-0.028112 0.000651
-0.023955 0.000238
-0.019819 0.000038
-0.017759 0.000000
-0.015699 0.000045
-0.011563 0.000278
-0.007406 0.000748
-0.003228 0.001513
0.000972 0.002587
0.005195 0.003846
0.009439 0.005565
0.013706 0.007676
0.017997 0.010215
0.022311 0.012994
0.026649 0.016579
0.031011 0.020595
0.035397 0.024989
0.039809 0.030170
0.044247 0.036065
0.048711 0.042629
0.053201 0.049951
0.057718 0.058079
0.062262 0.067063
0.066835 0.076952
0.071436 0.087796
0.076066 0.099647
0.080725 0.112555
0.085415 0.126568
0.090135 0.141514
0.094887 0.157862
0.099671 0.175464
0.104488 0.194444
0.109337 0.214701
0.114221 0.236377
0.119140 0.259495
0.124094 0.284056
0.129084 0.309945
0.134112 0.337562
0.139177 0.366761
0.144282 0.397540
0.149426 0.429994
0.154610 0.464120
0.159837 0.499940
0.165106 0.537480
0.170419 0.576884
0.175776 0.617949
0.181180 0.660779
0.186631 0.705211
0.197679 0.799898
0.203279 0.849967
0.208932 0.901882
0.214638 0.955644
0.220401 1.011268
0.226221 1.068860
0.232100 1.128236
0.238039 1.189497
0.244042 1.252672
0.250110 1.317772
0.256244 1.384809
0.262448 1.453577
0.268724 1.524501
0.275074 1.597401
0.281501 1.672398
0.288008 1.749318
0.294598 1.828288
0.301274 1.909321
0.308039 1.992450
0.314898 2.077497
0.321854 2.164889
0.328912 2.254683
0.336076 2.346324
0.343350 2.440573
0.350742 2.537078
0.358255 2.635998
0.365897 2.737403
0.373675 2.841370
0.381595 2.947986
0.389666 3.057342
0.397896 3.169345
0.406297 3.284515
0.414878 3.402795
0.423652 3.524536
0.432633 3.649503
0.441836 3.778109
0.451278 3.910578
0.460978 4.047184
0.470960 4.188225
0.481249 4.333811
0.491876 4.484767
0.502876 4.641491
0.514292 4.804403
0.526174 4.974069
0.538585 5.151655
0.551602 5.338099
0.565325 5.534527
0.579881 5.743195
0.595445 5.966189
0.612260 6.206913
0.630687 6.470331
0.651304 6.764529
0.675146 7.103815
0.704479 7.519489
0.747082 8.119613
