-0.284162 0.553076
-0.278566 0.503477
-0.274712 0.471312
-0.271580 0.446243
-0.268872 0.425524
-0.266451 0.407677
-0.264243 0.391942
-0.262198 0.377844
-0.260286 0.365063
-0.258483 0.353371
-0.256773 0.342597
-0.255143 0.332612
-0.253582 0.323314
-0.252082 0.314620
-0.250637 0.306464
-0.249241 0.298789
-0.247890 0.291548
-0.246578 0.284702
-0.245304 0.278216
-0.244064 0.272060
-0.242855 0.266209
-0.241675 0.260639
-0.240523 0.255431
-0.239395 0.250365
-0.238292 0.245526
-0.237211 0.240900
-0.236150 0.236473
-0.235110 0.232234
-0.234088 0.228171
-0.233084 0.224275
-0.232097 0.220537
-0.231127 0.216948
-0.230171 0.213501
-0.229230 0.210189
-0.228303 0.207005
-0.227389 0.203942
-0.226488 0.200997
-0.225599 0.198162
-0.224722 0.195433
-0.223857 0.192805
-0.223002 0.190276
-0.222157 0.187838
-0.221323 0.185490
-0.220499 0.183228
-0.219684 0.181047
-0.218878 0.178946
-0.218081 0.176921
-0.217292 0.174969
-0.216512 0.173087
-0.215740 0.171273
-0.214975 0.169525
-0.214218 0.167839
-0.213469 0.166114
-0.212726 0.164548
-0.211991 0.163038
-0.211262 0.161583
-0.210539 0.160181
-0.209823 0.158830
-0.209113 0.157631
-0.208410 0.156378
-0.207712 0.155171
-0.207019 0.154009
-0.206333 0.152890
-0.205652 0.151814
-0.204976 0.150778
-0.204306 0.149782
-0.203640 0.148824
-0.202980 0.147903
-0.202324 0.147018
-0.201673 0.146168
-0.201027 0.145352
-0.200386 0.144569
-0.199749 0.143817
-0.199116 0.143097
-0.198487 0.142407
-0.197863 0.141746
-0.197243 0.141005
-0.196627 0.140399
-0.196015 0.139821
-0.195407 0.139268
-0.194802 0.138741
-0.194202 0.138238
-0.193605 0.137759
-0.193011 0.137304
-0.192422 0.136871
-0.191835 0.136460
-0.191252 0.136070
-0.190673 0.135701
-0.190096 0.135353
-0.189523 0.135023
-0.188954 0.134713
-0.188387 0.134422
-0.187823 0.134149
-0.187263 0.133893
-0.186705 0.133654
-0.186150 0.133432
-0.185599 0.133226
-0.185050 0.133036
-0.184504 0.132862
-0.183960 0.132702
-0.183420 0.132556
-0.182882 0.132425
-0.182347 0.132307
-0.181814 0.132203
-0.181284 0.132111
-0.180756 0.132033
-0.180231 0.131966
-0.179709 0.131912
-0.179189 0.131869
-0.178671 0.131837
-0.178155 0.131816
-0.177642 0.131806
-0.177131 0.131807
-0.176623 0.131817
-0.176117 0.131837
-0.175612 0.131867
-0.175111 0.131906
-0.174611 0.131954
-0.174113 0.132011
-0.173618 0.132076
-0.173124 0.132149
-0.172633 0.132231
-0.172143 0.132320
-0.171656 0.132416
-0.171170 0.132520
-0.170687 0.132632
-0.170205 0.132750
-0.169725 0.132874
-0.169248 0.133006
-0.168772 0.133143
-0.168298 0.133287
-0.167825 0.133436
-0.167355 0.133591
-0.166886 0.133752
-0.166419 0.133918
-0.165954 0.134089
-0.165490 0.134266
-0.165028 0.134447
-0.164568 0.134633
-0.164110 0.134823
-0.163653 0.135018
-0.163198 0.135217
-0.162744 0.135420
-0.162292 0.135627
-0.161841 0.135838
-0.161392 0.136053
-0.160945 0.136271
-0.160499 0.136492
-0.160055 0.136717
-0.159612 0.136945
-0.159170 0.137176
-0.158731 0.137410
-0.158292 0.137646
-0.157855 0.137885
-0.157419 0.138127
-0.156985 0.138371
-0.156552 0.138618
-0.156121 0.138867
-0.155691 0.139118
-0.155262 0.139371
-0.154835 0.139625
-0.154409 0.139882
-0.153984 0.140140
-0.153561 0.140400
-0.153138 0.140662
-0.152718 0.140925
-0.152298 0.141189
-0.151880 0.141455
-0.151463 0.141722
-0.151047 0.141989
-0.150632 0.142258
-0.150219 0.142528
-0.149807 0.142799
-0.149396 0.143070
-0.148986 0.143343
-0.148577 0.143616
-0.148170 0.143889
-0.147763 0.144163
-0.147358 0.144437
-0.146954 0.144712
-0.146551 0.144987
-0.146149 0.145262
-0.145749 0.145538
-0.145349 0.145813
-0.144951 0.146089
-0.144553 0.146365
-0.144157 0.146640
-0.143761 0.146916
-0.143367 0.147191
-0.142974 0.147466
-0.142582 0.147740
-0.142191 0.148015
-0.141800 0.148289
-0.141411 0.148562
-0.141023 0.148835
-0.140636 0.149108
-0.140250 0.149380
-0.139865 0.149651
-0.139481 0.149922
-0.139097 0.150192
-0.138715 0.150461
-0.138334 0.150729
-0.137953 0.150997
-0.137574 0.151263
-0.137196 0.151529
-0.136818 0.151793
-0.136441 0.152057
-0.136066 0.152320
-0.135691 0.152581
-0.135317 0.152842
-0.134944 0.153101
-0.134572 0.153359
-0.134200 0.153616
-0.133830 0.153872
-0.133460 0.154126
-0.133092 0.154379
-0.132724 0.154631
-0.132357 0.154881
-0.131991 0.155130
-0.131626 0.155378
-0.131261 0.155624
-0.130897 0.155868
-0.130535 0.156112
-0.130173 0.156353
-0.129811 0.156593
-0.129451 0.156831
-0.129091 0.157068
-0.128733 0.157303
-0.128375 0.157537
-0.128017 0.157769
-0.127661 0.157999
-0.127305 0.158227
-0.126950 0.158454
-0.126596 0.158679
-0.126243 0.158902
-0.125890 0.159123
-0.125538 0.159343
-0.125187 0.159560
-0.124837 0.159776
-0.124487 0.159990
-0.124138 0.160202
-0.123790 0.160412
-0.123442 0.160620
-0.123096 0.160826
-0.122749 0.161030
-0.122404 0.161233
-0.122059 0.161433
-0.121715 0.161631
-0.121372 0.161827
-0.121030 0.162022
-0.120688 0.162214
-0.120347 0.162404
-0.120006 0.162592
-0.119666 0.162778
-0.119327 0.162962
-0.118988 0.163144
-0.118651 0.163323
-0.118313 0.163501
-0.117977 0.163676
-0.117641 0.163849
-0.117306 0.164020
-0.116971 0.164189
-0.116637 0.164356
-0.116304 0.164521
-0.115971 0.164683
-0.115639 0.164843
-0.115307 0.165001
-0.114977 0.165157
-0.114646 0.165310
-0.114317 0.165461
-0.113988 0.165610
-0.113659 0.165757
-0.113332 0.165902
-0.113004 0.166044
-0.112678 0.166184
-0.112352 0.166322
-0.112026 0.166457
-0.111702 0.166590
-0.111377 0.166721
-0.111054 0.166850
-0.110731 0.166976
-0.110408 0.167100
-0.110086 0.167222
-0.109765 0.167341
-0.109444 0.167458
-0.109124 0.167573
-0.108804 0.167685
-0.108485 0.167795
-0.108167 0.167903
-0.107849 0.168008
-0.107531 0.168112
-0.107214 0.168212
-0.106898 0.168311
-0.106582 0.168407
-0.106267 0.168501
-0.105952 0.168592
-0.105638 0.168681
-0.105324 0.168875
-0.105011 0.168959
-0.104699 0.169040
-0.104386 0.169119
-0.104075 0.169196
-0.103764 0.169271
-0.103453 0.169343
-0.103143 0.169413
-0.102834 0.169481
-0.102525 0.169546
-0.102216 0.169609
-0.101908 0.169669
-0.101600 0.169727
-0.101293 0.169783
-0.100987 0.169837
-0.100681 0.169888
-0.100375 0.169937
-0.100070 0.169983
-0.099766 0.170027
-0.099462 0.170069
-0.099158 0.170108
-0.098855 0.170146
-0.098552 0.170180
-0.098250 0.170213
-0.097948 0.170243
-0.097647 0.170271
-0.097346 0.170296
-0.097046 0.170319
-0.096746 0.170340
-0.096447 0.170359
-0.096148 0.170375
-0.095849 0.170389
-0.095551 0.170401
-0.095253 0.170410
-0.094956 0.170417
-0.094660 0.170422
-0.094363 0.170424
-0.094068 0.170423
-0.093772 0.170421
-0.093477 0.170416
-0.093183 0.170410
-0.092889 0.170400
-0.092595 0.170389
-0.092302 0.170375
-0.092009 0.170360
-0.091717 0.170341
-0.091425 0.170321
-0.091134 0.170298
-0.090843 0.170274
-0.090552 0.170246
-0.090262 0.170217
-0.089972 0.170185
-0.089683 0.170154
-0.089394 0.170118
-0.089105 0.170079
-0.088817 0.170039
-0.088529 0.169996
-0.088242 0.169951
-0.087955 0.169904
-0.087669 0.169855
-0.087382 0.169803
-0.087097 0.169749
-0.086811 0.169693
-0.086526 0.169635
-0.086242 0.169575
-0.085958 0.169512
-0.085674 0.169448
-0.085391 0.169381
-0.085108 0.169312
-0.084825 0.169241
-0.084543 0.169168
-0.084261 0.169093
-0.083980 0.169015
-0.083699 0.168936
-0.083418 0.168854
-0.083138 0.168770
-0.082858 0.168684
-0.082578 0.168596
-0.082299 0.168506
-0.082020 0.168414
-0.081742 0.168320
-0.081464 0.168223
-0.081186 0.168125
-0.080909 0.168024
-0.080632 0.167922
-0.080355 0.167817
-0.080079 0.167711
-0.079803 0.167602
-0.079528 0.167492
-0.079253 0.167379
-0.078978 0.167264
-0.078703 0.167147
-0.078429 0.167029
-0.078156 0.166908
-0.077882 0.166785
-0.077609 0.166661
-0.077337 0.166534
-0.077064 0.166405
-0.076792 0.166275
-0.076521 0.166142
-0.076249 0.166008
-0.075978 0.165871
-0.075708 0.165733
-0.075437 0.165592
-0.075167 0.165450
-0.074898 0.165306
-0.074628 0.165160
-0.074359 0.165012
-0.074091 0.164862
-0.073823 0.164710
-0.073555 0.164557
-0.073287 0.164401
-0.073020 0.164244
-0.072753 0.164085
-0.072486 0.163924
-0.072220 0.163761
-0.071954 0.163596
-0.071688 0.163429
-0.071423 0.163261
-0.071158 0.163091
-0.070893 0.162919
-0.070628 0.162745
-0.070364 0.162569
-0.070101 0.162392
-0.069837 0.162213
-0.069574 0.162032
-0.069311 0.161849
-0.069049 0.161665
-0.068786 0.161478
-0.068524 0.161290
-0.068263 0.161101
-0.068002 0.160909
-0.067741 0.160716
-0.067480 0.160521
-0.067219 0.160324
-0.066959 0.160126
-0.066700 0.159926
-0.066440 0.159725
-0.066181 0.159521
-0.065922 0.159316
-0.065663 0.159110
-0.065405 0.158901
-0.065147 0.158691
-0.064889 0.158480
-0.064632 0.158266
-0.064375 0.158052
-0.064118 0.157835
-0.063861 0.157617
-0.063605 0.157397
-0.063349 0.157176
-0.063094 0.156953
-0.062838 0.156729
-0.062583 0.156503
-0.062328 0.156275
-0.062074 0.156046
-0.061819 0.155816
-0.061565 0.155583
-0.061312 0.155350
-0.061058 0.155114
-0.060805 0.154878
-0.060552 0.154639
-0.060300 0.154400
-0.060047 0.154158
-0.059795 0.153916
-0.059543 0.153671
-0.059292 0.153426
-0.059041 0.153179
-0.058790 0.152930
-0.058539 0.152680
-0.058289 0.152428
-0.058038 0.152176
-0.057789 0.151921
-0.057539 0.151665
-0.057290 0.151408
-0.057041 0.151150
-0.056792 0.150890
-0.056543 0.150628
-0.056295 0.150366
-0.056047 0.150102
-0.055799 0.149836
-0.055552 0.149570
-0.055304 0.149301
-0.055057 0.149032
-0.054810 0.148761
-0.054564 0.148489
-0.054318 0.148216
-0.054072 0.147941
-0.053826 0.147665
-0.053581 0.147388
-0.053335 0.147109
-0.053090 0.146829
-0.052846 0.146548
-0.052601 0.146266
-0.052357 0.145982
-0.052113 0.145697
-0.051869 0.145411
-0.051626 0.145124
-0.051383 0.144835
-0.051140 0.144546
-0.050897 0.144255
-0.050654 0.143962
-0.050412 0.143669
-0.050170 0.143375
-0.049928 0.143079
-0.049687 0.142782
-0.049446 0.142484
-0.049205 0.142185
-0.048964 0.141885
-0.048723 0.141583
-0.048483 0.141281
-0.048243 0.140977
-0.048003 0.140672
-0.047763 0.140366
-0.047524 0.140059
-0.047285 0.139751
-0.047046 0.139442
-0.046807 0.139132
-0.046569 0.138821
-0.046331 0.138509
-0.046093 0.138195
-0.045855 0.137881
-0.045617 0.137565
-0.045380 0.137249
-0.045143 0.136932
-0.044906 0.136613
-0.044670 0.136294
-0.044433 0.135973
-0.044197 0.135652
-0.043961 0.135329
-0.043725 0.135006
-0.043490 0.134682
-0.043255 0.134357
-0.043020 0.134030
-0.042785 0.133703
-0.042550 0.133375
-0.042316 0.133046
-0.042082 0.132716
-0.041848 0.132385
-0.041614 0.132054
-0.041381 0.131721
-0.041147 0.131388
-0.040914 0.131053
-0.040681 0.130718
-0.040449 0.130382
-0.040216 0.130045
-0.039984 0.129707
-0.039752 0.129369
-0.039520 0.129029
-0.039289 0.128689
-0.039057 0.128348
-0.038826 0.128006
-0.038595 0.127663
-0.038365 0.127320
-0.038134 0.126976
-0.037904 0.126631
-0.037674 0.126285
-0.037444 0.125938
-0.037214 0.125591
-0.036985 0.125243
-0.036756 0.124894
-0.036526 0.124545
-0.036298 0.124195
-0.036069 0.123844
-0.035841 0.123492
-0.035612 0.123140
-0.035384 0.122787
-0.035156 0.122433
-0.034929 0.122079
-0.034701 0.121724
-0.034474 0.121368
-0.034247 0.121012
-0.034020 0.120655
-0.033794 0.120297
-0.033567 0.119939
-0.033341 0.119580
-0.033115 0.119221
-0.032889 0.118861
-0.032664 0.118500
-0.032438 0.118139
-0.032213 0.117777
-0.031988 0.117415
-0.031763 0.117052
-0.031538 0.116688
-0.031314 0.116324
-0.031090 0.115960
-0.030865 0.115594
-0.030642 0.115229
-0.030418 0.114862
-0.030194 0.114496
-0.029971 0.114129
-0.029748 0.113761
-0.029525 0.113393
-0.029302 0.113024
-0.029080 0.112655
-0.028857 0.112285
-0.028635 0.111915
-0.028413 0.111544
-0.028191 0.111173
-0.027970 0.110802
-0.027748 0.110430
-0.027527 0.110058
-0.027306 0.109685
-0.027085 0.109312
-0.026864 0.108939
-0.026644 0.108565
-0.026424 0.108190
-0.026203 0.107816
-0.025983 0.107441
-0.025764 0.107065
-0.025544 0.106690
-0.025325 0.106313
-0.025105 0.105937
-0.024886 0.105560
-0.024667 0.105183
-0.024449 0.104806
-0.024230 0.104428
-0.024012 0.104050
-0.023794 0.103672
-0.023576 0.103265
-0.023358 0.102886
-0.023140 0.102507
-0.022923 0.102128
-0.022706 0.101748
-0.022488 0.101368
-0.022272 0.100988
-0.022055 0.100608
-0.021838 0.100227
-0.021622 0.099847
-0.021406 0.099466
-0.021190 0.099084
-0.020974 0.098703
-0.020758 0.098321
-0.020542 0.097940
-0.020327 0.097558
-0.020112 0.097175
-0.019897 0.096793
-0.019682 0.096411
-0.019467 0.096028
-0.019253 0.095645
-0.019038 0.095262
-0.018824 0.094879
-0.018610 0.094496
-0.018396 0.094113
-0.018183 0.093729
-0.017969 0.093346
-0.017756 0.092962
-0.017543 0.092579
-0.017329 0.092195
-0.017117 0.091811
-0.016904 0.091427
-0.016691 0.091043
-0.016479 0.090659
-0.016267 0.090275
-0.016055 0.089891
-0.015843 0.089707
-0.015631 0.089322
-0.015420 0.088936
-0.015208 0.088551
-0.014997 0.088166
-0.014786 0.087781
-0.014575 0.087396
-0.014364 0.087011
-0.014154 0.086626
-0.013943 0.086240
-0.013733 0.085855
-0.013523 0.085470
-0.013313 0.085086
-0.013103 0.084701
-0.012894 0.084316
-0.012684 0.083931
-0.012475 0.083547
-0.012266 0.083162
-0.012057 0.082778
-0.011848 0.082393
-0.011639 0.082009
-0.011431 0.081625
-0.011222 0.081241
-0.011014 0.080857
-0.010806 0.080474
-0.010598 0.080090
-0.010390 0.079707
-0.010183 0.079323
-0.009975 0.078940
-0.009768 0.078558
-0.009561 0.078175
-0.009354 0.077792
-0.009147 0.077410
-0.008940 0.077028
-0.008734 0.076646
-0.008527 0.076264
-0.008321 0.075883
-0.008115 0.075502
-0.007909 0.075121
-0.007703 0.074740
-0.007497 0.074360
-0.007292 0.073979
-0.007087 0.073599
-0.006881 0.073220
-0.006676 0.072840
-0.006471 0.072461
-0.006267 0.072082
-0.006062 0.071704
-0.005858 0.071326
-0.005653 0.070948
-0.005449 0.070570
-0.005245 0.070193
-0.005041 0.069816
-0.004837 0.069439
-0.004634 0.069063
-0.004430 0.068687
-0.004227 0.068312
-0.004024 0.067936
-0.003821 0.067562
-0.003618 0.067187
-0.003415 0.066813
-0.003213 0.066440
-0.003010 0.066066
-0.002808 0.065694
-0.002606 0.065321
-0.002404 0.064949
-0.002202 0.064578
-0.002000 0.064206
-0.001798 0.063836
-0.001597 0.063466
-0.001396 0.063096
-0.001195 0.062726
-0.000993 0.062358
-0.000793 0.061989
-0.000592 0.061621
-0.000391 0.061254
-0.000191 0.060887
0.000010 0.060520
0.000210 0.060155
0.000410 0.059789
0.000610 0.059424
0.000810 0.059060
0.001009 0.058696
0.001209 0.058333
0.001408 0.057970
0.001608 0.057608
0.001807 0.057246
0.002006 0.056885
0.002205 0.056525
0.002403 0.056165
0.002602 0.055805
0.002800 0.055447
0.002999 0.055088
0.003197 0.054731
0.003395 0.054374
0.003593 0.054018
0.003791 0.053662
0.003988 0.053307
0.004186 0.052952
0.004383 0.052599
0.004580 0.052246
0.004778 0.051893
0.004975 0.051541
0.005171 0.051190
0.005368 0.050840
0.005565 0.050490
0.005761 0.050141
0.005958 0.049792
0.006154 0.049445
0.006350 0.049098
0.006546 0.048751
0.006742 0.048406
0.006937 0.048061
0.007133 0.047717
0.007328 0.047373
0.007524 0.047031
0.007719 0.046689
0.007914 0.046348
0.008109 0.046007
0.008304 0.045668
0.008499 0.045329
0.008693 0.044991
0.008888 0.044654
0.009082 0.044317
0.009276 0.043981
0.009470 0.043647
0.009664 0.043313
0.009858 0.042979
0.010051 0.042647
0.010245 0.042315
0.010438 0.041985
0.010632 0.041655
0.010825 0.041326
0.011018 0.040997
0.011211 0.040670
0.011404 0.040344
0.011597 0.040018
0.011789 0.039693
0.011982 0.039288
0.012174 0.038966
0.012366 0.038645
0.012558 0.038324
0.012750 0.038005
0.012942 0.037686
0.013134 0.037368
0.013325 0.037052
0.013517 0.036736
0.013708 0.036421
0.013899 0.036107
0.014091 0.035794
0.014282 0.035482
0.014472 0.035171
0.014663 0.034861
0.014854 0.034552
0.015044 0.034243
0.015235 0.033936
0.015425 0.033630
0.015615 0.033325
0.015805 0.033021
0.015995 0.032718
0.016185 0.032415
0.016375 0.032114
0.016564 0.031814
0.016754 0.031515
0.016943 0.031217
0.017133 0.030920
0.017322 0.030624
0.017511 0.030329
0.017700 0.030035
0.017888 0.029743
0.018077 0.029451
0.018266 0.029160
0.018454 0.028871
0.018642 0.028582
0.018831 0.028295
0.019019 0.028009
0.019207 0.027724
0.019394 0.027440
0.019582 0.027157
0.019770 0.026875
0.019957 0.026595
0.020145 0.026315
0.020332 0.026037
0.020519 0.025760
0.020706 0.025484
0.020893 0.025209
0.021080 0.024935
0.021267 0.024663
0.021454 0.024391
0.021640 0.024121
0.021826 0.023852
0.022013 0.023584
0.022199 0.023318
0.022385 0.023053
0.022571 0.022788
0.022757 0.022723
0.022943 0.022459
0.023128 0.022197
0.023314 0.021935
0.023499 0.021675
0.023685 0.021416
0.023870 0.021158
0.024055 0.020901
0.024240 0.020646
0.024425 0.020392
0.024609 0.020139
0.024794 0.019888
0.024979 0.019638
0.025163 0.019389
0.025347 0.019141
0.025532 0.018895
0.025716 0.018650
0.025900 0.018407
0.026084 0.018165
0.026268 0.017924
0.026451 0.017684
0.026635 0.017446
0.026818 0.017209
0.027002 0.016974
0.027185 0.016740
0.027368 0.016507
0.027551 0.016276
0.027734 0.016046
0.027917 0.015817
0.028100 0.015590
0.028282 0.015365
0.028465 0.015140
0.028647 0.014917
0.028830 0.014696
0.029012 0.014476
0.029194 0.014257
0.029376 0.014040
0.029558 0.013824
0.029740 0.013609
0.029922 0.013397
0.030103 0.013185
0.030285 0.012975
0.030466 0.012766
0.030647 0.012559
0.030829 0.012354
0.031010 0.012150
0.031191 0.011947
0.031372 0.011746
0.031552 0.011546
0.031733 0.011348
0.031914 0.011151
0.032094 0.010956
0.032275 0.010762
0.032455 0.010570
0.032635 0.010380
0.032815 0.010191
0.032995 0.010003
0.033175 0.009817
0.033355 0.009633
0.033535 0.009450
0.033714 0.009268
0.033894 0.009089
0.034073 0.008910
0.034252 0.008734
0.034432 0.008559
0.034611 0.008385
0.034790 0.008213
0.034969 0.008043
0.035147 0.007874
0.035326 0.007707
0.035505 0.007541
0.035683 0.007378
0.035862 0.007215
0.036040 0.007055
0.036218 0.006896
0.036396 0.006738
0.036574 0.006582
0.036752 0.006522
0.036930 0.006367
0.037108 0.006214
0.037286 0.006063
0.037463 0.005913
0.037641 0.005765
0.037818 0.005619
0.037995 0.005474
0.038172 0.005332
0.038349 0.005191
0.038526 0.005051
0.038703 0.004914
0.038880 0.004778
0.039057 0.004643
0.039233 0.004511
0.039410 0.004380
0.039586 0.004251
0.039763 0.004124
0.039939 0.003999
0.040115 0.003875
0.040291 0.003753
0.040467 0.003633
0.040643 0.003514
0.040819 0.003398
0.040994 0.003283
0.041170 0.003170
0.041345 0.003059
0.041521 0.002949
0.041696 0.002841
0.041871 0.002736
0.042046 0.002632
0.042221 0.002529
0.042396 0.002429
0.042571 0.002330
0.042746 0.002234
0.042921 0.002139
0.043095 0.002046
0.043270 0.001954
0.043444 0.001865
0.043618 0.001778
0.043792 0.001763
0.043967 0.001676
0.044141 0.001592
0.044315 0.001509
0.044488 0.001428
0.044662 0.001349
0.044836 0.001272
0.045009 0.001197
0.045183 0.001124
0.045356 0.001053
0.045530 0.000983
0.045703 0.000916
0.045876 0.000851
0.046049 0.000788
0.046222 0.000727
0.046395 0.000721
0.046567 0.000661
0.046740 0.000603
0.046913 0.000548
0.047085 0.000494
0.047258 0.000443
0.047430 0.000393
0.047602 0.000346
0.047774 0.000301
0.047947 0.000258
0.048118 0.000218
0.048290 0.000179
0.048462 0.000143
0.048634 0.000109
0.048806 0.000077
0.048977 0.000047
0.049149 0.000020
0.049320 -0.000005
0.049491 -0.000028
0.049662 -0.000049
0.049834 -0.000069
0.050005 -0.000074
0.050090 0.000000
0.050176 -0.000080
0.050347 -0.000110
0.050518 -0.000120
0.050689 -0.000127
0.050860 -0.000132
0.051032 -0.000086
0.051203 -0.000136
0.051375 -0.000134
0.051546 -0.000130
0.051718 -0.000124
0.051890 -0.000115
0.052062 -0.000104
0.052234 -0.000091
0.052406 -0.000075
0.052578 -0.000057
0.052750 -0.000037
0.052922 -0.000014
0.053095 0.000011
0.053267 0.000039
0.053440 0.000069
0.053613 0.000101
0.053785 0.000136
0.053958 0.000174
0.054131 0.000164
0.054304 0.000203
0.054477 0.000245
0.054651 0.000289
0.054824 0.000336
0.054997 0.000384
0.055171 0.000436
0.055344 0.000489
0.055518 0.000545
0.055692 0.000604
0.055866 0.000665
0.056040 0.000728
0.056214 0.000794
0.056388 0.000863
0.056562 0.000934
0.056736 0.001007
0.056911 0.001083
0.057085 0.001161
0.057260 0.001168
0.057434 0.001248
0.057609 0.001331
0.057784 0.001416
0.057959 0.001504
0.058134 0.001594
0.058309 0.001687
0.058484 0.001782
0.058659 0.001880
0.058835 0.001980
0.059010 0.002083
0.059186 0.002189
0.059362 0.002297
0.059537 0.002408
0.059713 0.002521
0.059889 0.002637
0.060065 0.002756
0.060241 0.002877
0.060417 0.003001
0.060594 0.003128
0.060770 0.003257
0.060947 0.003389
0.061123 0.003524
0.061300 0.003662
0.061477 0.003802
0.061654 0.003945
0.061831 0.004091
0.062008 0.004239
0.062185 0.004391
0.062362 0.004545
0.062540 0.004702
0.062717 0.004862
0.062895 0.005025
0.063072 0.005190
0.063250 0.005359
0.063428 0.005429
0.063606 0.005600
0.063784 0.005775
0.063962 0.005952
0.064140 0.006132
0.064318 0.006315
0.064497 0.006501
0.064675 0.006690
0.064854 0.006882
0.065033 0.007077
0.065212 0.007275
0.065390 0.007475
0.065569 0.007679
0.065749 0.007886
0.065928 0.008096
0.066107 0.008309
0.066286 0.008525
0.066466 0.008744
0.066646 0.008966
0.066825 0.009191
0.067005 0.009419
0.067185 0.009651
0.067365 0.009885
0.067545 0.010123
0.067725 0.010364
0.067906 0.010608
0.068086 0.010855
0.068266 0.011105
0.068447 0.011359
0.068628 0.011616
0.068809 0.011876
0.068989 0.012139
0.069170 0.012406
0.069352 0.012676
0.069533 0.012949
0.069714 0.013225
0.069895 0.013505
0.070077 0.013789
0.070259 0.014075
0.070440 0.014365
0.070622 0.014658
0.070804 0.014955
0.070986 0.015255
0.071168 0.015559
0.071350 0.015866
0.071533 0.016176
0.071715 0.016490
0.071898 0.016808
0.072080 0.017129
0.072263 0.017453
0.072446 0.017781
0.072629 0.018112
0.072812 0.018448
0.072995 0.018786
0.073178 0.019128
0.073362 0.019474
0.073545 0.019824
0.073729 0.020177
0.073913 0.020534
0.074096 0.020894
0.074280 0.021258
0.074464 0.021626
0.074648 0.021997
0.074833 0.022373
0.075017 0.022752
0.075201 0.023134
0.075386 0.023521
0.075571 0.023911
0.075755 0.024305
0.075940 0.024703
0.076125 0.025105
0.076310 0.025511
0.076496 0.025920
0.076681 0.026333
0.076866 0.026751
0.077052 0.027172
0.077238 0.027597
0.077423 0.028026
0.077609 0.028459
0.077795 0.028694
0.077981 0.029132
0.078167 0.029574
0.078354 0.030020
0.078540 0.030470
0.078727 0.030924
0.078913 0.031382
0.079100 0.031844
0.079287 0.032310
0.079474 0.032781
0.079661 0.033255
0.079848 0.033734
0.080035 0.034217
0.080223 0.034704
0.080410 0.035195
0.080598 0.035690
0.080786 0.036190
0.080974 0.036693
0.081162 0.037201
0.081350 0.037714
0.081538 0.038230
0.081726 0.038751
0.081915 0.039276
0.082103 0.039806
0.082292 0.040340
0.082481 0.040878
0.082670 0.041420
0.082859 0.041967
0.083048 0.042519
0.083237 0.043075
0.083426 0.043635
0.083616 0.044200
0.083805 0.044769
0.083995 0.045427
0.084185 0.046006
0.084375 0.046590
0.084565 0.047178
0.084755 0.047771
0.084945 0.048369
0.085136 0.048971
0.085326 0.049578
0.085517 0.050189
0.085708 0.050805
0.085899 0.051426
0.086090 0.052052
0.086281 0.052682
0.086472 0.053317
0.086663 0.053957
0.086855 0.054601
0.087046 0.055250
0.087238 0.055905
0.087430 0.056564
0.087622 0.057227
0.087814 0.057896
0.088006 0.058569
0.088199 0.059248
0.088391 0.059931
0.088584 0.060620
0.088776 0.061313
0.088969 0.062011
0.089162 0.062714
0.089355 0.063423
0.089548 0.064136
0.089742 0.064854
0.089935 0.065578
0.090129 0.066306
0.090322 0.067040
0.090516 0.067778
0.090710 0.068522
0.090904 0.069271
0.091098 0.070025
0.091293 0.070785
0.091487 0.071550
0.091682 0.072319
0.091876 0.073095
0.092071 0.073875
0.092266 0.074661
0.092461 0.075452
0.092656 0.076248
0.092852 0.077050
0.093047 0.077857
0.093243 0.078670
0.093438 0.079487
0.093634 0.080311
0.093830 0.081140
0.094026 0.081974
0.094223 0.082814
0.094419 0.083659
0.094615 0.084510
0.094812 0.085366
0.095009 0.086228
0.095206 0.087096
0.095403 0.087969
0.095600 0.088848
0.095797 0.089732
0.095994 0.090622
0.096192 0.091518
0.096390 0.092420
0.096587 0.093327
0.096785 0.094240
0.096983 0.095159
0.097181 0.096084
0.097380 0.097014
0.097578 0.097951
0.097777 0.098893
0.097976 0.099841
0.098174 0.100795
0.098373 0.101755
0.098573 0.102720
0.098772 0.103692
0.098971 0.104670
0.099171 0.105654
0.099370 0.106644
0.099570 0.107639
0.099770 0.108641
0.099970 0.109448
0.100170 0.110461
0.100371 0.111479
0.100571 0.112504
0.100772 0.113534
0.100973 0.114571
0.101174 0.115614
0.101375 0.116664
0.101576 0.117719
0.101777 0.118781
0.101979 0.119849
0.102180 0.120924
0.102382 0.122005
0.102584 0.123092
0.102786 0.124186
0.102988 0.125286
0.103190 0.126392
0.103393 0.127505
0.103595 0.128624
0.103798 0.129750
0.104001 0.130883
0.104204 0.132022
0.104407 0.133167
0.104611 0.134319
0.104814 0.135478
0.105018 0.136643
0.105221 0.137815
0.105425 0.138994
0.105629 0.140179
0.105833 0.141371
0.106038 0.142570
0.106242 0.143776
0.106447 0.144988
0.106652 0.146207
0.106857 0.147433
0.107062 0.148666
0.107267 0.149906
0.107472 0.151152
0.107678 0.152406
0.107883 0.153667
0.108089 0.154934
0.108295 0.156209
0.108501 0.157490
0.108707 0.158779
0.108914 0.160074
0.109120 0.161377
0.109327 0.162687
0.109534 0.164004
0.109741 0.165328
0.109948 0.166660
0.110155 0.167998
0.110363 0.169344
0.110570 0.170697
0.110778 0.172057
0.110986 0.173425
0.111194 0.174800
0.111402 0.176182
0.111611 0.177572
0.111819 0.178969
0.112028 0.180374
0.112237 0.181786
0.112446 0.183205
0.112655 0.184632
0.112864 0.186067
0.113074 0.187509
0.113283 0.188959
0.113493 0.190478
0.113703 0.191944
0.113913 0.193417
0.114124 0.194898
0.114334 0.196387
0.114545 0.197884
0.114755 0.199390
0.114966 0.200905
0.115177 0.202427
0.115388 0.203957
0.115600 0.205495
0.115811 0.207040
0.116023 0.208592
0.116235 0.210150
0.116447 0.211718
0.116659 0.213293
0.116872 0.214876
0.117084 0.216467
0.117297 0.218066
0.117510 0.219673
0.117723 0.221289
0.117936 0.222912
0.118149 0.224544
0.118363 0.226184
0.118576 0.227832
0.118790 0.229488
0.119004 0.231153
0.119218 0.232826
0.119433 0.234507
0.119647 0.236197
0.119862 0.237895
0.120077 0.239601
0.120292 0.241316
0.120507 0.243039
0.120723 0.244771
0.120938 0.246512
0.121154 0.248261
0.121370 0.250018
0.121586 0.251784
0.121802 0.253558
0.122018 0.255340
0.122235 0.257134
0.122452 0.258933
0.122669 0.260740
0.122886 0.262556
0.123103 0.264381
0.123320 0.266214
0.123538 0.268056
0.123756 0.269908
0.123974 0.271770
0.124192 0.273641
0.124410 0.275521
0.124629 0.277411
0.124848 0.279310
0.125067 0.281217
0.125286 0.283134
0.125505 0.285060
0.125724 0.286995
0.125944 0.288939
0.126164 0.290892
0.126384 0.292855
0.126604 0.294827
0.126824 0.296808
0.127045 0.298798
0.127265 0.300798
0.127486 0.302807
0.127707 0.304826
0.127928 0.306854
0.128150 0.308891
0.128371 0.310938
0.128593 0.312994
0.128815 0.315060
0.129037 0.317136
0.129260 0.319221
0.129482 0.321316
0.129705 0.323420
0.129928 0.325534
0.130151 0.327658
0.130375 0.329791
0.130598 0.331935
0.130822 0.334088
0.131046 0.336251
0.131270 0.338423
0.131494 0.340606
0.131718 0.342799
0.131943 0.345001
0.132168 0.347214
0.132393 0.349437
0.132618 0.351669
0.132844 0.353912
0.133069 0.356165
0.133295 0.358428
0.133521 0.360701
0.133747 0.362984
0.133974 0.365278
0.134200 0.367582
0.134427 0.369896
0.134654 0.372221
0.134882 0.374556
0.135109 0.376901
0.135337 0.379257
0.135564 0.381623
0.135792 0.384000
0.136021 0.386387
0.136249 0.388785
0.136478 0.391193
0.136707 0.393612
0.136936 0.396042
0.137165 0.398482
0.137394 0.400933
0.137624 0.403395
0.137854 0.405868
0.138084 0.408351
0.138314 0.410845
0.138545 0.413350
0.138776 0.415866
0.139006 0.418393
0.139238 0.420931
0.139469 0.423480
0.139701 0.426041
0.139932 0.428612
0.140164 0.431194
0.140397 0.433787
0.140629 0.436392
0.140862 0.439008
0.141094 0.441635
0.141327 0.444273
0.141561 0.446923
0.141794 0.449584
0.142028 0.452257
0.142262 0.454941
0.142496 0.457636
0.142730 0.460343
0.142965 0.463061
0.143200 0.465791
0.143435 0.468533
0.143670 0.471286
0.143906 0.474051
0.144141 0.476827
0.144377 0.479616
0.144613 0.482416
0.144850 0.485228
0.145086 0.488051
0.145323 0.490887
0.145560 0.493533
0.145798 0.496391
0.146035 0.499261
0.146273 0.502143
0.146511 0.505037
0.146749 0.507944
0.146987 0.510862
0.147226 0.513792
0.147465 0.516735
0.147704 0.519690
0.147944 0.522657
0.148183 0.525636
0.148423 0.528628
0.148663 0.531632
0.148903 0.534649
0.149144 0.537678
0.149385 0.540720
0.149626 0.543774
0.149867 0.546841
0.150109 0.549920
0.150350 0.553012
0.150592 0.556117
0.150835 0.559234
0.151077 0.562365
0.151320 0.565508
0.151563 0.568664
0.151806 0.571832
0.152050 0.575014
0.152293 0.578209
0.152537 0.581417
0.152781 0.584637
0.153026 0.587871
0.153271 0.591118
0.153516 0.594378
0.153761 0.597652
0.154006 0.600938
0.154252 0.604238
0.154498 0.607552
0.154744 0.610878
0.154991 0.614218
0.155237 0.617717
0.155484 0.621085
0.155732 0.624467
0.155979 0.627863
0.156227 0.631272
0.156475 0.634695
0.156723 0.638132
0.156972 0.641582
0.157221 0.645046
0.157470 0.648524
0.157719 0.652016
0.157969 0.655522
0.158219 0.659041
0.158469 0.662575
0.158719 0.666123
0.158970 0.669684
0.159221 0.673260
0.159472 0.676850
0.159724 0.680455
0.159975 0.684073
0.160227 0.687706
0.160480 0.691353
0.160732 0.695015
0.160985 0.698691
0.161238 0.702382
0.161492 0.706087
0.161746 0.709807
0.162000 0.713541
0.162254 0.717290
0.162508 0.721054
0.162763 0.724832
0.163018 0.728625
0.163274 0.732435
0.163529 0.736258
0.163785 0.740095
0.164042 0.743948
0.164298 0.747816
0.164555 0.751699
0.164812 0.755396
0.165070 0.759308
0.165327 0.763235
0.165585 0.767177
0.165844 0.771135
0.166102 0.775108
0.166361 0.779097
0.166620 0.783101
0.166880 0.787120
0.167140 0.791156
0.167400 0.795206
0.167660 0.799273
0.167921 0.803355
0.168182 0.807453
0.168443 0.811566
0.168705 0.815696
0.168967 0.819841
0.169229 0.824003
0.169491 0.828180
0.169754 0.832374
0.170017 0.836583
0.170281 0.840809
0.170545 0.845051
0.170809 0.849310
0.171073 0.853584
0.171338 0.857876
0.171603 0.862183
0.171868 0.866507
0.172134 0.870848
0.172400 0.875205
0.172666 0.879579
0.172933 0.883969
0.173200 0.888376
0.173467 0.892800
0.173735 0.897241
0.174003 0.901699
0.174271 0.906174
0.174540 0.910666
0.174809 0.915175
0.175078 0.919875
0.175347 0.924420
0.175617 0.928979
0.175888 0.933559
0.176158 0.938166
0.176429 0.942779
0.176701 0.947406
0.176972 0.952034
0.177244 0.956697
0.177517 0.961378
0.177789 0.966080
0.178062 0.970799
0.178336 0.975537
0.178610 0.980292
0.178884 0.985071
0.182201 1.043781
0.182479 1.048792
0.182759 1.053682
0.183038 1.058859
0.183318 1.063921
0.183598 1.069020
0.183879 1.074129
0.184160 1.079258
0.184441 1.084392
0.184723 1.089554
0.185005 1.094563
0.185288 1.099955
0.185571 1.105170
0.185854 1.110398
0.186138 1.115649
0.186422 1.120938
0.186707 1.126238
0.186992 1.131559
0.187277 1.136896
0.187563 1.142260
0.187849 1.147637
0.188135 1.153046
0.188422 1.158477
0.188709 1.163927
0.188997 1.169376
0.189285 1.174858
0.189574 1.180361
0.189863 1.185884
0.190152 1.191428
0.190442 1.196993
0.190732 1.202578
0.191023 1.208184
0.191314 1.213812
0.191605 1.219460
0.191897 1.225129
0.192189 1.230820
0.192482 1.236533
0.192775 1.242266
0.193069 1.248021
0.193363 1.253798
0.193657 1.259597
0.193952 1.265418
0.194248 1.271261
0.194544 1.277125
0.194840 1.283012
0.195136 1.288921
0.195434 1.294851
0.195731 1.300804
0.196029 1.306780
0.196328 1.312778
0.196627 1.318798
0.196926 1.324841
0.197226 1.330906
0.197526 1.336994
0.197827 1.343106
0.198128 1.349240
0.198430 1.355397
0.198732 1.361577
0.199035 1.367780
0.199338 1.374007
0.199642 1.380257
0.199946 1.386531
0.200250 1.392828
0.200555 1.399149
0.200861 1.405494
0.201167 1.411862
0.201474 1.418255
0.201781 1.424471
0.202088 1.431093
0.202396 1.437557
0.202705 1.444045
0.203014 1.450558
0.203323 1.457095
0.203633 1.463656
0.203944 1.470243
0.204255 1.476854
0.204567 1.483490
0.204879 1.490151
0.205191 1.496838
0.205504 1.503358
0.205818 1.510094
0.206132 1.516856
0.206447 1.523643
0.206762 1.530456
0.207078 1.537295
0.207395 1.544159
0.207711 1.551050
0.208029 1.557967
0.208347 1.565109
0.208665 1.571879
0.208984 1.578875
0.209304 1.585897
0.209624 1.592946
0.209945 1.600022
0.210267 1.607125
0.210588 1.614255
0.210911 1.621412
0.211234 1.628597
0.211558 1.635809
0.211882 1.643048
0.212207 1.650316
0.212532 1.657809
0.212858 1.665130
0.213185 1.672478
0.213512 1.679855
0.213840 1.687071
0.214168 1.694507
0.214497 1.701972
0.214827 1.709466
0.215157 1.716988
0.215488 1.724539
0.215819 1.732119
0.216151 1.739729
0.216484 1.747368
0.216817 1.755037
0.217151 1.762735
0.217486 1.770464
0.217821 1.778222
0.218157 1.786011
0.218493 1.793829
0.218831 1.801678
0.219169 1.809558
0.219507 1.817469
0.219846 1.825410
0.220186 1.833383
0.220527 1.841386
0.220868 1.849422
0.221210 1.857488
0.221552 1.865587
0.221896 1.873717
0.222240 1.881879
0.222584 1.890073
0.222930 1.898300
0.223276 1.906560
0.223623 1.914852
0.223970 1.923177
0.224318 1.931535
0.224667 1.939926
0.225017 1.948350
0.225367 1.956808
0.225718 1.965300
0.226070 1.973826
0.226423 1.982386
0.226776 1.990981
0.227131 1.999609
0.227485 2.008273
0.227841 2.016972
0.228198 2.025705
0.228555 2.034474
0.228913 2.043278
0.229272 2.052118
0.229631 2.060994
0.229992 2.069906
0.230353 2.078854
0.230715 2.087839
0.231078 2.096860
0.231441 2.105919
0.231806 2.115015
0.232171 2.124147
0.232537 2.133318
0.232904 2.142526
0.233272 2.151773
0.233641 2.161057
0.234010 2.170381
0.234381 2.179743
0.234752 2.189144
0.235124 2.198682
0.235497 2.208162
0.235871 2.217682
0.236246 2.227242
0.236622 2.236842
0.236998 2.246483
0.237376 2.256164
0.237754 2.265887
0.238134 2.275650
0.238514 2.285455
0.238895 2.295302
0.239278 2.305191
0.239661 2.315122
0.240045 2.325096
0.240430 2.335113
0.240816 2.345172
0.241203 2.355276
0.241591 2.365423
0.241981 2.375614
0.242371 2.385849
0.242762 2.396129
0.243154 2.406455
0.243547 2.416825
0.243942 2.427241
0.244337 2.437703
0.244733 2.448211
0.245131 2.458766
0.245529 2.469368
0.245929 2.480016
0.246330 2.490713
0.246731 2.501457
0.247134 2.512250
0.247538 2.523092
0.247944 2.533982
0.248350 2.544922
0.248757 2.555911
0.249166 2.566951
0.249576 2.578041
0.249987 2.589182
0.250399 2.600374
0.250812 2.611618
0.251227 2.622913
0.251643 2.634262
0.252060 2.645663
0.252478 2.657118
0.252898 2.668626
0.253319 2.680188
0.253741 2.691806
0.254164 2.703478
0.254589 2.715206
0.255015 2.726990
0.255442 2.738830
0.255871 2.750727
0.256301 2.762682
0.256733 2.774695
0.257165 2.786766
0.257600 2.798896
0.258035 2.811085
0.258472 2.823335
0.258911 2.835645
0.259351 2.848016
0.259792 2.860449
0.260235 2.872944
0.260679 2.885502
0.261125 2.898123
0.261573 2.910807
0.262021 2.923557
0.262472 2.936371
0.262924 2.949251
0.263378 2.962198
0.263833 2.975212
0.264290 2.988293
0.264748 3.001442
0.265208 3.014661
0.265670 3.027949
0.266134 3.041308
0.266599 3.054737
0.267066 3.068239
0.267535 3.081813
0.268005 3.095460
0.268478 3.109181
0.268952 3.122978
0.269428 3.136850
0.269906 3.150798
0.270385 3.164824
0.270867 3.178927
0.271350 3.193110
0.271836 3.207373
0.272323 3.221716
0.272813 3.236141
0.273304 3.250649
0.273798 3.265240
0.274293 3.279916
0.274791 3.294677
0.275291 3.309525
0.275793 3.324461
0.276297 3.339485
0.276803 3.354599
0.277312 3.369803
0.277822 3.385100
0.278335 3.400490
0.278851 3.415974
0.279369 3.431553
0.279889 3.447229
0.280411 3.463003
0.280937 3.478877
0.281464 3.494851
0.281994 3.510926
0.282527 3.527106
0.283062 3.543390
0.283600 3.559779
0.284141 3.576275
0.284684 3.592884
0.285230 3.609602
0.285779 3.626432
0.286331 3.643377
0.286885 3.660436
0.287443 3.677412
0.288003 3.694706
0.288567 3.712121
0.289134 3.729660
0.289704 3.747323
0.290277 3.765113
0.290853 3.783031
0.291432 3.801081
0.292015 3.819264
0.292602 3.837582
0.293192 3.856037
0.293785 3.874633
0.294382 3.893371
0.294983 3.912254
0.295587 3.931284
0.296195 3.950464
0.296807 3.969797
0.297423 3.989286
0.298043 4.008934
0.298668 4.028742
0.299296 4.048716
0.299929 4.068858
0.300566 4.089170
0.301207 4.109658
0.301854 4.130324
0.302504 4.151172
0.303160 4.172324
0.303820 4.193549
0.304486 4.214969
0.305156 4.236588
0.305832 4.258408
0.306513 4.280436
0.307200 4.302676
0.307892 4.325133
0.308590 4.347813
0.309293 4.370720
0.310003 4.393861
0.310719 4.417241
0.311442 4.440867
0.312171 4.464745
0.312906 4.488882
0.313649 4.513284
0.314399 4.537960
0.315156 4.562917
0.315920 4.588162
0.316692 4.613707
0.317473 4.639557
0.318261 4.665725
0.319058 4.692218
0.319864 4.719047
0.320679 4.746225
0.321503 4.773764
0.322338 4.801674
0.323182 4.829970
0.324037 4.858666
0.324902 4.887776
0.325779 4.917316
0.326668 4.947306
0.327569 4.977558
0.328483 5.008492
0.329410 5.039932
0.330351 5.071899
0.331307 5.104420
0.332278 5.137518
0.333265 5.171224
0.334269 5.205566
0.335290 5.240579
0.336331 5.276298
0.337391 5.312765
0.338472 5.350022
0.339576 5.388118
0.340703 5.427106
0.341855 5.467047
0.343035 5.508110
0.344244 5.550164
0.345484 5.593397
0.346759 5.637903
0.348070 5.683792
0.349422 5.731192
0.350818 5.780249
0.352263 5.831139
0.353762 5.884066
0.355323 5.939279
0.356953 5.997082
0.358663 6.057854
0.360466 6.122074
0.362378 6.190370
0.364423 6.263585
0.366632 6.342906
0.369052 6.430094
0.371761 6.527962
0.374893 6.641551
0.378746 6.781677
0.384342 6.986567
