-0.184691 0.631729
-0.181064 0.577741
-0.178566 0.542772
-0.176536 0.515388
-0.174780 0.492581
-0.173211 0.472872
-0.171779 0.455449
-0.170454 0.439795
-0.169214 0.425567
-0.168046 0.412516
-0.166937 0.400461
-0.165880 0.389260
-0.164869 0.378804
-0.163897 0.369003
-0.162960 0.359785
-0.162055 0.351090
-0.161179 0.342868
-0.160329 0.335074
-0.159503 0.327673
-0.158699 0.320632
-0.157915 0.313922
-0.157151 0.307520
-0.156403 0.301403
-0.155673 0.295551
-0.154957 0.289946
-0.154256 0.284575
-0.153569 0.279422
-0.152895 0.274475
-0.152233 0.269722
-0.151582 0.265151
-0.150942 0.260645
-0.150313 0.256406
-0.149693 0.252323
-0.149083 0.248388
-0.148482 0.244592
-0.147890 0.240931
-0.147306 0.237398
-0.146730 0.233987
-0.146161 0.230693
-0.145600 0.227511
-0.145046 0.224435
-0.144499 0.221463
-0.143958 0.218589
-0.143424 0.215809
-0.142895 0.213121
-0.142373 0.210520
-0.141856 0.208004
-0.141345 0.205569
-0.140839 0.203212
-0.140339 0.200930
-0.139843 0.198721
-0.139352 0.196582
-0.138867 0.194511
-0.138385 0.192505
-0.137908 0.190563
-0.137436 0.188682
-0.136968 0.186860
-0.136503 0.185096
-0.136043 0.183387
-0.135587 0.181732
-0.135135 0.180129
-0.134686 0.178576
-0.134241 0.177072
-0.133799 0.175616
-0.133361 0.174206
-0.132927 0.172840
-0.132495 0.171518
-0.132067 0.170238
-0.131642 0.168998
-0.131221 0.167799
-0.130802 0.166638
-0.130386 0.165514
-0.129973 0.164427
-0.129563 0.163375
-0.129155 0.162357
-0.128751 0.161374
-0.128349 0.160422
-0.127949 0.159502
-0.127553 0.158613
-0.127158 0.157754
-0.126767 0.156924
-0.126377 0.156123
-0.125990 0.155349
-0.125606 0.154602
-0.125223 0.153881
-0.124843 0.153186
-0.124465 0.152516
-0.124090 0.151870
-0.123716 0.151247
-0.123345 0.150648
-0.122975 0.150070
-0.122608 0.149515
-0.122243 0.148981
-0.121879 0.148467
-0.121518 0.147974
-0.121158 0.147501
-0.120801 0.147046
-0.120445 0.146610
-0.120091 0.146193
-0.119739 0.145793
-0.119388 0.145411
-0.119040 0.145045
-0.118693 0.144696
-0.118347 0.144363
-0.118004 0.144045
-0.117662 0.143743
-0.117321 0.143455
-0.116983 0.143182
-0.116645 0.142923
-0.116310 0.142678
-0.115976 0.142447
-0.115643 0.142228
-0.115312 0.142022
-0.114982 0.141829
-0.114654 0.141647
-0.114327 0.141478
-0.114002 0.141320
-0.113678 0.141173
-0.113355 0.141037
-0.113034 0.140912
-0.112714 0.140797
-0.112396 0.140692
-0.112079 0.140597
-0.111763 0.140512
-0.111448 0.140436
-0.111134 0.140369
-0.110822 0.140311
-0.110511 0.140262
-0.110202 0.140221
-0.109893 0.140189
-0.109586 0.140164
-0.109280 0.140147
-0.108975 0.140137
-0.108671 0.140135
-0.108368 0.140140
-0.108066 0.140152
-0.107766 0.140171
-0.107467 0.140196
-0.107168 0.140228
-0.106871 0.140266
-0.106575 0.140310
-0.106280 0.140360
-0.105986 0.140416
-0.105693 0.140477
-0.105401 0.140544
-0.105110 0.140616
-0.104820 0.140693
-0.104531 0.140774
-0.104243 0.140861
-0.103955 0.140952
-0.103669 0.141048
-0.103384 0.141148
-0.103100 0.141253
-0.102817 0.141361
-0.102534 0.141474
-0.102253 0.141590
-0.101972 0.141710
-0.101693 0.141834
-0.101414 0.141961
-0.101136 0.142091
-0.100859 0.142225
-0.100583 0.142362
-0.100307 0.142501
-0.100033 0.142644
-0.099759 0.142790
-0.099486 0.142938
-0.099215 0.143089
-0.098943 0.143242
-0.098673 0.143398
-0.098403 0.143556
-0.098135 0.143716
-0.097867 0.143879
-0.097600 0.144043
-0.097333 0.144209
-0.097067 0.144378
-0.096803 0.144548
-0.096538 0.144719
-0.096275 0.144893
-0.096012 0.145067
-0.095750 0.145243
-0.095489 0.145421
-0.095229 0.145599
-0.094969 0.145780
-0.094710 0.145961
-0.094452 0.146143
-0.094194 0.146326
-0.093937 0.146510
-0.093681 0.146695
-0.093425 0.146881
-0.093170 0.147068
-0.092916 0.147255
-0.092663 0.147443
-0.092410 0.147631
-0.092157 0.147820
-0.091906 0.148010
-0.091655 0.148199
-0.091405 0.148389
-0.091155 0.148579
-0.090906 0.148770
-0.090658 0.148960
-0.090410 0.149151
-0.090163 0.149342
-0.089916 0.149532
-0.089670 0.149723
-0.089425 0.149913
-0.089180 0.150104
-0.088936 0.150294
-0.088692 0.150484
-0.088449 0.150673
-0.088207 0.150862
-0.087965 0.151051
-0.087724 0.151239
-0.087483 0.151427
-0.087243 0.151615
-0.087004 0.151801
-0.086765 0.152097
-0.086526 0.152280
-0.086288 0.152463
-0.086051 0.152645
-0.085814 0.152825
-0.085578 0.153005
-0.085342 0.153185
-0.085107 0.153365
-0.084872 0.153544
-0.084638 0.153722
-0.084405 0.153899
-0.084172 0.154076
-0.083939 0.154251
-0.083707 0.154426
-0.083475 0.154600
-0.083244 0.154774
-0.083014 0.154946
-0.082784 0.155118
-0.082554 0.155288
-0.082325 0.155458
-0.082096 0.155626
-0.081868 0.155794
-0.081641 0.155960
-0.081414 0.156125
-0.081187 0.156290
-0.080961 0.156453
-0.080735 0.156615
-0.080510 0.156775
-0.080285 0.156935
-0.080061 0.157093
-0.079837 0.157249
-0.079613 0.157405
-0.079390 0.157559
-0.079168 0.157712
-0.078946 0.157863
-0.078724 0.158013
-0.078503 0.158161
-0.078282 0.158308
-0.078062 0.158453
-0.077842 0.158597
-0.077623 0.158739
-0.077404 0.158881
-0.077185 0.159019
-0.076967 0.159156
-0.076749 0.159182
-0.076532 0.159315
-0.076315 0.159445
-0.076098 0.159574
-0.075882 0.159701
-0.075667 0.159826
-0.075451 0.159950
-0.075236 0.160071
-0.075022 0.160191
-0.074808 0.160310
-0.074594 0.160426
-0.074381 0.160540
-0.074168 0.160653
-0.073956 0.160764
-0.073744 0.160873
-0.073532 0.160980
-0.073321 0.161086
-0.073110 0.161189
-0.072899 0.161291
-0.072689 0.161391
-0.072479 0.161488
-0.072270 0.161584
-0.072061 0.161678
-0.071852 0.161770
-0.071644 0.161861
-0.071436 0.161949
-0.071228 0.162035
-0.071021 0.162120
-0.070814 0.162202
-0.070608 0.162283
-0.070402 0.162361
-0.070196 0.162438
-0.069990 0.162512
-0.069785 0.162585
-0.069581 0.162656
-0.069376 0.162724
-0.069172 0.162791
-0.068969 0.162856
-0.068765 0.162918
-0.068562 0.162979
-0.068360 0.163038
-0.068157 0.163094
-0.067955 0.163149
-0.067754 0.163202
-0.067552 0.163252
-0.067351 0.163301
-0.067151 0.163347
-0.066950 0.163392
-0.066750 0.163434
-0.066551 0.163475
-0.066351 0.163513
-0.066152 0.163550
-0.065954 0.163584
-0.065755 0.163616
-0.065557 0.163647
-0.065359 0.163675
-0.065162 0.163701
-0.064965 0.163725
-0.064768 0.163747
-0.064572 0.163767
-0.064375 0.163785
-0.064179 0.163801
-0.063984 0.163815
-0.063789 0.163827
-0.063594 0.163837
-0.063399 0.163845
-0.063205 0.163851
-0.063010 0.163854
-0.062817 0.163856
-0.062623 0.163856
-0.062430 0.163853
-0.062237 0.163848
-0.062044 0.163842
-0.061852 0.163833
-0.061660 0.163822
-0.061468 0.163810
-0.061277 0.163795
-0.061086 0.163778
-0.060895 0.163759
-0.060704 0.163738
-0.060514 0.163715
-0.060324 0.163690
-0.060134 0.163663
-0.059945 0.163634
-0.059755 0.163603
-0.059567 0.163570
-0.059378 0.163535
-0.059189 0.163498
-0.059001 0.163459
-0.058814 0.163418
-0.058626 0.163375
-0.058439 0.163329
-0.058252 0.163282
-0.058065 0.163233
-0.057878 0.163182
-0.057692 0.163129
-0.057506 0.163073
-0.057320 0.163016
-0.057135 0.162957
-0.056950 0.162896
-0.056765 0.162833
-0.056580 0.162768
-0.056396 0.162701
-0.056211 0.162631
-0.056028 0.162560
-0.055844 0.162487
-0.055660 0.162412
-0.055477 0.162336
-0.055294 0.162257
-0.055112 0.162176
-0.054929 0.162093
-0.054747 0.162008
-0.054565 0.161922
-0.054383 0.161833
-0.054202 0.161743
-0.054021 0.161650
-0.053840 0.161556
-0.053659 0.161460
-0.053479 0.161361
-0.053298 0.161261
-0.053118 0.161159
-0.052939 0.161056
-0.052759 0.160950
-0.052580 0.160842
-0.052401 0.160733
-0.052222 0.160621
-0.052043 0.160508
-0.051865 0.160393
-0.051687 0.160276
-0.051509 0.160157
-0.051331 0.160036
-0.051154 0.159914
-0.050977 0.159789
-0.050800 0.159663
-0.050623 0.159535
-0.050446 0.159405
-0.050270 0.159273
-0.050094 0.159140
-0.049918 0.159005
-0.049743 0.158867
-0.049567 0.158729
-0.049392 0.158588
-0.049217 0.158445
-0.049042 0.158301
-0.048868 0.158155
-0.048693 0.158007
-0.048519 0.157858
-0.048345 0.157706
-0.048171 0.157553
-0.047998 0.157398
-0.047825 0.157242
-0.047652 0.157084
-0.047479 0.156924
-0.047306 0.156762
-0.047134 0.156598
-0.046962 0.156433
-0.046790 0.156266
-0.046618 0.156098
-0.046446 0.155928
-0.046275 0.155756
-0.046104 0.155582
-0.045933 0.155407
-0.045762 0.155230
-0.045591 0.155051
-0.045421 0.154871
-0.045251 0.154689
-0.045081 0.154506
-0.044911 0.154320
-0.044741 0.154134
-0.044572 0.153945
-0.044403 0.153755
-0.044234 0.153564
-0.044065 0.153370
-0.043896 0.153176
-0.043728 0.152979
-0.043560 0.152781
-0.043392 0.152582
-0.043224 0.152381
-0.043056 0.152178
-0.042889 0.151974
-0.042722 0.151768
-0.042555 0.151561
-0.042388 0.151352
-0.042221 0.151141
-0.042054 0.150929
-0.041888 0.150716
-0.041722 0.150501
-0.041556 0.150284
-0.041390 0.150066
-0.041225 0.149847
-0.041059 0.149626
-0.040894 0.149404
-0.040729 0.149180
-0.040564 0.148955
-0.040400 0.148728
-0.040235 0.148500
-0.040071 0.148270
-0.039907 0.148039
-0.039743 0.147916
-0.039579 0.147681
-0.039416 0.147445
-0.039252 0.147208
-0.039089 0.146969
-0.038926 0.146729
-0.038763 0.146488
-0.038601 0.146245
-0.038438 0.146000
-0.038276 0.145755
-0.038114 0.145508
-0.037952 0.145260
-0.037790 0.145010
-0.037628 0.144759
-0.037467 0.144507
-0.037305 0.144253
-0.037144 0.143998
-0.036983 0.143742
-0.036823 0.143485
-0.036662 0.143226
-0.036502 0.142966
-0.036341 0.142704
-0.036181 0.142442
-0.036021 0.142178
-0.035861 0.141913
-0.035702 0.141647
-0.035542 0.141379
-0.035383 0.141110
-0.035224 0.140840
-0.035065 0.140569
-0.034906 0.140297
-0.034748 0.140023
-0.034589 0.139748
-0.034431 0.139472
-0.034273 0.139195
-0.034115 0.138917
-0.033957 0.138637
-0.033799 0.138357
-0.033642 0.138074
-0.033484 0.137791
-0.033327 0.137507
-0.033170 0.137222
-0.033013 0.136935
-0.032857 0.136648
-0.032700 0.136359
-0.032544 0.136070
-0.032387 0.135779
-0.032231 0.135487
-0.032075 0.135194
-0.031920 0.134900
-0.031764 0.134605
-0.031608 0.134309
-0.031453 0.134012
-0.031298 0.133714
-0.031143 0.133415
-0.030988 0.133115
-0.030833 0.132813
-0.030679 0.132511
-0.030524 0.132208
-0.030370 0.131904
-0.030216 0.131599
-0.030062 0.131292
-0.029908 0.130985
-0.029755 0.130677
-0.029601 0.130368
-0.029448 0.130058
-0.029294 0.129747
-0.029141 0.129435
-0.028988 0.129122
-0.028836 0.128809
-0.028683 0.128494
-0.028530 0.128178
-0.028378 0.127862
-0.028226 0.127545
-0.028074 0.127226
-0.027922 0.126907
-0.027770 0.126587
-0.027619 0.126266
-0.027467 0.125945
-0.027316 0.125622
-0.027164 0.125299
-0.027013 0.124975
-0.026862 0.124650
-0.026712 0.124324
-0.026561 0.123997
-0.026410 0.123670
-0.026260 0.123342
-0.026110 0.123013
-0.025960 0.122683
-0.025810 0.122352
-0.025660 0.122021
-0.025510 0.121689
-0.025361 0.121356
-0.025211 0.121022
-0.025062 0.120688
-0.024913 0.120353
-0.024764 0.120017
-0.024615 0.119681
-0.024466 0.119344
-0.024318 0.119006
-0.024169 0.118667
-0.024021 0.118328
-0.023873 0.117988
-0.023724 0.117648
-0.023577 0.117306
-0.023429 0.116964
-0.023281 0.116622
-0.023133 0.116279
-0.022986 0.115935
-0.022839 0.115591
-0.022692 0.115246
-0.022545 0.114900
-0.022398 0.114554
-0.022251 0.114207
-0.022104 0.113859
-0.021958 0.113511
-0.021811 0.113163
-0.021665 0.112814
-0.021519 0.112464
-0.021373 0.112114
-0.021227 0.111763
-0.021081 0.111411
-0.020936 0.111060
-0.020790 0.110707
-0.020645 0.110354
-0.020500 0.110001
-0.020354 0.109647
-0.020209 0.109293
-0.020065 0.108938
-0.019920 0.108582
-0.019775 0.108227
-0.019631 0.107870
-0.019486 0.107514
-0.019342 0.107156
-0.019198 0.106799
-0.019054 0.106441
-0.018910 0.106082
-0.018766 0.105723
-0.018622 0.105364
-0.018479 0.105004
-0.018336 0.104644
-0.018192 0.104283
-0.018049 0.103923
-0.017906 0.103561
-0.017763 0.103200
-0.017620 0.102838
-0.017478 0.102475
-0.017335 0.102113
-0.017192 0.101749
-0.017050 0.101386
-0.016908 0.101022
-0.016766 0.100658
-0.016624 0.100294
-0.016482 0.099929
-0.016340 0.099564
-0.016198 0.099199
-0.016057 0.098834
-0.015916 0.098468
-0.015774 0.098102
-0.015633 0.097736
-0.015492 0.097369
-0.015351 0.097002
-0.015210 0.096635
-0.015069 0.096268
-0.014929 0.095900
-0.014788 0.095532
-0.014648 0.095165
-0.014508 0.094796
-0.014367 0.094428
-0.014227 0.094059
-0.014087 0.093691
-0.013948 0.093322
-0.013808 0.092953
-0.013668 0.092584
-0.013529 0.092214
-0.013389 0.091845
-0.013250 0.091475
-0.013111 0.091105
-0.012972 0.090735
-0.012833 0.090365
-0.012694 0.089995
-0.012555 0.089625
-0.012417 0.089254
-0.012278 0.088884
-0.012140 0.088513
-0.012002 0.088143
-0.011863 0.087772
-0.011725 0.087401
-0.011587 0.087030
-0.011449 0.086660
-0.011312 0.086289
-0.011174 0.085918
-0.011036 0.085547
-0.010899 0.085176
-0.010762 0.084805
-0.010624 0.084434
-0.010487 0.084063
-0.010350 0.083656
-0.010213 0.083285
-0.010077 0.082914
-0.009940 0.082544
-0.009803 0.082173
-0.009667 0.081802
-0.009530 0.081432
-0.009394 0.081061
-0.009258 0.080691
-0.009122 0.080320
-0.008986 0.079950
-0.008850 0.079580
-0.008714 0.079210
-0.008578 0.078840
-0.008443 0.078470
-0.008307 0.078100
-0.008172 0.077730
-0.008037 0.077361
-0.007901 0.076991
-0.007766 0.076622
-0.007631 0.076253
-0.007497 0.075884
-0.007362 0.075515
-0.007227 0.075146
-0.007093 0.074778
-0.006958 0.074409
-0.006824 0.074240
-0.006689 0.073871
-0.006555 0.073501
-0.006421 0.073133
-0.006287 0.072764
-0.006153 0.072396
-0.006019 0.072027
-0.005886 0.071659
-0.005752 0.071292
-0.005619 0.070924
-0.005485 0.070557
-0.005352 0.070190
-0.005219 0.069824
-0.005086 0.069457
-0.004953 0.069091
-0.004820 0.068725
-0.004687 0.068360
-0.004554 0.067994
-0.004422 0.067630
-0.004289 0.067265
-0.004157 0.066901
-0.004024 0.066537
-0.003892 0.066173
-0.003760 0.065810
-0.003628 0.065447
-0.003496 0.065084
-0.003364 0.064722
-0.003232 0.064360
-0.003100 0.063999
-0.002969 0.063638
-0.002837 0.063277
-0.002706 0.062917
-0.002574 0.062557
-0.002443 0.062197
-0.002312 0.061838
-0.002181 0.061480
-0.002050 0.061121
-0.001919 0.060764
-0.001788 0.060406
-0.001658 0.060049
-0.001527 0.059693
-0.001397 0.059337
-0.001266 0.058981
-0.001136 0.058626
-0.001006 0.058272
-0.000876 0.057918
-0.000746 0.057564
-0.000616 0.057211
-0.000486 0.056858
-0.000356 0.056506
-0.000226 0.056155
-0.000097 0.055804
0.000033 0.055453
0.000162 0.055103
0.000292 0.054754
0.000421 0.054405
0.000550 0.054056
0.000679 0.053709
0.000808 0.053361
0.000937 0.053015
0.001066 0.052669
0.001195 0.052323
0.001323 0.051979
0.001452 0.051634
0.001580 0.051291
0.001709 0.050948
0.001837 0.050605
0.001965 0.050263
0.002093 0.049922
0.002221 0.049582
0.002349 0.049242
0.002477 0.048903
0.002605 0.048564
0.002733 0.048226
0.002860 0.047889
0.002988 0.047553
0.003115 0.047217
0.003243 0.046882
0.003370 0.046547
0.003497 0.046213
0.003624 0.045880
0.003751 0.045548
0.003878 0.045216
0.004005 0.044886
0.004132 0.044555
0.004259 0.044226
0.004385 0.043897
0.004512 0.043570
0.004638 0.043242
0.004764 0.042916
0.004891 0.042590
0.005017 0.042266
0.005143 0.041942
0.005269 0.041618
0.005395 0.041296
0.005521 0.040974
0.005647 0.040653
0.005772 0.040333
0.005898 0.040014
0.006024 0.039696
0.006149 0.039378
0.006274 0.039061
0.006400 0.038746
0.006525 0.038431
0.006650 0.038116
0.006775 0.037803
0.006900 0.037491
0.007025 0.037179
0.007150 0.036868
0.007275 0.036559
0.007399 0.036250
0.007524 0.035942
0.007649 0.035635
0.007773 0.035244
0.007897 0.034939
0.008022 0.034636
0.008146 0.034333
0.008270 0.034031
0.008394 0.033731
0.008518 0.033431
0.008642 0.033132
0.008766 0.032834
0.008889 0.032537
0.009013 0.032241
0.009137 0.031946
0.009260 0.031652
0.009384 0.031359
0.009507 0.031067
0.009630 0.030776
0.009753 0.030486
0.009877 0.030197
0.010000 0.029909
0.010123 0.029622
0.010245 0.029336
0.010368 0.029051
0.010491 0.028767
0.010614 0.028485
0.010736 0.028203
0.010859 0.027922
0.010981 0.027642
0.011104 0.027364
0.011226 0.027086
0.011348 0.026810
0.011470 0.026534
0.011592 0.026260
0.011714 0.025987
0.011836 0.025715
0.011958 0.025444
0.012080 0.025174
0.012202 0.024905
0.012323 0.024638
0.012445 0.024371
0.012566 0.024106
0.012688 0.023842
0.012809 0.023579
0.012930 0.023317
0.013052 0.023056
0.013173 0.022797
0.013294 0.022538
0.013415 0.022281
0.013536 0.022025
0.013656 0.021770
0.013777 0.021517
0.013898 0.021264
0.014018 0.021013
0.014139 0.020763
0.014259 0.020514
0.014380 0.020266
0.014500 0.020020
0.014621 0.019974
0.014741 0.019728
0.014861 0.019483
0.014981 0.019239
0.015101 0.018996
0.015221 0.018754
0.015341 0.018514
0.015460 0.018275
0.015580 0.018038
0.015700 0.017802
0.015819 0.017567
0.015939 0.017333
0.016058 0.017101
0.016178 0.016870
0.016297 0.016640
0.016416 0.016412
0.016535 0.016184
0.016654 0.015959
0.016773 0.015734
0.016892 0.015512
0.017011 0.015290
0.017130 0.015070
0.017249 0.014851
0.017367 0.014633
0.017486 0.014417
0.017604 0.014203
0.017723 0.013989
0.017841 0.013777
0.017960 0.013567
0.018078 0.013358
0.018196 0.013150
0.018314 0.012944
0.018432 0.012739
0.018550 0.012536
0.018668 0.012334
0.018786 0.012133
0.018904 0.011934
0.019022 0.011736
0.019139 0.011540
0.019257 0.011345
0.019374 0.011152
0.019492 0.010960
0.019609 0.010770
0.019726 0.010581
0.019844 0.010394
0.019961 0.010208
0.020078 0.010024
0.020195 0.009841
0.020312 0.009660
0.020429 0.009480
0.020546 0.009302
0.020663 0.009125
0.020780 0.008950
0.020896 0.008776
0.021013 0.008604
0.021129 0.008433
0.021246 0.008264
0.021362 0.008097
0.021479 0.007931
0.021595 0.007767
0.021711 0.007604
0.021827 0.007443
0.021943 0.007283
0.022059 0.007125
0.022175 0.006969
0.022291 0.006814
0.022407 0.006660
0.022523 0.006509
0.022639 0.006359
0.022754 0.006210
0.022870 0.006064
0.022985 0.005918
0.023101 0.005775
0.023216 0.005633
0.023332 0.005493
0.023447 0.005354
0.023562 0.005217
0.023677 0.005082
0.023792 0.004948
0.023907 0.004816
0.024022 0.004780
0.024137 0.004649
0.024252 0.004520
0.024367 0.004392
0.024482 0.004266
0.024596 0.004141
0.024711 0.004019
0.024825 0.003898
0.024940 0.003779
0.025054 0.003662
0.025169 0.003546
0.025283 0.003432
0.025397 0.003320
0.025511 0.003210
0.025625 0.003101
0.025740 0.002995
0.025854 0.002890
0.025967 0.002786
0.026081 0.002685
0.026195 0.002585
0.026309 0.002488
0.026423 0.002392
0.026536 0.002298
0.026650 0.002205
0.026763 0.002115
0.026877 0.002026
0.026990 0.001939
0.027103 0.001854
0.027217 0.001771
0.027330 0.001690
0.027443 0.001610
0.027556 0.001532
0.027669 0.001457
0.027782 0.001455
0.027895 0.001379
0.028008 0.001305
0.028121 0.001233
0.028234 0.001164
0.028346 0.001096
0.028459 0.001030
0.028571 0.000966
0.028684 0.000904
0.028796 0.000844
0.028909 0.000786
0.029021 0.000730
0.029133 0.000676
0.029246 0.000625
0.029358 0.000575
0.029470 0.000527
0.029582 0.000525
0.029694 0.000477
0.029806 0.000432
0.029918 0.000389
0.030030 0.000348
0.030141 0.000309
0.030253 0.000273
0.030365 0.000238
0.030476 0.000207
0.030588 0.000177
0.030699 0.000150
0.030811 0.000125
0.030922 0.000102
0.031033 0.000122
0.031145 0.000095
0.031256 0.000071
0.031367 0.000051
0.031478 0.000034
0.031589 0.000020
0.031700 0.000010
0.031811 0.000003
0.031922 0.000000
0.031977 0.000000
0.032033 0.000001
0.032144 0.000004
0.032255 0.000012
0.032366 0.000022
0.032477 0.000037
0.032588 0.000055
0.032699 0.000076
0.032810 0.000101
0.032921 0.000130
0.033033 0.000109
0.033144 0.000134
0.033255 0.000160
0.033367 0.000189
0.033478 0.000221
0.033590 0.000255
0.033702 0.000291
0.033813 0.000330
0.033925 0.000372
0.034037 0.000416
0.034149 0.000462
0.034261 0.000512
0.034373 0.000519
0.034485 0.000569
0.034597 0.000621
0.034709 0.000676
0.034821 0.000733
0.034934 0.000793
0.035046 0.000855
0.035158 0.000919
0.035271 0.000986
0.035383 0.001056
0.035496 0.001128
0.035609 0.001202
0.035721 0.001279
0.035834 0.001359
0.035947 0.001441
0.036060 0.001453
0.036173 0.001536
0.036286 0.001621
0.036399 0.001709
0.036512 0.001799
0.036625 0.001892
0.036738 0.001988
0.036851 0.002085
0.036965 0.002186
0.037078 0.002289
0.037192 0.002394
0.037305 0.002502
0.037419 0.002613
0.037532 0.002726
0.037646 0.002842
0.037760 0.002960
0.037873 0.003081
0.037987 0.003205
0.038101 0.003331
0.038215 0.003460
0.038329 0.003591
0.038443 0.003725
0.038558 0.003862
0.038672 0.004002
0.038786 0.004144
0.038900 0.004289
0.039015 0.004437
0.039129 0.004588
0.039244 0.004741
0.039359 0.004897
0.039473 0.004957
0.039588 0.005116
0.039703 0.005277
0.039818 0.005441
0.039932 0.005608
0.040047 0.005777
0.040162 0.005950
0.040278 0.006125
0.040393 0.006303
0.040508 0.006484
0.040623 0.006668
0.040739 0.006855
0.040854 0.007044
0.040969 0.007237
0.041085 0.007432
0.041201 0.007630
0.041316 0.007832
0.041432 0.008036
0.041548 0.008243
0.041664 0.008453
0.041779 0.008666
0.041895 0.008882
0.042011 0.009102
0.042128 0.009324
0.042244 0.009549
0.042360 0.009777
0.042476 0.010009
0.042593 0.010243
0.042709 0.010481
0.042825 0.010721
0.042942 0.010965
0.043059 0.011212
0.043175 0.011462
0.043292 0.011715
0.043409 0.011972
0.043526 0.012232
0.043643 0.012494
0.043760 0.012760
0.043877 0.013030
0.043994 0.013302
0.044111 0.013578
0.044228 0.013857
0.044346 0.014140
0.044463 0.014425
0.044581 0.014714
0.044698 0.015007
0.044816 0.015302
0.044933 0.015601
0.045051 0.015903
0.045169 0.016209
0.045287 0.016518
0.045405 0.016831
0.045523 0.017147
0.045641 0.017466
0.045759 0.017789
0.045877 0.018116
0.045995 0.018446
0.046114 0.018779
0.046232 0.019116
0.046350 0.019457
0.046469 0.019801
0.046588 0.020148
0.046706 0.020500
0.046825 0.020854
0.046944 0.021213
0.047063 0.021575
0.047182 0.021941
0.047301 0.022310
0.047420 0.022683
0.047539 0.023060
0.047658 0.023440
0.047777 0.023824
0.047897 0.024212
0.048016 0.024604
0.048136 0.024999
0.048255 0.025198
0.048375 0.025598
0.048494 0.026002
0.048614 0.026409
0.048734 0.026820
0.048854 0.027235
0.048974 0.027654
0.049094 0.028077
0.049214 0.028504
0.049334 0.028934
0.049455 0.029369
0.049575 0.029808
0.049695 0.030251
0.049816 0.030696
0.049936 0.031146
0.050057 0.031601
0.050178 0.032059
0.050298 0.032521
0.050419 0.032987
0.050540 0.033458
0.050661 0.033932
0.050782 0.034411
0.050903 0.034893
0.051025 0.035380
0.051146 0.035871
0.051267 0.036366
0.051389 0.036865
0.051510 0.037369
0.051632 0.037876
0.051753 0.038388
0.051875 0.038904
0.051997 0.039424
0.052119 0.039949
0.052240 0.040478
0.052362 0.041011
0.052485 0.041548
0.052607 0.042090
0.052729 0.042636
0.052851 0.043187
0.052974 0.043742
0.053096 0.044301
0.053219 0.044865
0.053341 0.045433
0.053464 0.046005
0.053587 0.046691
0.053709 0.047274
0.053832 0.047861
0.053955 0.048453
0.054078 0.049050
0.054201 0.049651
0.054325 0.050257
0.054448 0.050867
0.054571 0.051482
0.054695 0.052101
0.054818 0.052726
0.054942 0.053355
0.055065 0.053988
0.055189 0.054627
0.055313 0.055270
0.055437 0.055917
0.055561 0.056570
0.055685 0.057227
0.055809 0.057890
0.055933 0.058557
0.056058 0.059228
0.056182 0.059905
0.056306 0.060587
0.056431 0.061273
0.056555 0.061964
0.056680 0.062661
0.056805 0.063362
0.056930 0.064068
0.057055 0.064779
0.057180 0.065496
0.057305 0.066217
0.057430 0.066943
0.057555 0.067674
0.057680 0.068411
0.057806 0.069152
0.057931 0.069899
0.058057 0.070651
0.058182 0.071408
0.058308 0.072170
0.058434 0.072937
0.058560 0.073710
0.058686 0.074487
0.058812 0.075270
0.058938 0.076059
0.059064 0.076852
0.059190 0.077651
0.059317 0.078455
0.059443 0.079265
0.059570 0.080079
0.059696 0.080900
0.059823 0.081725
0.059950 0.082557
0.060077 0.083393
0.060204 0.084235
0.060331 0.084881
0.060458 0.085732
0.060585 0.086589
0.060712 0.087451
0.060840 0.088318
0.060967 0.089191
0.061095 0.090070
0.061222 0.090954
0.061350 0.091844
0.061478 0.092740
0.061605 0.093641
0.061733 0.094548
0.061861 0.095461
0.061990 0.096379
0.062118 0.097303
0.062246 0.098233
0.062375 0.099169
0.062503 0.100111
0.062632 0.101058
0.062760 0.102011
0.062889 0.102971
0.063018 0.103936
0.063147 0.104907
0.063276 0.105883
0.063405 0.106866
0.063534 0.107855
0.063663 0.108850
0.063792 0.109851
0.063922 0.110858
0.064051 0.111871
0.064181 0.112890
0.064311 0.113915
0.064440 0.114946
0.064570 0.115984
0.064700 0.117028
0.064830 0.118077
0.064961 0.119134
0.065091 0.120196
0.065221 0.121264
0.065352 0.122339
0.065482 0.123420
0.065613 0.124508
0.065743 0.125602
0.065874 0.126702
0.066005 0.127809
0.066136 0.128922
0.066267 0.130041
0.066398 0.131167
0.066529 0.132300
0.066661 0.133438
0.066792 0.134584
0.066924 0.135736
0.067055 0.136895
0.067187 0.138060
0.067319 0.139231
0.067451 0.140410
0.067582 0.141595
0.067715 0.142787
0.067847 0.143985
0.067979 0.145190
0.068111 0.146402
0.068244 0.147621
0.068376 0.148847
0.068509 0.150079
0.068642 0.151318
0.068775 0.152564
0.068907 0.153880
0.069040 0.155140
0.069174 0.156408
0.069307 0.157682
0.069440 0.158964
0.069573 0.160252
0.069707 0.161548
0.069841 0.162851
0.069974 0.164160
0.070108 0.165477
0.070242 0.166801
0.070376 0.168132
0.070510 0.169471
0.070644 0.170816
0.070778 0.172169
0.070913 0.173529
0.071047 0.174896
0.071182 0.176271
0.071317 0.177653
0.071451 0.179043
0.071586 0.180439
0.071721 0.181844
0.071856 0.183255
0.071991 0.184674
0.072127 0.186101
0.072262 0.187535
0.072398 0.188976
0.072533 0.190425
0.072669 0.191882
0.072805 0.193346
0.072941 0.194819
0.073077 0.196299
0.073213 0.197787
0.073349 0.199283
0.073485 0.200788
0.073622 0.202300
0.073758 0.203820
0.073895 0.205347
0.074031 0.206880
0.074168 0.208423
0.074305 0.209973
0.074442 0.211531
0.074579 0.213096
0.074716 0.214669
0.074854 0.216251
0.074991 0.217840
0.075129 0.219437
0.075266 0.221043
0.075404 0.222656
0.075542 0.224278
0.075680 0.225908
0.075818 0.227546
0.075956 0.229192
0.076095 0.230846
0.076233 0.232509
0.076372 0.234180
0.076510 0.235859
0.076649 0.237547
0.076788 0.239243
0.076927 0.240947
0.077066 0.242660
0.077205 0.244380
0.077344 0.246109
0.077484 0.247848
0.077623 0.249594
0.077763 0.251349
0.077902 0.253112
0.078042 0.254884
0.078182 0.256664
0.078322 0.258454
0.078462 0.260253
0.078603 0.262061
0.078743 0.263878
0.078884 0.265704
0.079024 0.267538
0.079165 0.269380
0.079306 0.271232
0.079447 0.273092
0.079588 0.274961
0.079729 0.276839
0.079870 0.278726
0.080012 0.280622
0.080153 0.282527
0.080295 0.284441
0.080437 0.286364
0.080579 0.288296
0.080721 0.290237
0.080863 0.292188
0.081005 0.294147
0.081147 0.296116
0.081290 0.298094
0.081432 0.300082
0.081575 0.302078
0.081718 0.304084
0.081861 0.306100
0.082004 0.308124
0.082147 0.310158
0.082290 0.312202
0.082434 0.314055
0.082577 0.316115
0.082721 0.318185
0.082865 0.320265
0.083009 0.322354
0.083153 0.324453
0.083297 0.326561
0.083441 0.328679
0.083585 0.330807
0.083730 0.332944
0.083875 0.335092
0.084019 0.337249
0.084164 0.339416
0.084309 0.341592
0.084454 0.343779
0.084600 0.345975
0.084745 0.348182
0.084890 0.350398
0.085036 0.352625
0.085182 0.354861
0.085328 0.357108
0.085474 0.359364
0.085620 0.361745
0.085766 0.364023
0.085913 0.366312
0.086059 0.368610
0.086206 0.370919
0.086352 0.373239
0.086499 0.375569
0.086646 0.377909
0.086794 0.380260
0.086941 0.382621
0.087088 0.384992
0.087236 0.387374
0.087384 0.389766
0.087531 0.392168
0.087679 0.394581
0.087827 0.397004
0.087976 0.399439
0.088124 0.401884
0.088272 0.404340
0.088421 0.406806
0.088570 0.409284
0.088719 0.411772
0.088868 0.414272
0.089017 0.416782
0.089166 0.419303
0.089316 0.421835
0.089465 0.424378
0.089615 0.426932
0.089765 0.429497
0.089915 0.432073
0.090065 0.434661
0.090215 0.437259
0.090365 0.439869
0.090516 0.442490
0.090666 0.445121
0.090817 0.447764
0.090968 0.450418
0.091119 0.453084
0.091270 0.455762
0.091422 0.458450
0.091573 0.461150
0.091725 0.463862
0.091877 0.466585
0.092029 0.469320
0.092181 0.472067
0.092333 0.474825
0.092485 0.477594
0.092638 0.480376
0.092790 0.483169
0.092943 0.485974
0.093096 0.488791
0.093249 0.491619
0.093402 0.494258
0.093556 0.497108
0.093709 0.499970
0.093863 0.502845
0.094017 0.505731
0.094171 0.508629
0.094325 0.511539
0.094479 0.514462
0.094634 0.517396
0.094788 0.520343
0.094943 0.523302
0.095098 0.526274
0.095253 0.529257
0.095408 0.532253
0.095563 0.535262
0.095719 0.538282
0.095874 0.541316
0.096030 0.544361
0.096186 0.547419
0.096342 0.550490
0.096498 0.553574
0.096655 0.556670
0.096811 0.559779
0.096968 0.562900
0.097125 0.566034
0.097282 0.569182
0.097439 0.572341
0.097597 0.575514
0.097754 0.578700
0.097912 0.581899
0.098070 0.585110
0.098227 0.588335
0.098386 0.591573
0.098544 0.594824
0.098702 0.598088
0.098861 0.601365
0.099020 0.604814
0.099179 0.608124
0.099338 0.611442
0.099497 0.614772
0.099657 0.618129
0.099816 0.621495
0.099976 0.624863
0.100136 0.628224
0.100296 0.631619
0.100456 0.635031
0.100617 0.638459
0.100777 0.641901
0.100938 0.645356
0.101099 0.648826
0.101260 0.652318
0.101422 0.655814
0.103044 0.691507
0.103207 0.695154
0.103371 0.698794
0.103534 0.702505
0.103698 0.706202
0.103862 0.709908
0.104026 0.713638
0.104190 0.717376
0.104355 0.721119
0.104519 0.724882
0.104684 0.728488
0.104849 0.732472
0.105014 0.736271
0.105180 0.740087
0.105345 0.743927
0.105511 0.747782
0.105677 0.751652
0.105843 0.755537
0.106009 0.759441
0.106176 0.763353
0.106342 0.767285
0.106509 0.771237
0.106676 0.775188
0.106844 0.779164
0.107011 0.783155
0.107179 0.787161
0.107347 0.791184
0.107515 0.795223
0.107683 0.799277
0.107851 0.803346
0.108020 0.807431
0.108189 0.811532
0.108358 0.815649
0.108527 0.819782
0.108696 0.823931
0.108866 0.828096
0.109035 0.832276
0.109205 0.836473
0.109376 0.840686
0.109546 0.844916
0.109717 0.849161
0.109887 0.853423
0.110058 0.857701
0.110230 0.861996
0.110401 0.866307
0.110573 0.870634
0.110744 0.874978
0.110916 0.879339
0.111089 0.883716
0.111261 0.888111
0.111434 0.892521
0.111606 0.896949
0.111780 0.901394
0.111953 0.905855
0.112126 0.910334
0.112300 0.914829
0.112474 0.919342
0.112648 0.923872
0.112822 0.928419
0.112997 0.932984
0.113172 0.937565
0.113347 0.942165
0.113522 0.946781
0.113697 0.951415
0.113873 0.956067
0.114049 0.960736
0.114225 0.965407
0.114401 0.970111
0.114578 0.974832
0.114755 0.979572
0.114932 0.984329
0.115109 0.989104
0.115286 0.993897
0.115464 0.998708
0.115642 1.003538
0.115820 1.008385
0.115998 1.013068
0.116177 1.017952
0.116356 1.022854
0.116535 1.027774
0.116714 1.032713
0.116894 1.037670
0.117073 1.042647
0.117253 1.047641
0.117434 1.052655
0.117614 1.057876
0.117795 1.062739
0.117976 1.067809
0.118157 1.072898
0.118338 1.078006
0.118520 1.083333
0.118702 1.088478
0.118884 1.093642
0.119067 1.098826
0.119249 1.104028
0.119432 1.109255
0.119615 1.114493
0.119799 1.119754
0.119982 1.125036
0.120166 1.130336
0.120350 1.135662
0.120535 1.140819
0.120720 1.146181
0.120905 1.151564
0.121090 1.156967
0.121275 1.162390
0.121461 1.167833
0.121647 1.173296
0.121833 1.178780
0.122020 1.184284
0.122206 1.189809
0.122393 1.195355
0.122581 1.200921
0.122768 1.206508
0.122956 1.212116
0.123144 1.217745
0.123333 1.223395
0.123521 1.229066
0.123710 1.234758
0.123899 1.240471
0.124089 1.246206
0.124279 1.251962
0.124469 1.257740
0.124659 1.263539
0.124850 1.269360
0.125041 1.275203
0.125232 1.281067
0.125423 1.286953
0.125615 1.292861
0.125807 1.298792
0.125999 1.304744
0.126192 1.310719
0.126385 1.316716
0.126578 1.322735
0.126771 1.328777
0.126965 1.334842
0.127159 1.340929
0.127354 1.347039
0.127548 1.353172
0.127743 1.359327
0.127939 1.365506
0.128134 1.371708
0.128330 1.377933
0.128526 1.384181
0.128723 1.390453
0.128920 1.396748
0.129117 1.403067
0.129314 1.409410
0.129512 1.415776
0.129710 1.422166
0.129908 1.428580
0.130107 1.435018
0.130306 1.441480
0.130506 1.447967
0.130705 1.454478
0.130905 1.461013
0.131105 1.467573
0.131306 1.474158
0.131507 1.480767
0.131708 1.487401
0.131910 1.494060
0.132112 1.500745
0.132314 1.507454
0.132517 1.514189
0.132720 1.520949
0.132923 1.527817
0.133127 1.534629
0.133331 1.541466
0.133535 1.548329
0.133740 1.555219
0.133945 1.562134
0.134151 1.569076
0.134356 1.576043
0.134563 1.583038
0.134769 1.590058
0.134976 1.597106
0.135183 1.604180
0.135391 1.611281
0.135599 1.618409
0.135807 1.625564
0.136016 1.632746
0.136225 1.639956
0.136434 1.647193
0.136644 1.654458
0.136854 1.661750
0.137065 1.669071
0.137275 1.676419
0.137487 1.683796
0.137698 1.691200
0.137911 1.698633
0.138123 1.706095
0.138336 1.713585
0.138549 1.721104
0.138763 1.728652
0.138977 1.736228
0.139191 1.743834
0.139406 1.751469
0.139621 1.759134
0.139837 1.766829
0.140053 1.774553
0.140270 1.782306
0.140487 1.790090
0.140704 1.797905
0.140922 1.805749
0.141140 1.813624
0.141358 1.821530
0.141577 1.829466
0.141797 1.837433
0.142017 1.845432
0.142237 1.853461
0.142458 1.861522
0.142679 1.869615
0.142901 1.877739
0.143123 1.885895
0.143345 1.894083
0.143568 1.902304
0.143791 1.910556
0.144015 1.918842
0.144240 1.927160
0.144464 1.935511
0.144690 1.943895
0.144915 1.952312
0.145142 1.960763
0.145368 1.969247
0.145595 1.977765
0.145823 1.986317
0.146051 1.994903
0.146280 2.003524
0.146509 2.012179
0.146738 2.020868
0.146968 2.029593
0.147199 2.038352
0.147430 2.047148
0.147662 2.055978
0.147894 2.064844
0.148126 2.073746
0.148359 2.082684
0.148593 2.091659
0.148827 2.100670
0.149062 2.109717
0.149297 2.118802
0.149533 2.127924
0.149769 2.137083
0.150006 2.146280
0.150243 2.155514
0.150481 2.164787
0.150719 2.174098
0.150958 2.183447
0.151198 2.192835
0.151438 2.202262
0.151679 2.211728
0.151920 2.221234
0.152162 2.230779
0.152404 2.240365
0.152647 2.249990
0.152891 2.259656
0.153135 2.269363
0.153380 2.279111
0.153625 2.288899
0.153871 2.298730
0.154117 2.308602
0.154365 2.318516
0.154612 2.328472
0.154861 2.338471
0.155110 2.348513
0.155359 2.358598
0.155610 2.368727
0.155861 2.378899
0.156112 2.389115
0.156365 2.399376
0.156617 2.409681
0.156871 2.420031
0.157125 2.430426
0.157380 2.440866
0.157636 2.451351
0.157892 2.461885
0.158149 2.472466
0.158407 2.483092
0.158665 2.493766
0.158924 2.504487
0.159184 2.515256
0.159444 2.526073
0.159705 2.536938
0.159967 2.547853
0.160230 2.558817
0.160493 2.569831
0.160757 2.580895
0.161022 2.592010
0.161288 2.603176
0.161554 2.614392
0.161822 2.625658
0.162089 2.636977
0.162358 2.648350
0.162628 2.659775
0.162898 2.671253
0.163169 2.682785
0.163441 2.694371
0.163714 2.706020
0.163988 2.717715
0.164262 2.729465
0.164538 2.741273
0.164814 2.753134
0.165091 2.765053
0.165369 2.777030
0.165647 2.789065
0.165927 2.801158
0.166208 2.813310
0.166489 2.825521
0.166771 2.837793
0.167055 2.850124
0.167339 2.862517
0.167624 2.874971
0.167910 2.887487
0.168197 2.900066
0.168485 2.912708
0.168774 2.925413
0.169064 2.938183
0.169355 2.951018
0.169647 2.963918
0.169940 2.976885
0.170235 2.989918
0.170530 3.003019
0.170826 3.016188
0.171123 3.029425
0.171421 3.042732
0.171721 3.055908
0.172021 3.069355
0.172323 3.082872
0.172626 3.096462
0.172929 3.110125
0.173234 3.123861
0.173541 3.137672
0.173848 3.151558
0.174156 3.165521
0.174466 3.179560
0.174777 3.193677
0.175089 3.207873
0.175403 3.222148
0.175717 3.236503
0.176033 3.250940
0.176351 3.265458
0.176669 3.280060
0.176989 3.294746
0.177310 3.309517
0.177633 3.324373
0.177957 3.339318
0.178282 3.354349
0.178609 3.369471
0.178937 3.384682
0.179267 3.399984
0.179598 3.415380
0.179931 3.430868
0.180265 3.446452
0.180600 3.462131
0.180937 3.477908
0.181276 3.493783
0.181617 3.509758
0.181959 3.525835
0.182302 3.542013
0.182647 3.558296
0.182994 3.574684
0.183343 3.591179
0.183694 3.607782
0.184046 3.624495
0.184400 3.641319
0.184755 3.658256
0.185113 3.675308
0.185473 3.692476
0.185834 3.709762
0.186197 3.727169
0.186563 3.744800
0.186930 3.762453
0.187299 3.780232
0.187671 3.798138
0.188044 3.816173
0.188420 3.834340
0.188798 3.852641
0.189178 3.871078
0.189560 3.889653
0.189945 3.908369
0.190332 3.927228
0.190721 3.946233
0.191113 3.965386
0.191507 3.984691
0.191904 4.004149
0.192304 4.023765
0.192706 4.043540
0.193110 4.063477
0.193518 4.083580
0.193928 4.103853
0.194341 4.124298
0.194757 4.144919
0.195175 4.165720
0.195597 4.186704
0.196022 4.207875
0.196450 4.229238
0.196882 4.250795
0.197316 4.272552
0.197754 4.294514
0.198196 4.316684
0.198641 4.339067
0.199089 4.361669
0.199542 4.384495
0.199998 4.407550
0.200458 4.430840
0.200922 4.454370
0.201391 4.478146
0.201863 4.502179
0.202340 4.526468
0.202821 4.551024
0.203307 4.575854
0.203798 4.600966
0.204294 4.626368
0.204794 4.652069
0.205300 4.678079
0.205811 4.704407
0.206328 4.731071
0.206850 4.757867
0.207378 4.785214
0.207913 4.812922
0.208454 4.841004
0.209001 4.869474
0.209555 4.898346
0.210116 4.927635
0.210684 4.957357
0.211261 4.987528
0.211845 5.018168
0.212437 5.049296
0.213038 5.081046
0.213648 5.113215
0.214267 5.145939
0.214897 5.179246
0.215537 5.213042
0.216187 5.247598
0.216850 5.282953
0.217524 5.318896
0.218211 5.355593
0.218912 5.393083
0.219627 5.431418
0.220358 5.470650
0.221105 5.510835
0.221870 5.552040
0.222654 5.594349
0.223458 5.637844
0.224284 5.682622
0.225134 5.728793
0.226010 5.776481
0.226915 5.825839
0.227851 5.877040
0.228824 5.930293
0.229835 5.985847
0.230892 6.044014
0.232001 6.105164
0.233169 6.169777
0.234409 6.238505
0.235734 6.312144
0.237166 6.391957
0.238735 6.479680
0.240490 6.577938
0.242521 6.692316
0.245018 6.833473
0.248646 7.039565
