-1.853315 3.434922
-1.750079 3.062895
-1.679001 2.819156
-1.621226 2.628520
-1.571269 2.469020
-1.526618 2.330690
-1.485872 2.207942
-1.448158 2.097286
-1.412885 1.996368
-1.379633 1.903509
-1.348089 1.817466
-1.318015 1.737285
-1.289223 1.662215
-1.261561 1.591654
-1.234905 1.525109
-1.209155 1.462172
-1.184222 1.402497
-1.160034 1.345793
-1.136528 1.291808
-1.113649 1.240325
-1.091350 1.191153
-1.069588 1.144126
-1.048326 1.099094
-1.027532 1.055927
-1.007176 1.014507
-0.987232 0.974727
-0.967674 0.936493
-0.948483 0.899717
-0.929637 0.864321
-0.911119 0.830232
-0.892912 0.797385
-0.875002 0.765719
-0.857373 0.735178
-0.840014 0.705711
-0.822912 0.677270
-0.806056 0.649812
-0.789436 0.623293
-0.773042 0.597675
-0.756865 0.572924
-0.740897 0.549006
-0.725130 0.525889
-0.709556 0.503544
-0.694169 0.481943
-0.678962 0.461060
-0.663929 0.440870
-0.649063 0.421350
-0.634360 0.402478
-0.619815 0.384234
-0.605422 0.366597
-0.591176 0.349549
-0.577073 0.333072
-0.563110 0.317150
-0.549281 0.301765
-0.535584 0.286904
-0.522014 0.272550
-0.508567 0.258692
-0.495242 0.245389
-0.482034 0.232476
-0.468940 0.220019
-0.455958 0.208007
-0.443084 0.196429
-0.430316 0.185273
-0.417652 0.174529
-0.405088 0.164188
-0.392623 0.154240
-0.380255 0.144677
-0.367980 0.135488
-0.355798 0.126667
-0.343705 0.118204
-0.331700 0.110092
-0.319781 0.102323
-0.307947 0.094891
-0.296195 0.087787
-0.284524 0.081006
-0.272932 0.074541
-0.261417 0.068385
-0.249979 0.062532
-0.238615 0.056977
-0.227324 0.051713
-0.216104 0.046735
-0.204955 0.042038
-0.193876 0.037617
-0.182863 0.033465
-0.171918 0.029580
-0.161038 0.025955
-0.150222 0.022586
-0.139469 0.019469
-0.128778 0.016599
-0.118148 0.013973
-0.107577 0.011585
-0.097066 0.009432
-0.086613 0.007511
-0.076216 0.005816
-0.065876 0.004346
-0.055591 0.003095
-0.045360 0.002061
-0.035182 0.001240
-0.025058 0.000630
-0.014984 0.000226
-0.004962 0.000025
0.000030 0.000000
0.005022 0.000025
0.015044 0.000226
0.025117 0.000630
0.035242 0.001241
0.045420 0.002062
0.055651 0.003096
0.065936 0.004346
0.076276 0.005817
0.086673 0.007512
0.097126 0.009433
0.107637 0.011586
0.118207 0.013974
0.128837 0.016601
0.139528 0.019472
0.150281 0.022589
0.161097 0.025959
0.171978 0.029584
0.182923 0.033471
0.193935 0.037623
0.205015 0.042045
0.216164 0.046743
0.227383 0.051722
0.238674 0.056987
0.250038 0.062544
0.261477 0.068398
0.272991 0.074556
0.284584 0.081023
0.296255 0.087806
0.308007 0.094912
0.319841 0.102347
0.331760 0.110118
0.343765 0.118232
0.355857 0.126698
0.368040 0.135523
0.380315 0.144715
0.392683 0.154282
0.405148 0.164234
0.417712 0.174579
0.430376 0.185238
0.443144 0.196393
0.456017 0.207971
0.469000 0.219983
0.482094 0.232439
0.495302 0.245351
0.508627 0.258732
0.522073 0.272594
0.535644 0.286951
0.549341 0.301816
0.563170 0.317204
0.577133 0.333131
0.591236 0.349612
0.605481 0.366664
0.619875 0.384306
0.634420 0.402556
0.649123 0.421376
0.663989 0.440898
0.679022 0.461091
0.694229 0.481977
0.709616 0.503581
0.725190 0.525929
0.740957 0.549050
0.756925 0.572972
0.773102 0.597726
0.789496 0.623348
0.806116 0.649871
0.822972 0.677336
0.840074 0.705782
0.857433 0.735255
0.875062 0.765802
0.892972 0.797371
0.911179 0.830219
0.929697 0.864308
0.948543 0.899706
0.967734 0.936483
0.987291 0.974719
1.007236 1.014500
1.027592 1.055922
1.048386 1.099091
1.069648 1.144125
1.091409 1.191155
1.113709 1.240330
1.136588 1.291816
1.160094 1.345805
1.184282 1.402513
1.209214 1.462192
1.234965 1.525134
1.261620 1.591685
1.289282 1.662252
1.318075 1.737329
1.348149 1.817518
1.379692 1.903571
1.412945 1.996439
1.448218 2.097369
1.485932 2.208038
1.526677 2.330799
1.571329 2.469144
1.621286 2.628655
1.679061 2.819183
1.750139 3.062927
1.853375 3.434945
