-1.543904 28.530195
-1.450688 25.791971
-1.386508 23.904007
-1.334341 22.370144
-1.289232 21.045988
-1.248915 19.865576
-1.212124 18.791674
-1.178070 17.801872
-1.146221 16.880281
-1.116196 16.015825
-1.087714 15.200774
-1.060559 14.428914
-1.034561 13.694991
-1.009584 12.995532
-0.985516 12.327088
-0.962264 11.687386
-0.939751 11.073997
-0.917911 10.485212
-0.896686 9.919835
-0.876028 9.376039
-0.855893 8.853126
-0.836243 8.350013
-0.817045 7.866008
-0.798270 7.400081
-0.779889 6.951835
-0.761880 6.520778
-0.744221 6.106574
-0.726892 5.708391
-0.709876 5.326164
-0.693155 4.959717
-0.676716 4.608434
-0.660543 4.272295
-0.644626 3.951332
-0.628952 3.644898
-0.613509 3.353067
-0.598289 3.075672
-0.583282 2.812464
-0.568480 2.563495
-0.553873 2.328516
-0.539455 2.107371
-0.525218 1.899892
-0.511156 1.705891
-0.497262 1.525157
-0.483531 1.357627
-0.469956 1.202631
-0.456534 1.060064
-0.443258 0.929623
-0.430124 0.810807
-0.417128 0.703207
-0.404265 0.606313
-0.391531 0.519587
-0.378923 0.442444
-0.366436 0.374413
-0.354068 0.314420
-0.341815 0.262293
-0.329674 0.217196
-0.317642 0.178153
-0.305716 0.144976
-0.293893 0.117033
-0.282171 0.093340
-0.270546 0.073571
-0.259018 0.057216
-0.247583 0.043947
-0.236239 0.033046
-0.224983 0.024312
-0.213815 0.017411
-0.202732 0.012051
-0.191732 0.007976
-0.180813 0.004965
-0.169973 0.002851
-0.159211 0.001403
-0.148525 0.000543
-0.137914 0.000096
-0.127376 0.000006
-0.116909 0.000182
-0.106512 0.000547
-0.096183 0.001038
-0.085922 0.001544
-0.075727 0.002114
-0.065597 0.002678
-0.055530 0.003206
-0.045526 0.003677
-0.035582 0.004034
-0.025699 0.004341
-0.015875 0.004554
-0.006109 0.004668
0.003601 0.004681
0.013254 0.004594
0.022852 0.004413
0.032397 0.004143
0.041888 0.003831
0.051327 0.003412
0.060714 0.002939
0.070051 0.002432
0.079338 0.001911
0.088576 0.001399
0.097765 0.000957
0.106907 0.000530
0.116003 0.000207
0.125052 0.000025
0.129560 0.000000
0.134068 0.000027
0.143117 0.000265
0.152212 0.000800
0.161355 0.001642
0.170544 0.002946
0.179782 0.004728
0.189069 0.007154
0.198406 0.010312
0.207793 0.014329
0.217232 0.019351
0.226723 0.025538
0.236267 0.033071
0.245866 0.042150
0.255519 0.052834
0.265228 0.065648
0.274995 0.080725
0.284819 0.098347
0.294702 0.118818
0.304645 0.142242
0.314650 0.169349
0.324717 0.200488
0.334847 0.235512
0.345042 0.275304
0.355303 0.320064
0.365631 0.370288
0.376028 0.425925
0.386495 0.487753
0.397034 0.555959
0.407645 0.630862
0.418331 0.712756
0.429093 0.801909
0.439933 0.898575
0.450852 1.002985
0.461852 1.115315
0.472935 1.235702
0.484103 1.364411
0.495358 1.501370
0.506702 1.646765
0.518138 1.800837
0.529666 1.963537
0.541290 2.134917
0.553013 2.315017
0.564836 2.503863
0.576762 2.701475
0.588794 2.907865
0.600935 3.123141
0.613188 3.347105
0.625556 3.579859
0.638043 3.821407
0.650651 4.071744
0.663385 4.330637
0.676248 4.598575
0.689244 4.875289
0.702378 5.160602
0.715654 5.454869
0.729076 5.758076
0.742651 6.070127
0.756382 6.391037
0.770275 6.720690
0.784338 7.059561
0.798574 7.407581
0.812993 7.764799
0.827599 8.131224
0.842402 8.507030
0.857409 8.892252
0.872629 9.287270
0.888071 9.692321
0.903746 10.107035
0.919663 10.532191
0.935835 10.967952
0.952275 11.414433
0.968996 11.871774
0.986012 12.340822
1.003341 12.821610
1.021000 13.314381
1.039009 13.820167
1.057389 14.338992
1.076165 14.871798
1.095363 15.419306
1.115013 15.981870
1.135148 16.560804
1.155806 17.156984
1.177031 17.771721
1.198871 18.405907
1.221384 19.061705
1.244635 19.740349
1.268703 20.444447
1.293681 21.176434
1.319679 21.939615
1.346834 22.737293
1.375316 23.574787
1.405341 24.458023
1.437190 25.394978
1.471244 26.396414
1.508034 27.477463
1.548352 28.660639
1.593461 29.981838
1.645628 31.505241
1.709807 33.372173
1.803024 36.066544
