-0.743431 3792.563477
-0.702020 2601.594971
-0.673509 1978.505493
-0.650334 1569.204590
-0.630294 1275.147705
-0.612383 1053.073730
-0.596039 879.864807
-0.580911 741.669556
-0.566762 629.534851
-0.553423 537.352783
-0.540770 460.783234
-0.528707 396.643158
-0.517157 342.538757
-0.506061 296.631165
-0.495369 257.484436
-0.485040 223.960251
-0.475038 195.145096
-0.465336 170.298065
-0.455907 148.812637
-0.446730 130.188324
-0.437785 114.009117
-0.429055 99.927116
-0.420527 87.649696
-0.412186 76.929543
-0.404020 67.556648
-0.396020 59.352036
-0.388175 52.162567
-0.380476 45.856815
-0.372917 40.321655
-0.365489 35.459438
-0.358186 31.185694
-0.351001 27.427172
-0.343930 24.120235
-0.336967 21.209669
-0.330106 18.646828
-0.323345 16.389742
-0.316678 14.401548
-0.310102 12.649981
-0.303613 11.106757
-0.297208 9.747067
-0.290883 8.549126
-0.284636 7.493781
-0.278464 6.564191
-0.272364 5.745532
-0.266333 5.024746
-0.260370 4.390326
-0.254473 3.832129
-0.248638 3.341203
-0.242864 2.909653
-0.237150 2.530506
-0.231493 2.197608
-0.225892 1.905519
-0.220345 1.649422
-0.214850 1.425280
-0.209407 1.228948
-0.204013 1.057313
-0.198668 0.907444
-0.193370 0.776752
-0.188118 0.662944
-0.182910 0.563999
-0.177746 0.478125
-0.172625 0.403742
-0.167544 0.339453
-0.162505 0.284022
-0.157505 0.236328
-0.152543 0.195654
-0.147620 0.160724
-0.142733 0.131002
-0.137882 0.105823
-0.133067 0.084603
-0.128286 0.066825
-0.123539 0.052035
-0.118825 0.039832
-0.114143 0.029862
-0.109493 0.021961
-0.104874 0.015528
-0.100286 0.010512
-0.095727 0.006635
-0.091198 0.004037
-0.086698 0.002052
-0.082226 0.000789
-0.077781 0.000207
-0.073364 -0.000030
-0.068973 0.000187
-0.064609 0.000740
-0.060270 0.001396
-0.055957 0.002299
-0.051669 0.003313
-0.047404 0.004391
-0.043164 0.005491
-0.038948 0.006580
-0.034755 0.007626
-0.030585 0.008607
-0.026437 0.009502
-0.022311 0.010294
-0.018207 0.010971
-0.014125 0.011521
-0.010063 0.011938
-0.006023 0.012218
-0.002003 0.012358
0.002003 0.012358
0.006023 0.012218
0.010063 0.011938
0.014125 0.011521
0.018207 0.010971
0.022311 0.010294
0.026437 0.009502
0.030585 0.008607
0.034755 0.007626
0.038948 0.006580
0.043164 0.005491
0.047404 0.004391
0.051669 0.003313
0.055957 0.002299
0.060270 0.001396
0.064609 0.000740
0.068973 0.000187
0.073364 -0.000030
0.073639 0.000000
0.077781 0.000207
0.082226 0.000789
0.086698 0.002052
0.091198 0.004037
0.095727 0.006635
0.100286 0.010512
0.104874 0.015528
0.109493 0.021961
0.114143 0.029862
0.118825 0.039832
0.123539 0.052035
0.128286 0.066825
0.133067 0.084603
0.137882 0.105823
0.142733 0.131002
0.147620 0.160724
0.152543 0.195654
0.157505 0.236328
0.162505 0.284022
0.167544 0.339453
0.172625 0.403742
0.177746 0.478125
0.182910 0.563999
0.188118 0.662944
0.193370 0.776752
0.198668 0.907444
0.204013 1.057313
0.209407 1.228948
0.214850 1.425280
0.220345 1.649422
0.225892 1.905519
0.231493 2.197608
0.237150 2.530506
0.242864 2.909653
0.248638 3.341203
0.254473 3.832129
0.260370 4.390326
0.266333 5.024746
0.272364 5.745532
0.278464 6.564191
0.284636 7.493781
0.290883 8.549126
0.297208 9.747067
0.303613 11.106757
0.310102 12.649981
0.316678 14.401548
0.323345 16.389742
0.330106 18.646828
0.336967 21.209669
0.343930 24.120235
0.351001 27.427172
0.358186 31.185694
0.365489 35.459438
0.372917 40.321655
0.380476 45.856815
0.388175 52.162567
0.396020 59.352036
0.404020 67.556648
0.412186 76.929543
0.420527 87.649696
0.429055 99.927116
0.437785 114.009117
0.446730 130.188324
0.455907 148.812637
0.465336 170.298065
0.475038 195.145096
0.485040 223.960251
0.495369 257.484436
0.506061 296.631165
0.517157 342.538757
0.528707 396.643158
0.540770 460.783234
0.553423 537.352783
0.566762 629.534851
0.580911 741.669556
0.596039 879.864807
0.612383 1053.073730
0.630294 1275.147705
0.650334 1569.204590
0.673509 1978.505493
0.702020 2601.594971
0.743431 3792.563477
