-0.274462 2.457602
-0.269409 2.309611
-0.265930 2.209911
-0.263102 2.130422
-0.260657 2.062494
-0.258472 2.002579
-0.256477 1.948574
-0.254631 1.899164
-0.252905 1.853460
-0.251277 1.810831
-0.249733 1.770804
-0.248261 1.733020
-0.246852 1.697194
-0.245498 1.663097
-0.244193 1.630543
-0.242933 1.599379
-0.241713 1.569472
-0.240529 1.540712
-0.239378 1.512884
-0.238258 1.486142
-0.237167 1.460296
-0.236102 1.435283
-0.235061 1.411047
-0.234043 1.387537
-0.233047 1.364709
-0.232071 1.342521
-0.231113 1.320939
-0.230174 1.299928
-0.229252 1.279459
-0.228345 1.259503
-0.227454 1.240037
-0.226578 1.221036
-0.225715 1.202479
-0.224865 1.184347
-0.224028 1.166621
-0.223203 1.149284
-0.222389 1.132321
-0.221587 1.115716
-0.220795 1.099455
-0.220014 1.083526
-0.219242 1.067917
-0.218480 1.052617
-0.217726 1.037614
-0.216982 1.022898
-0.216246 1.008461
-0.215519 0.994292
-0.214799 0.980384
-0.214087 0.966728
-0.213383 0.953317
-0.212685 0.940143
-0.211995 0.927200
-0.211312 0.914481
-0.210635 0.901979
-0.209964 0.889689
-0.209300 0.877605
-0.208642 0.865722
-0.207990 0.854034
-0.207343 0.842733
-0.206702 0.831414
-0.206067 0.820276
-0.205437 0.809314
-0.204812 0.798526
-0.204192 0.787905
-0.203577 0.777449
-0.202967 0.767154
-0.202361 0.757017
-0.201761 0.747032
-0.201164 0.737198
-0.200572 0.727512
-0.199985 0.717970
-0.199402 0.708568
-0.198822 0.699305
-0.198247 0.690177
-0.197676 0.681182
-0.197108 0.672316
-0.196545 0.663679
-0.195985 0.655042
-0.195429 0.646515
-0.194876 0.638163
-0.194327 0.629938
-0.193781 0.621811
-0.193239 0.613791
-0.192700 0.605880
-0.192164 0.598078
-0.191632 0.590383
-0.191102 0.582793
-0.190576 0.575308
-0.190053 0.567926
-0.189532 0.560642
-0.189015 0.553458
-0.188500 0.546372
-0.187989 0.539381
-0.187480 0.532484
-0.186974 0.525679
-0.186470 0.518967
-0.185970 0.512342
-0.185471 0.505806
-0.184976 0.499357
-0.184483 0.492993
-0.183992 0.486713
-0.183504 0.480514
-0.183019 0.474397
-0.182535 0.468360
-0.182054 0.462402
-0.181576 0.456524
-0.181099 0.450725
-0.180625 0.445006
-0.180153 0.439363
-0.179684 0.433792
-0.179216 0.428293
-0.178751 0.422865
-0.178288 0.417506
-0.177826 0.412216
-0.177367 0.406994
-0.176910 0.401840
-0.176455 0.396752
-0.176002 0.391730
-0.175551 0.386773
-0.175101 0.381879
-0.174654 0.377050
-0.174208 0.372281
-0.173765 0.367574
-0.173323 0.362928
-0.172883 0.358341
-0.172444 0.353814
-0.172008 0.349346
-0.171573 0.344935
-0.171140 0.340579
-0.170708 0.336280
-0.170279 0.332038
-0.169851 0.327849
-0.169424 0.323713
-0.168999 0.319632
-0.168576 0.315603
-0.168154 0.311424
-0.167734 0.307493
-0.167316 0.303613
-0.166899 0.299782
-0.166483 0.296001
-0.166069 0.292269
-0.165657 0.288585
-0.165246 0.284948
-0.164836 0.281358
-0.164428 0.277814
-0.164021 0.274316
-0.163616 0.270864
-0.163212 0.267456
-0.162809 0.264092
-0.162408 0.260772
-0.162008 0.257495
-0.161610 0.254260
-0.161213 0.251068
-0.160817 0.247917
-0.160422 0.244807
-0.160029 0.241738
-0.159637 0.238709
-0.159246 0.235719
-0.158857 0.232769
-0.158468 0.229858
-0.158081 0.226985
-0.157695 0.224149
-0.157311 0.221351
-0.156927 0.218590
-0.156545 0.215866
-0.156164 0.213177
-0.155784 0.210525
-0.155405 0.207907
-0.155027 0.205325
-0.154651 0.202777
-0.154275 0.200263
-0.153901 0.197782
-0.153528 0.195335
-0.153155 0.192921
-0.152784 0.190540
-0.152414 0.188190
-0.152045 0.185873
-0.151678 0.183587
-0.151311 0.181332
-0.150945 0.179108
-0.150580 0.176914
-0.150216 0.174750
-0.149853 0.172616
-0.149492 0.170511
-0.149131 0.168435
-0.148771 0.166388
-0.148412 0.164370
-0.148054 0.162379
-0.147697 0.160416
-0.147341 0.158481
-0.146986 0.156573
-0.146632 0.154691
-0.146279 0.152836
-0.145927 0.151007
-0.145576 0.149204
-0.145225 0.147427
-0.144876 0.145675
-0.144527 0.143948
-0.144179 0.142246
-0.143832 0.140569
-0.143486 0.138915
-0.143141 0.137286
-0.142797 0.135680
-0.142454 0.134097
-0.142111 0.132538
-0.141769 0.131001
-0.141428 0.129487
-0.141088 0.127996
-0.140749 0.126526
-0.140411 0.125079
-0.140073 0.123653
-0.139736 0.122248
-0.139400 0.120864
-0.139065 0.119502
-0.138730 0.118159
-0.138397 0.116838
-0.138064 0.115536
-0.137732 0.114254
-0.137401 0.112992
-0.137070 0.111750
-0.136740 0.110527
-0.136411 0.109322
-0.136083 0.108137
-0.135755 0.107130
-0.135428 0.105982
-0.135102 0.104853
-0.134777 0.103741
-0.134452 0.102647
-0.134128 0.101571
-0.133805 0.100512
-0.133482 0.099471
-0.133161 0.098446
-0.132839 0.097437
-0.132519 0.096446
-0.132199 0.095470
-0.131880 0.094511
-0.131562 0.093568
-0.131244 0.092640
-0.130927 0.091728
-0.130611 0.090832
-0.130295 0.089951
-0.129980 0.089084
-0.129665 0.088233
-0.129352 0.087396
-0.129039 0.086574
-0.128726 0.085766
-0.128414 0.084973
-0.128103 0.084193
-0.127793 0.083427
-0.127483 0.082675
-0.127173 0.081937
-0.126865 0.081211
-0.126557 0.080499
-0.126249 0.079799
-0.125942 0.079113
-0.125636 0.078439
-0.125330 0.077778
-0.125025 0.077129
-0.124721 0.076493
-0.124417 0.075868
-0.124114 0.075256
-0.123811 0.074655
-0.123509 0.074066
-0.123207 0.073488
-0.122906 0.072922
-0.122606 0.072367
-0.122306 0.071823
-0.122007 0.071290
-0.121708 0.070767
-0.121410 0.070256
-0.121112 0.069755
-0.120815 0.069264
-0.120519 0.068783
-0.120223 0.068313
-0.119928 0.067852
-0.119633 0.067402
-0.119338 0.066961
-0.119045 0.066529
-0.118751 0.066108
-0.118459 0.065695
-0.118166 0.065292
-0.117875 0.064898
-0.117584 0.064312
-0.117293 0.063935
-0.117003 0.063567
-0.116713 0.063207
-0.116424 0.062856
-0.116135 0.062514
-0.115847 0.062180
-0.115560 0.061854
-0.115273 0.061535
-0.114986 0.061225
-0.114700 0.060923
-0.114414 0.060629
-0.114129 0.060342
-0.113844 0.060062
-0.113560 0.059790
-0.113277 0.059526
-0.112993 0.059268
-0.112711 0.059018
-0.112428 0.058775
-0.112146 0.058539
-0.111865 0.058309
-0.111584 0.058086
-0.111304 0.057870
-0.111024 0.057660
-0.110744 0.057457
-0.110465 0.057260
-0.110187 0.057069
-0.109909 0.056885
-0.109631 0.056706
-0.109354 0.056534
-0.109077 0.056367
-0.108801 0.056206
-0.108525 0.056051
-0.108250 0.055901
-0.107974 0.055757
-0.107700 0.055619
-0.107426 0.055486
-0.107152 0.055358
-0.106879 0.055235
-0.106606 0.055117
-0.106334 0.055005
-0.106062 0.054897
-0.105790 0.054794
-0.105519 0.054696
-0.105248 0.054603
-0.104978 0.054514
-0.104708 0.054430
-0.104438 0.054350
-0.104169 0.054275
-0.103901 0.054204
-0.103632 0.054138
-0.103364 0.054075
-0.103097 0.054017
-0.102830 0.053963
-0.102563 0.053913
-0.102297 0.053866
-0.102031 0.053824
-0.101766 0.053785
-0.101500 0.053750
-0.101236 0.053719
-0.100971 0.053691
-0.100708 0.053667
-0.100444 0.053646
-0.100181 0.053628
-0.099918 0.053614
-0.099656 0.053603
-0.099394 0.053595
-0.099132 0.053591
-0.098871 0.053589
-0.098610 0.053591
-0.098349 0.053595
-0.098089 0.053603
-0.097829 0.053613
-0.097570 0.053626
-0.097311 0.053642
-0.097052 0.053660
-0.096794 0.053681
-0.096536 0.053705
-0.096278 0.053731
-0.096021 0.053759
-0.095764 0.053790
-0.095508 0.053823
-0.095252 0.053859
-0.094996 0.053897
-0.094740 0.053936
-0.094485 0.053979
-0.094230 0.054023
-0.093976 0.054069
-0.093722 0.054117
-0.093468 0.054167
-0.093215 0.054219
-0.092962 0.054273
-0.092709 0.054329
-0.092456 0.054386
-0.092204 0.054445
-0.091953 0.054506
-0.091701 0.054569
-0.091450 0.054633
-0.091200 0.054698
-0.090949 0.054765
-0.090699 0.054834
-0.090449 0.054904
-0.090200 0.054975
-0.089951 0.055047
-0.089702 0.055121
-0.089454 0.055196
-0.089206 0.055272
-0.088958 0.055350
-0.088710 0.055428
-0.088463 0.055508
-0.088216 0.055589
-0.087970 0.055670
-0.087724 0.055753
-0.087478 0.055837
-0.087232 0.055921
-0.086987 0.056006
-0.086742 0.056092
-0.086497 0.056179
-0.086253 0.056267
-0.086009 0.056356
-0.085765 0.056445
-0.085522 0.056534
-0.085279 0.056625
-0.085036 0.056716
-0.084793 0.056807
-0.084551 0.056899
-0.084309 0.056992
-0.084067 0.057085
-0.083826 0.057178
-0.083585 0.057272
-0.083344 0.057366
-0.083104 0.057461
-0.082864 0.057556
-0.082624 0.057651
-0.082384 0.057746
-0.082145 0.057842
-0.081906 0.057938
-0.081667 0.058034
-0.081429 0.058130
-0.081191 0.058226
-0.080953 0.058322
-0.080715 0.058419
-0.080478 0.058515
-0.080241 0.058612
-0.080004 0.058709
-0.079768 0.058805
-0.079531 0.058901
-0.079295 0.058997
-0.079060 0.059093
-0.078824 0.059189
-0.078589 0.059285
-0.078354 0.059381
-0.078120 0.059476
-0.077886 0.059571
-0.077652 0.059666
-0.077418 0.059761
-0.077184 0.059856
-0.076951 0.059950
-0.076718 0.060044
-0.076485 0.060137
-0.076253 0.060230
-0.076021 0.060323
-0.075789 0.060415
-0.075557 0.060507
-0.075326 0.060598
-0.075095 0.060689
-0.074864 0.060779
-0.074633 0.060869
-0.074403 0.060959
-0.074173 0.061047
-0.073943 0.061136
-0.073714 0.061223
-0.073484 0.061310
-0.073255 0.061397
-0.073026 0.061483
-0.072798 0.061568
-0.072570 0.061653
-0.072341 0.061736
-0.072114 0.061820
-0.071886 0.061902
-0.071659 0.061984
-0.071432 0.062065
-0.071205 0.062145
-0.070978 0.062225
-0.070752 0.062303
-0.070526 0.062381
-0.070300 0.062459
-0.070074 0.062535
-0.069849 0.062610
-0.069624 0.062685
-0.069399 0.062759
-0.069174 0.062832
-0.068950 0.062904
-0.068726 0.062975
-0.068502 0.063045
-0.068278 0.063114
-0.068054 0.063183
-0.067831 0.063250
-0.067608 0.063316
-0.067385 0.063382
-0.067163 0.063446
-0.066941 0.063510
-0.066718 0.063573
-0.066497 0.063634
-0.066275 0.063695
-0.066054 0.063754
-0.065832 0.064012
-0.065611 0.064069
-0.065391 0.064125
-0.065170 0.064180
-0.064950 0.064234
-0.064730 0.064286
-0.064510 0.064338
-0.064291 0.064389
-0.064071 0.064438
-0.063852 0.064486
-0.063633 0.064533
-0.063414 0.064579
-0.063196 0.064624
-0.062978 0.064668
-0.062760 0.064710
-0.062542 0.064752
-0.062324 0.064792
-0.062107 0.064831
-0.061889 0.064869
-0.061672 0.064906
-0.061456 0.064941
-0.061239 0.064975
-0.061023 0.065008
-0.060807 0.065040
-0.060591 0.065071
-0.060375 0.065100
-0.060160 0.065128
-0.059944 0.065155
-0.059729 0.065181
-0.059514 0.065205
-0.059300 0.065229
-0.059085 0.065251
-0.058871 0.065271
-0.058657 0.065291
-0.058443 0.065309
-0.058229 0.065326
-0.058016 0.065341
-0.057803 0.065355
-0.057590 0.065368
-0.057377 0.065380
-0.057164 0.065391
-0.056952 0.065400
-0.056740 0.065408
-0.056528 0.065414
-0.056316 0.065419
-0.056104 0.065423
-0.055893 0.065426
-0.055682 0.065427
-0.055471 0.065427
-0.055260 0.065426
-0.055049 0.065423
-0.054839 0.065419
-0.054629 0.065414
-0.054419 0.065407
-0.054209 0.065399
-0.053999 0.065390
-0.053790 0.065379
-0.053580 0.065367
-0.053371 0.065354
-0.053162 0.065339
-0.052954 0.065324
-0.052745 0.065306
-0.052537 0.065288
-0.052329 0.065268
-0.052121 0.065246
-0.051913 0.065224
-0.051706 0.065200
-0.051498 0.065174
-0.051291 0.065147
-0.051084 0.065119
-0.050877 0.065090
-0.050671 0.065059
-0.050464 0.065027
-0.050258 0.064994
-0.050052 0.064959
-0.049846 0.064923
-0.049640 0.064886
-0.049435 0.064847
-0.049229 0.064807
-0.049024 0.064765
-0.048819 0.064722
-0.048614 0.064678
-0.048410 0.064633
-0.048205 0.064586
-0.048001 0.064538
-0.047797 0.064488
-0.047593 0.064438
-0.047389 0.064385
-0.047186 0.064332
-0.046982 0.064277
-0.046779 0.064221
-0.046576 0.064163
-0.046373 0.064105
-0.046171 0.064045
-0.045968 0.063983
-0.045766 0.063920
-0.045564 0.063856
-0.045362 0.063791
-0.045160 0.063724
-0.044958 0.063656
-0.044757 0.063587
-0.044556 0.063517
-0.044355 0.063445
-0.044154 0.063371
-0.043953 0.063297
-0.043752 0.063221
-0.043552 0.063144
-0.043352 0.063066
-0.043151 0.062986
-0.042952 0.062905
-0.042752 0.062823
-0.042552 0.062739
-0.042353 0.062655
-0.042153 0.062569
-0.041954 0.062481
-0.041755 0.062393
-0.041557 0.062303
-0.041358 0.062212
-0.041160 0.062120
-0.040961 0.062026
-0.040763 0.061931
-0.040565 0.061835
-0.040368 0.061738
-0.040170 0.061640
-0.039972 0.061540
-0.039775 0.061439
-0.039578 0.061337
-0.039381 0.061233
-0.039184 0.061129
-0.038988 0.061023
-0.038791 0.060916
-0.038595 0.060808
-0.038399 0.060698
-0.038203 0.060588
-0.038007 0.060476
-0.037811 0.060363
-0.037615 0.060249
-0.037420 0.060133
-0.037225 0.060017
-0.037030 0.059899
-0.036835 0.059781
-0.036640 0.059661
-0.036445 0.059540
-0.036251 0.059417
-0.036057 0.059294
-0.035863 0.059169
-0.035669 0.059044
-0.035475 0.058917
-0.035281 0.058789
-0.035087 0.058660
-0.034894 0.058530
-0.034701 0.058399
-0.034508 0.058142
-0.034315 0.058009
-0.034122 0.057875
-0.033929 0.057740
-0.033737 0.057604
-0.033545 0.057467
-0.033352 0.057329
-0.033160 0.057190
-0.032969 0.057049
-0.032777 0.056908
-0.032585 0.056765
-0.032394 0.056622
-0.032202 0.056478
-0.032011 0.056332
-0.031820 0.056186
-0.031629 0.056038
-0.031439 0.055890
-0.031248 0.055740
-0.031058 0.055590
-0.030867 0.055438
-0.030677 0.055286
-0.030487 0.055133
-0.030298 0.054978
-0.030108 0.054823
-0.029918 0.054667
-0.029729 0.054509
-0.029540 0.054351
-0.029350 0.054192
-0.029161 0.054032
-0.028973 0.053871
-0.028784 0.053709
-0.028595 0.053546
-0.028407 0.053383
-0.028219 0.053218
-0.028030 0.053053
-0.027842 0.052886
-0.027655 0.052719
-0.027467 0.052551
-0.027279 0.052382
-0.027092 0.052212
-0.026905 0.052042
-0.026717 0.051870
-0.026530 0.051698
-0.026343 0.051525
-0.026157 0.051351
-0.025970 0.051176
-0.025784 0.051001
-0.025597 0.050824
-0.025411 0.050647
-0.025225 0.050469
-0.025039 0.050291
-0.024853 0.050111
-0.024667 0.049931
-0.024482 0.049750
-0.024297 0.049568
-0.024111 0.049386
-0.023926 0.049203
-0.023741 0.049019
-0.023556 0.048834
-0.023372 0.048649
-0.023187 0.048463
-0.023002 0.048276
-0.022818 0.048089
-0.022634 0.047900
-0.022450 0.047712
-0.022266 0.047522
-0.022082 0.047332
-0.021898 0.047141
-0.021715 0.046950
-0.021531 0.046758
-0.021348 0.046565
-0.021165 0.046372
-0.020982 0.046178
-0.020799 0.045984
-0.020616 0.045789
-0.020433 0.045593
-0.020251 0.045397
-0.020068 0.045200
-0.019886 0.045003
-0.019704 0.044805
-0.019522 0.044607
-0.019340 0.044408
-0.019158 0.044208
-0.018977 0.044008
-0.018795 0.043807
-0.018614 0.043606
-0.018433 0.043405
-0.018251 0.043203
-0.018070 0.043000
-0.017889 0.042797
-0.017709 0.042594
-0.017528 0.042390
-0.017348 0.042186
-0.017167 0.041981
-0.016987 0.041775
-0.016807 0.041570
-0.016627 0.041364
-0.016447 0.041157
-0.016267 0.040950
-0.016087 0.040743
-0.015908 0.040535
-0.015728 0.040327
-0.015549 0.040119
-0.015370 0.039910
-0.015191 0.039701
-0.015012 0.039492
-0.014833 0.039282
-0.014654 0.039072
-0.014476 0.038861
-0.014297 0.038651
-0.014119 0.038439
-0.013941 0.038228
-0.013763 0.038017
-0.013585 0.037805
-0.013407 0.037593
-0.013229 0.037380
-0.013051 0.037167
-0.012874 0.036955
-0.012696 0.036741
-0.012519 0.036528
-0.012342 0.036315
-0.012165 0.036101
-0.011988 0.035887
-0.011811 0.035673
-0.011634 0.035458
-0.011458 0.035244
-0.011281 0.035029
-0.011105 0.034814
-0.010929 0.034599
-0.010753 0.034384
-0.010577 0.034169
-0.010401 0.033953
-0.010225 0.033738
-0.010049 0.033522
-0.009874 0.033307
-0.009698 0.033091
-0.009523 0.032875
-0.009348 0.032659
-0.009173 0.032443
-0.008998 0.032227
-0.008823 0.032011
-0.008648 0.031795
-0.008473 0.031579
-0.008299 0.031363
-0.008125 0.031147
-0.007950 0.030931
-0.007776 0.030715
-0.007602 0.030499
-0.007428 0.030283
-0.007254 0.030067
-0.007080 0.029851
-0.006907 0.029635
-0.006733 0.029419
-0.006560 0.029203
-0.006386 0.028988
-0.006213 0.028772
-0.006040 0.028557
-0.005867 0.028341
-0.005694 0.028325
-0.005521 0.028108
-0.005349 0.027892
-0.005176 0.027675
-0.005004 0.027459
-0.004831 0.027243
-0.004659 0.027027
-0.004487 0.026811
-0.004315 0.026596
-0.004143 0.026380
-0.003971 0.026165
-0.003799 0.025950
-0.003628 0.025735
-0.003456 0.025521
-0.003285 0.025307
-0.003114 0.025093
-0.002943 0.024879
-0.002771 0.024666
-0.002600 0.024453
-0.002430 0.024240
-0.002259 0.024028
-0.002088 0.023815
-0.001918 0.023604
-0.001747 0.023392
-0.001577 0.023181
-0.001407 0.022812
-0.001236 0.022603
-0.001066 0.022395
-0.000897 0.022187
-0.000727 0.021979
-0.000557 0.021772
-0.000387 0.021565
-0.000218 0.021358
-0.000048 0.021152
0.000121 0.020946
0.000290 0.020741
0.000459 0.020537
0.000628 0.020332
0.000797 0.020128
0.000966 0.019925
0.001135 0.019722
0.001303 0.019520
0.001472 0.019318
0.001640 0.019117
0.001808 0.018916
0.001977 0.018716
0.002145 0.018516
0.002313 0.018317
0.002481 0.018118
0.002649 0.017920
0.002816 0.017723
0.002984 0.017526
0.003151 0.017330
0.003319 0.017134
0.003486 0.016939
0.003653 0.016745
0.003820 0.016551
0.003987 0.016358
0.004154 0.016165
0.004321 0.015974
0.004488 0.015782
0.004655 0.015592
0.004821 0.015402
0.004987 0.015213
0.005154 0.015025
0.005320 0.014837
0.005486 0.014650
0.005652 0.014464
0.005818 0.014279
0.005984 0.014094
0.006150 0.013910
0.006316 0.013727
0.006481 0.013545
0.006647 0.013562
0.006812 0.013379
0.006977 0.013196
0.007142 0.013014
0.007308 0.012833
0.007473 0.012653
0.007637 0.012474
0.007802 0.012296
0.007967 0.012118
0.008132 0.011942
0.008296 0.011766
0.008461 0.011591
0.008625 0.011417
0.008789 0.011244
0.008953 0.010911
0.009117 0.010743
0.009281 0.010575
0.009445 0.010408
0.009609 0.010243
0.009773 0.010078
0.009936 0.009915
0.010100 0.009752
0.010263 0.009590
0.010427 0.009430
0.010590 0.009270
0.010753 0.009111
0.010916 0.008954
0.011079 0.008797
0.011242 0.008642
0.011405 0.008487
0.011567 0.008334
0.011730 0.008182
0.011893 0.008031
0.012055 0.007881
0.012217 0.007732
0.012380 0.007584
0.012542 0.007437
0.012704 0.007292
0.012866 0.007147
0.013028 0.007004
0.013189 0.006862
0.013351 0.006721
0.013513 0.006581
0.013674 0.006443
0.013836 0.006306
0.013997 0.006169
0.014158 0.006035
0.014320 0.005901
0.014481 0.005769
0.014642 0.005637
0.014803 0.005507
0.014963 0.005379
0.015124 0.005252
0.015285 0.005125
0.015445 0.005001
0.015606 0.004877
0.015766 0.004755
0.015926 0.004634
0.016087 0.004515
0.016247 0.004397
0.016407 0.004280
0.016567 0.004164
0.016727 0.004050
0.016887 0.003938
0.017046 0.003826
0.017206 0.003716
0.017365 0.003608
0.017525 0.003696
0.017684 0.003584
0.017843 0.003474
0.018003 0.003365
0.018162 0.003258
0.018321 0.003153
0.018480 0.003049
0.018639 0.002946
0.018797 0.002846
0.018956 0.002746
0.019115 0.002649
0.019273 0.002553
0.019432 0.002458
0.019590 0.002366
0.019748 0.002274
0.019906 0.002254
0.020065 0.002164
0.020223 0.002075
0.020381 0.001988
0.020538 0.001902
0.020696 0.001819
0.020854 0.001737
0.021011 0.001656
0.021169 0.001578
0.021326 0.001501
0.021484 0.001426
0.021641 0.001353
0.021798 0.001376
0.021955 0.001301
0.022112 0.001229
0.022269 0.001158
0.022426 0.001089
0.022583 0.001023
0.022740 0.000958
0.022896 0.000895
0.023053 0.000835
0.023209 0.000776
0.023366 0.000720
0.023522 0.000665
0.023678 0.000613
0.023835 0.000562
0.023991 0.000514
0.024147 0.000468
0.024303 0.000424
0.024458 0.000437
0.024614 0.000391
0.024770 0.000348
0.024925 0.000308
0.025081 0.000269
0.025236 0.000234
0.025392 0.000201
0.025547 0.000170
0.025702 0.000142
0.025857 0.000116
0.026012 0.000093
0.026167 0.000121
0.026322 0.000091
0.026477 0.000065
0.026632 0.000043
0.026786 0.000026
0.026941 0.000013
0.027096 0.000005
0.027250 0.000000
0.027327 0.000000
0.027404 0.000001
0.027559 0.000005
0.027713 0.000014
0.027868 0.000028
0.028022 0.000046
0.028177 0.000068
0.028332 0.000095
0.028487 0.000127
0.028642 0.000098
0.028797 0.000123
0.028952 0.000151
0.029107 0.000181
0.029263 0.000214
0.029418 0.000250
0.029573 0.000289
0.029729 0.000331
0.029884 0.000375
0.030040 0.000423
0.030196 0.000416
0.030352 0.000463
0.030508 0.000513
0.030664 0.000565
0.030820 0.000620
0.030976 0.000678
0.031132 0.000738
0.031288 0.000802
0.031445 0.000868
0.031601 0.000936
0.031758 0.001008
0.031914 0.001082
0.032071 0.001160
0.032228 0.001240
0.032385 0.001323
0.032542 0.001409
0.032699 0.001401
0.032856 0.001487
0.033013 0.001576
0.033170 0.001667
0.033328 0.001761
0.033485 0.001858
0.033643 0.001958
0.033800 0.002061
0.033958 0.002166
0.034116 0.002275
0.034274 0.002307
0.034432 0.002418
0.034590 0.002531
0.034748 0.002647
0.034906 0.002766
0.035064 0.002888
0.035223 0.003013
0.035381 0.003141
0.035540 0.003271
0.035698 0.003405
0.035857 0.003542
0.036016 0.003682
0.036174 0.003824
0.036333 0.003769
0.036492 0.003910
0.036652 0.004054
0.036811 0.004202
0.036970 0.004352
0.037129 0.004505
0.037289 0.004661
0.037448 0.004821
0.037608 0.004983
0.037768 0.005148
0.037927 0.005317
0.038087 0.005488
0.038247 0.005663
0.038407 0.005841
0.038567 0.006022
0.038728 0.006206
0.038888 0.006393
0.039048 0.006584
0.039209 0.006778
0.039369 0.006975
0.039530 0.007175
0.039691 0.007379
0.039852 0.007586
0.040013 0.007796
0.040174 0.008010
0.040335 0.008227
0.040496 0.008447
0.040657 0.008671
0.040819 0.008898
0.040980 0.009129
0.041141 0.009363
0.041303 0.009600
0.041465 0.009842
0.041627 0.010086
0.041789 0.010334
0.041950 0.010586
0.042113 0.010993
0.042275 0.011256
0.042437 0.011522
0.042599 0.011792
0.042762 0.012066
0.042924 0.012343
0.043087 0.012625
0.043250 0.012910
0.043412 0.013199
0.043575 0.013491
0.043738 0.013788
0.043901 0.014088
0.044064 0.014393
0.044228 0.014498
0.044391 0.014806
0.044554 0.015118
0.044718 0.015434
0.044881 0.015754
0.045045 0.016077
0.045209 0.016405
0.045373 0.016737
0.045537 0.017072
0.045701 0.017412
0.045865 0.017756
0.046029 0.018104
0.046194 0.018456
0.046358 0.018812
0.046523 0.019173
0.046687 0.019537
0.046852 0.019906
0.047017 0.020279
0.047182 0.020657
0.047347 0.021038
0.047512 0.021424
0.047677 0.021814
0.047842 0.022209
0.048008 0.022608
0.048173 0.023011
0.048339 0.023419
0.048504 0.023832
0.048670 0.024248
0.048836 0.024815
0.049002 0.025243
0.049168 0.025676
0.049334 0.026114
0.049500 0.026556
0.049667 0.027002
0.049833 0.027454
0.050000 0.027910
0.050166 0.028370
0.050333 0.028836
0.050500 0.029306
0.050667 0.029781
0.050834 0.030261
0.051001 0.030746
0.051168 0.031235
0.051335 0.031729
0.051503 0.032229
0.051670 0.032733
0.051838 0.033242
0.052006 0.033756
0.052174 0.034075
0.052341 0.034596
0.052509 0.035123
0.052678 0.035654
0.052846 0.036190
0.053014 0.036732
0.053182 0.037278
0.053351 0.037830
0.053520 0.038387
0.053688 0.038949
0.053857 0.039516
0.054026 0.040089
0.054195 0.040667
0.054364 0.041250
0.054533 0.041839
0.054703 0.042432
0.054872 0.043032
0.055042 0.043636
0.055211 0.044247
0.055381 0.044862
0.055551 0.045483
0.055721 0.046110
0.055891 0.046742
0.056061 0.047380
0.056231 0.048023
0.056401 0.048672
0.056572 0.049327
0.056742 0.049987
0.056913 0.050653
0.057084 0.051325
0.057255 0.052002
0.057426 0.052686
0.057597 0.053375
0.057768 0.054070
0.057939 0.054770
0.058111 0.055477
0.058282 0.056190
0.058454 0.056908
0.058625 0.057633
0.058797 0.058364
0.058969 0.059100
0.059141 0.059843
0.059313 0.060592
0.059486 0.061347
0.059658 0.062108
0.059830 0.062875
0.060003 0.063648
0.060176 0.064428
0.060348 0.065214
0.060521 0.066006
0.060694 0.066805
0.060867 0.067610
0.061041 0.068421
0.061214 0.069238
0.061387 0.070063
0.061561 0.070893
0.061735 0.071730
0.061908 0.072574
0.062082 0.073424
0.062256 0.074281
0.062430 0.075144
0.062604 0.076014
0.062779 0.076891
0.062953 0.077774
0.063128 0.078664
0.063302 0.079561
0.063477 0.080464
0.063652 0.081375
0.063827 0.082292
0.064002 0.083216
0.064177 0.084147
0.064353 0.085085
0.064528 0.086030
0.064704 0.086982
0.064879 0.087941
0.065055 0.088907
0.065231 0.090040
0.065407 0.091022
0.065583 0.092012
0.065759 0.093009
0.065936 0.094013
0.066112 0.095024
0.066289 0.096043
0.066465 0.097069
0.066642 0.098102
0.066819 0.099143
0.066996 0.100191
0.067173 0.101247
0.067351 0.102310
0.067528 0.103380
0.067706 0.104458
0.067883 0.105544
0.068061 0.106638
0.068239 0.107739
0.068417 0.108645
0.068595 0.109759
0.068773 0.110880
0.068951 0.112010
0.069130 0.113147
0.069309 0.114291
0.069487 0.115444
0.069666 0.116605
0.069845 0.117773
0.070024 0.118950
0.070203 0.120134
0.070383 0.121326
0.070562 0.122527
0.070741 0.123735
0.070921 0.124952
0.071101 0.126177
0.071281 0.127410
0.071461 0.128651
0.071641 0.129900
0.071821 0.131158
0.072002 0.132424
0.072182 0.133698
0.072363 0.134981
0.072544 0.136272
0.072725 0.137572
0.072906 0.138880
0.073087 0.140196
0.073268 0.141521
0.073449 0.142855
0.073631 0.144197
0.073813 0.145629
0.073994 0.146990
0.074176 0.148359
0.074358 0.149737
0.074540 0.151123
0.074723 0.152519
0.074905 0.153923
0.075088 0.155337
0.075270 0.156759
0.075453 0.158190
0.075636 0.159630
0.075819 0.161079
0.076002 0.162537
0.076186 0.164004
0.076369 0.165481
0.076553 0.166966
0.076736 0.168461
0.076920 0.169964
0.077104 0.171477
0.077288 0.173000
0.077472 0.174531
0.077657 0.176072
0.077841 0.177622
0.078026 0.179182
0.078210 0.180751
0.078395 0.182329
0.078580 0.183917
0.078765 0.185514
0.078951 0.187121
0.079136 0.188737
0.079322 0.190363
0.079507 0.191998
0.079693 0.193643
0.079879 0.195298
0.080065 0.196963
0.080251 0.198638
0.080438 0.200324
0.080624 0.202020
0.080811 0.203726
0.080998 0.205445
0.081185 0.207174
0.081372 0.208915
0.081559 0.210668
0.081746 0.212432
0.081934 0.214207
0.082121 0.215992
0.082309 0.217788
0.082497 0.219595
0.082685 0.221412
0.082873 0.223239
0.083061 0.225076
0.083250 0.226923
0.083438 0.228575
0.083627 0.230435
0.083816 0.232305
0.084005 0.234186
0.084194 0.236077
0.084383 0.238058
0.084572 0.239975
0.084762 0.241903
0.084952 0.243841
0.085142 0.245792
0.085332 0.247751
0.085522 0.249720
0.085712 0.251702
0.085902 0.253694
0.086093 0.255699
0.086284 0.257715
0.086475 0.259745
0.086666 0.261779
0.086857 0.263827
0.087048 0.265884
0.087239 0.267955
0.087431 0.270037
0.087623 0.272130
0.087815 0.274235
0.088007 0.276350
0.088199 0.278477
0.088391 0.280620
0.088584 0.282773
0.088776 0.284936
0.088969 0.287109
0.089162 0.289293
0.089355 0.291488
0.089548 0.293681
0.089742 0.295869
0.089935 0.298158
0.090129 0.300212
0.090323 0.302465
0.090517 0.304730
0.090711 0.307007
0.090905 0.309297
0.092857 0.332858
0.093053 0.335282
0.093249 0.337719
0.093445 0.340254
0.093642 0.342717
0.093838 0.345192
0.094035 0.347681
0.094232 0.350181
0.094429 0.352698
0.094627 0.355224
0.094824 0.357763
0.095022 0.360315
0.095220 0.362879
0.095418 0.365456
0.095616 0.368047
0.095814 0.370650
0.096012 0.373268
0.096211 0.375899
0.096410 0.378542
0.096609 0.381199
0.096808 0.383876
0.097007 0.386449
0.097206 0.389248
0.097406 0.391964
0.097606 0.394700
0.097806 0.397442
0.098006 0.400196
0.098206 0.402965
0.098406 0.405718
0.098607 0.408540
0.098808 0.411373
0.099009 0.414205
0.099210 0.416847
0.099411 0.419802
0.099613 0.422686
0.099814 0.425584
0.100016 0.428492
0.100218 0.431214
0.100420 0.434129
0.100622 0.437137
0.100825 0.440115
0.101028 0.442960
0.101230 0.445932
0.101434 0.448918
0.101637 0.451919
0.101840 0.454934
0.102044 0.457963
0.102247 0.461007
0.102451 0.464065
0.102655 0.467138
0.102860 0.470225
0.103064 0.473403
0.103269 0.476444
0.103473 0.479575
0.103678 0.482721
0.103884 0.485954
0.104089 0.489130
0.104294 0.492321
0.104500 0.495526
0.104706 0.498747
0.104912 0.501983
0.105118 0.505234
0.105325 0.508499
0.105531 0.511780
0.105738 0.515077
0.105945 0.518388
0.106152 0.521715
0.106360 0.525057
0.106567 0.528414
0.106775 0.531787
0.106983 0.535176
0.107191 0.538580
0.107399 0.542000
0.107608 0.545435
0.107817 0.548886
0.108025 0.552352
0.108235 0.555834
0.108444 0.559332
0.108653 0.562846
0.108863 0.566376
0.109073 0.569922
0.109283 0.573484
0.109493 0.577061
0.109703 0.580655
0.109914 0.584266
0.110125 0.587892
0.110336 0.591534
0.110547 0.595193
0.110759 0.598868
0.110970 0.602560
0.111182 0.606268
0.111394 0.609992
0.111606 0.613733
0.111819 0.617491
0.112031 0.621265
0.112244 0.625056
0.112457 0.628864
0.112670 0.632688
0.112884 0.636529
0.113097 0.640387
0.113311 0.644262
0.113525 0.648153
0.113739 0.652061
0.113954 0.655987
0.114169 0.659930
0.114383 0.663890
0.114598 0.667868
0.114814 0.671862
0.115029 0.675874
0.115245 0.679904
0.115461 0.683950
0.115677 0.688020
0.115893 0.692102
0.116110 0.696201
0.116327 0.700317
0.116544 0.704451
0.116761 0.708602
0.116978 0.712772
0.117196 0.716960
0.117414 0.721164
0.117632 0.725388
0.117850 0.729630
0.118069 0.733890
0.118287 0.738169
0.118506 0.742465
0.118725 0.746779
0.118945 0.751111
0.119164 0.755462
0.119384 0.759831
0.119604 0.764218
0.119824 0.768624
0.120045 0.773049
0.120266 0.777492
0.120487 0.781953
0.120708 0.786433
0.120929 0.790932
0.121151 0.795451
0.121373 0.799987
0.121595 0.804543
0.121817 0.809117
0.122040 0.813710
0.122262 0.818323
0.122485 0.822954
0.122709 0.827605
0.122932 0.832274
0.123156 0.836963
0.123380 0.841672
0.123604 0.846399
0.123828 0.851146
0.124053 0.855913
0.124278 0.860699
0.124503 0.865504
0.124729 0.870329
0.124954 0.875174
0.125180 0.880039
0.125406 0.884923
0.125632 0.889828
0.125859 0.894752
0.126086 0.899696
0.126313 0.904660
0.126540 0.909644
0.126768 0.914649
0.126996 0.919673
0.127224 0.924718
0.127452 0.929783
0.127681 0.934869
0.127909 0.939975
0.128138 0.945101
0.128368 0.950248
0.128597 0.955415
0.128827 0.960604
0.129057 0.965813
0.129288 0.971042
0.129518 0.976293
0.129749 0.981564
0.129980 0.986857
0.130212 0.992170
0.130443 0.997504
0.130675 1.002860
0.130907 1.008237
0.131140 1.013635
0.131372 1.019054
0.131605 1.024495
0.131839 1.029957
0.132072 1.035441
0.132306 1.040946
0.132540 1.046473
0.132774 1.052022
0.133009 1.057592
0.133243 1.063184
0.133479 1.068798
0.133714 1.074434
0.133950 1.080092
0.134186 1.085773
0.134422 1.091475
0.134658 1.097199
0.134895 1.102946
0.135132 1.108715
0.135369 1.114506
0.135607 1.120320
0.135845 1.126155
0.136083 1.132014
0.136321 1.137895
0.136560 1.143800
0.136799 1.149727
0.137038 1.155677
0.137278 1.161650
0.137518 1.167646
0.137758 1.173665
0.137999 1.179707
0.138239 1.185772
0.138480 1.191861
0.138722 1.197973
0.138963 1.204108
0.139205 1.210267
0.139448 1.216450
0.139690 1.222656
0.139933 1.228886
0.140176 1.235139
0.140419 1.241417
0.140663 1.247718
0.140907 1.254043
0.141152 1.260393
0.141396 1.266766
0.141641 1.273164
0.141886 1.279586
0.142132 1.286032
0.142378 1.292503
0.142624 1.298998
0.142871 1.305517
0.143117 1.312061
0.143365 1.318629
0.143612 1.325222
0.143860 1.331840
0.144108 1.338483
0.144356 1.345151
0.144605 1.351844
0.144854 1.358562
0.145104 1.365305
0.145353 1.372074
0.145603 1.378868
0.145854 1.385687
0.146105 1.392532
0.146356 1.399402
0.146607 1.406299
0.146859 1.413221
0.147111 1.420169
0.147363 1.427142
0.147616 1.434142
0.147869 1.441168
0.148122 1.448220
0.148376 1.455299
0.148630 1.462404
0.148885 1.469535
0.149139 1.476693
0.149394 1.483877
0.149650 1.491088
0.149906 1.498326
0.150162 1.505591
0.150418 1.512883
0.150675 1.520201
0.150933 1.527547
0.151190 1.534920
0.151448 1.542321
0.151706 1.549748
0.151965 1.557204
0.152224 1.564687
0.152484 1.572197
0.152743 1.579535
0.153004 1.587100
0.153264 1.594693
0.153525 1.602314
0.153786 1.609962
0.154048 1.617640
0.154310 1.625345
0.154572 1.633079
0.154835 1.640841
0.155098 1.648632
0.155362 1.656451
0.155626 1.664300
0.155890 1.672177
0.156155 1.680083
0.156420 1.688018
0.156685 1.695982
0.156951 1.703976
0.157217 1.711999
0.157484 1.720051
0.157751 1.728133
0.158019 1.736245
0.158286 1.744386
0.158555 1.752558
0.158823 1.760759
0.159093 1.768990
0.159362 1.777252
0.159632 1.785543
0.159902 1.793866
0.160173 1.802218
0.160444 1.810602
0.160716 1.819016
0.160988 1.827461
0.161260 1.835936
0.161533 1.844443
0.161806 1.852981
0.162080 1.861551
0.162354 1.870152
0.162629 1.878784
0.162904 1.887448
0.163179 1.896143
0.163455 1.904871
0.163731 1.913630
0.164008 1.922422
0.164285 1.931246
0.164563 1.940102
0.164841 1.948991
0.165120 1.957912
0.165399 1.966866
0.165678 1.975852
0.165958 1.984872
0.166239 1.993925
0.166519 2.003011
0.166801 2.012130
0.167083 2.021283
0.167365 2.030469
0.167648 2.039690
0.167931 2.048943
0.168214 2.058231
0.168499 2.067554
0.168783 2.076910
0.169068 2.086300
0.169354 2.095726
0.169640 2.105248
0.169927 2.114743
0.170214 2.124273
0.170501 2.133839
0.170790 2.143439
0.171078 2.153075
0.171367 2.162747
0.171657 2.172454
0.171947 2.182197
0.172238 2.191976
0.172529 2.201791
0.172821 2.211643
0.173113 2.221531
0.173406 2.231455
0.173699 2.241417
0.173993 2.251415
0.174287 2.261451
0.174582 2.271524
0.174877 2.281634
0.175173 2.291782
0.175470 2.301968
0.175767 2.312191
0.176064 2.322453
0.176362 2.332753
0.176661 2.343091
0.176960 2.353467
0.177260 2.363882
0.177561 2.374335
0.177862 2.384828
0.178163 2.395359
0.178465 2.405930
0.178768 2.416540
0.179071 2.427190
0.179375 2.437880
0.179679 2.448610
0.179985 2.459381
0.180290 2.470192
0.180596 2.481043
0.180903 2.491936
0.181211 2.502870
0.181519 2.513845
0.181828 2.524863
0.182137 2.535921
0.182447 2.547023
0.182757 2.558166
0.183069 2.569352
0.183380 2.580580
0.183693 2.591852
0.184006 2.603167
0.184320 2.614525
0.184634 2.625927
0.184949 2.637373
0.185265 2.648859
0.185581 2.660392
0.185898 2.671971
0.186216 2.683594
0.186534 2.695262
0.186853 2.706976
0.187173 2.718735
0.187494 2.730540
0.187815 2.742391
0.188137 2.754287
0.188459 2.766231
0.188782 2.778220
0.189106 2.790049
0.189431 2.802124
0.189756 2.814247
0.190083 2.826470
0.190409 2.838688
0.190737 2.850954
0.191065 2.863268
0.191394 2.875630
0.191724 2.888043
0.192055 2.900503
0.192386 2.913013
0.192718 2.925573
0.193051 2.938182
0.193385 2.950841
0.193719 2.963551
0.194054 2.976311
0.194390 2.989122
0.194727 3.001985
0.195065 3.014899
0.195403 3.027865
0.195742 3.040883
0.196083 3.053954
0.196423 3.067078
0.196765 3.080255
0.197108 3.093486
0.197451 3.106771
0.197795 3.120111
0.198141 3.133504
0.198487 3.146951
0.198833 3.160454
0.199181 3.174014
0.199530 3.187628
0.199879 3.201299
0.200230 3.215027
0.200581 3.228811
0.200933 3.242653
0.201286 3.256552
0.201641 3.270510
0.201996 3.284529
0.202352 3.298604
0.202708 3.312741
0.203066 3.326935
0.203425 3.341190
0.203785 3.355506
0.204146 3.369883
0.204508 3.384322
0.204870 3.398823
0.205234 3.413385
0.205599 3.428010
0.205965 3.442698
0.206332 3.457449
0.206700 3.472265
0.207069 3.487145
0.207439 3.502090
0.207810 3.517100
0.208182 3.532176
0.208555 3.547318
0.208929 3.562528
0.209305 3.577805
0.209681 3.592947
0.210059 3.608397
0.210438 3.623877
0.210818 3.639426
0.211199 3.655046
0.211581 3.670737
0.211965 3.686498
0.212350 3.702332
0.212735 3.718238
0.213122 3.734217
0.213511 3.750270
0.213900 3.766398
0.214291 3.782601
0.214683 3.798879
0.215076 3.815234
0.215471 3.831667
0.215867 3.848177
0.216264 3.864765
0.216663 3.881432
0.217063 3.898179
0.217464 3.915007
0.217866 3.931917
0.218270 3.948905
0.218676 3.965982
0.219082 3.983138
0.219490 4.000378
0.219900 4.017702
0.220311 4.035115
0.220724 4.052613
0.221138 4.070200
0.221553 4.087875
0.221970 4.105640
0.222389 4.123497
0.222809 4.141445
0.223230 4.159485
0.223654 4.177620
0.224078 4.195849
0.224505 4.213964
0.224933 4.232429
0.225363 4.250933
0.225794 4.269535
0.226227 4.288236
0.226662 4.307036
0.227099 4.325937
0.227537 4.344940
0.227977 4.364045
0.228419 4.383254
0.228863 4.402567
0.229308 4.421989
0.229756 4.441515
0.230205 4.461156
0.230656 4.480904
0.231109 4.500763
0.231564 4.520736
0.232022 4.540823
0.232481 4.561016
0.232942 4.581335
0.233405 4.601776
0.233871 4.622344
0.234338 4.643016
0.234808 4.663823
0.235280 4.684760
0.235754 4.705826
0.236230 4.726882
0.236709 4.748191
0.237189 4.769631
0.237673 4.791202
0.238158 4.812909
0.238646 4.834752
0.239137 4.856733
0.239630 4.878854
0.240126 4.901020
0.240624 4.923426
0.241125 4.946118
0.241628 4.968863
0.242134 4.991675
0.242643 5.014696
0.243155 5.037877
0.243669 5.061213
0.244187 5.084497
0.244707 5.108332
0.245230 5.132147
0.245756 5.156125
0.246286 5.180078
0.246818 5.204401
0.247354 5.228902
0.247893 5.253584
0.248435 5.278449
0.248981 5.303500
0.249530 5.328741
0.250083 5.354176
0.250639 5.379808
0.251199 5.405641
0.251763 5.431678
0.252330 5.457923
0.252901 5.484382
0.253476 5.511056
0.254056 5.537952
0.254639 5.565074
0.255227 5.592426
0.255819 5.620094
0.256415 5.647924
0.257016 5.676002
0.257621 5.704325
0.258231 5.732907
0.258846 5.761752
0.259466 5.790864
0.260091 5.820251
0.260721 5.849920
0.261357 5.879877
0.261997 5.910128
0.262644 5.940697
0.263296 5.971562
0.263954 6.002737
0.264618 6.034247
0.265289 6.066100
0.265966 6.098299
0.266649 6.130846
0.267339 6.163727
0.268037 6.197047
0.268741 6.230720
0.269453 6.264795
0.270173 6.299282
0.270900 6.334195
0.271636 6.369548
0.272381 6.405354
0.273134 6.441630
0.273896 6.478395
0.274668 6.515461
0.275449 6.553247
0.276241 6.591578
0.277044 6.630473
0.277857 6.669955
0.278682 6.710050
0.279519 6.750782
0.280369 6.792182
0.281232 6.834280
0.282108 6.877107
0.283000 6.920700
0.283906 6.965097
0.284828 7.010341
0.285768 7.056478
0.286725 7.103557
0.287701 7.151634
0.288698 7.200770
0.289715 7.251033
0.290756 7.302497
0.291821 7.355247
0.292913 7.409377
0.294032 7.464994
0.295183 7.522218
0.296367 7.581188
0.297587 7.642065
0.298848 7.705035
0.300152 7.770316
0.301506 7.838170
0.302916 7.908909
0.304388 7.982918
0.305932 8.060675
0.307559 8.142784
0.309286 8.230039
0.311132 8.323506
0.313126 8.424748
0.315311 8.535866
0.317757 8.660520
0.320585 8.804797
0.324064 8.982980
0.329117 9.242707
