-0.442767 1.011469
-0.417261 0.854603
-0.399700 0.756071
-0.385427 0.682013
-0.373084 0.622509
-0.362052 0.572879
-0.351986 0.530767
-0.342668 0.494419
-0.333953 0.462793
-0.325738 0.434935
-0.317945 0.410305
-0.310515 0.388425
-0.303401 0.368913
-0.296567 0.351458
-0.289982 0.335797
-0.283620 0.321709
-0.277460 0.309004
-0.271484 0.297516
-0.265676 0.287102
-0.260024 0.277634
-0.254514 0.269002
-0.249138 0.261105
-0.243885 0.253854
-0.238748 0.247172
-0.233718 0.240986
-0.228791 0.235236
-0.223959 0.229863
-0.219218 0.224818
-0.214562 0.220055
-0.209986 0.215535
-0.205488 0.211221
-0.201063 0.207082
-0.196708 0.203089
-0.192419 0.199218
-0.188194 0.195445
-0.184029 0.191752
-0.179923 0.188121
-0.175873 0.184538
-0.171876 0.180988
-0.167931 0.177462
-0.164036 0.173949
-0.160188 0.170441
-0.156387 0.166932
-0.152629 0.163415
-0.148915 0.159885
-0.145243 0.156339
-0.141610 0.152775
-0.138016 0.149190
-0.134460 0.145582
-0.130941 0.141952
-0.127457 0.138298
-0.124007 0.134621
-0.120590 0.130864
-0.117206 0.127148
-0.113853 0.123412
-0.110531 0.119659
-0.107239 0.115892
-0.103976 0.112307
-0.100741 0.108511
-0.097534 0.104709
-0.094353 0.100905
-0.091199 0.097103
-0.088070 0.093305
-0.084966 0.089516
-0.081886 0.085741
-0.078830 0.081983
-0.075798 0.078246
-0.072788 0.074536
-0.069800 0.070856
-0.066834 0.067212
-0.063890 0.063609
-0.060966 0.060050
-0.058062 0.056542
-0.055179 0.053089
-0.052315 0.049696
-0.049470 0.046368
-0.046644 0.043111
-0.043836 0.039930
-0.041047 0.036830
-0.038275 0.033816
-0.035521 0.030895
-0.032783 0.028179
-0.030063 0.025445
-0.027358 0.022820
-0.024670 0.020308
-0.021998 0.017916
-0.019341 0.015649
-0.016700 0.013513
-0.014074 0.011512
-0.011462 0.009652
-0.008865 0.007938
-0.006283 0.006377
-0.003714 0.004972
-0.001159 0.003730
0.001382 0.002687
0.003909 0.001775
0.006424 0.001043
0.008925 0.000554
0.011414 0.000171
0.013890 -0.000006
0.015123 0.000000
0.016357 0.000032
0.018833 0.000291
0.021321 0.000782
0.023823 0.001419
0.026337 0.002356
0.028865 0.003489
0.031406 0.004929
0.033961 0.006645
0.036529 0.008651
0.039112 0.010960
0.041709 0.013586
0.044320 0.016543
0.046947 0.019845
0.049588 0.023508
0.052245 0.027407
0.054917 0.031819
0.057605 0.036636
0.060309 0.041875
0.063030 0.047550
0.065767 0.053680
0.068522 0.060280
0.071294 0.067367
0.074083 0.074958
0.076891 0.082861
0.079717 0.091494
0.082562 0.100681
0.085426 0.110441
0.088309 0.120790
0.091213 0.131747
0.094136 0.143458
0.097081 0.155696
0.100047 0.168555
0.103035 0.182135
0.106044 0.196368
0.109077 0.211387
0.112133 0.227099
0.115212 0.243561
0.118316 0.260794
0.121445 0.278821
0.124600 0.297649
0.127780 0.317297
0.130988 0.337781
0.134223 0.358912
0.137486 0.381100
0.140778 0.404175
0.144100 0.428153
0.147453 0.453054
0.150837 0.478894
0.154253 0.505691
0.157703 0.533539
0.161187 0.562313
0.164707 0.592100
0.168263 0.622920
0.171857 0.654791
0.175489 0.687735
0.179162 0.721771
0.182876 0.756921
0.186633 0.793209
0.190435 0.830659
0.194282 0.869298
0.198178 0.908939
0.202123 0.950007
0.206120 0.992342
0.210170 1.036157
0.214276 1.081103
0.222666 1.175113
0.226955 1.224298
0.231310 1.274953
0.235735 1.327162
0.240233 1.380948
0.244808 1.436186
0.249464 1.493387
0.254206 1.552351
0.259038 1.613050
0.263965 1.675670
0.268994 1.740293
0.274132 1.807023
0.279385 1.875969
0.284761 1.947249
0.290271 2.020796
0.295923 2.097169
0.301730 2.176350
0.307706 2.258544
0.313866 2.343987
0.320228 2.432957
0.326814 2.525779
0.333648 2.622843
0.340761 2.724722
0.348192 2.831777
0.355985 2.944831
0.364200 3.064792
0.372915 3.192849
0.382232 3.330602
0.392299 3.480298
0.403331 3.645269
0.415673 3.830840
0.429947 4.046386
0.447508 4.313068
0.473013 4.702287
