-0.049486 7.462973
-0.038925 6.765069
-0.031654 6.278481
-0.025744 5.880331
-0.020633 5.534693
-0.016066 5.225430
-0.011897 4.943505
-0.008039 4.683325
-0.004431 4.441161
-0.001029 4.214386
0.002198 4.001012
0.005274 3.799699
0.008220 3.609251
0.011049 3.428764
0.013776 3.257497
0.016410 3.094836
0.018961 2.940256
0.021435 2.793298
0.023840 2.653750
0.026181 2.520844
0.028462 2.394448
0.030688 2.274246
0.032863 2.159939
0.034990 2.051243
0.037073 1.947887
0.039113 1.849612
0.041114 1.756167
0.043077 1.667315
0.045005 1.582826
0.046899 1.502483
0.048762 1.426077
0.050594 1.353411
0.052397 1.284295
0.054173 1.218550
0.055923 1.155927
0.057647 1.096424
0.059347 1.039802
0.061024 0.985915
0.062679 0.934623
0.064313 0.885994
0.065926 0.839497
0.067519 0.795223
0.069093 0.753060
0.070648 0.712901
0.072186 0.674646
0.073707 0.638203
0.075211 0.603318
0.076699 0.570240
0.078172 0.538723
0.079629 0.508692
0.081072 0.480076
0.082500 0.452808
0.083915 0.426826
0.085316 0.402071
0.086704 0.378486
0.088080 0.356018
0.089443 0.334618
0.090794 0.314237
0.092133 0.294832
0.093462 0.276359
0.094779 0.258778
0.096085 0.242051
0.097380 0.226143
0.098665 0.211209
0.099941 0.196826
0.101206 0.183164
0.102462 0.170193
0.103708 0.157885
0.104945 0.146214
0.106173 0.135016
0.107392 0.124552
0.108603 0.114653
0.109805 0.105296
0.110999 0.096461
0.112185 0.088129
0.113363 0.080280
0.114533 0.072896
0.115695 0.065960
0.116851 0.059633
0.117998 0.053524
0.119139 0.047818
0.120272 0.042501
0.121399 0.037559
0.122518 0.032978
0.123631 0.028747
0.124738 0.024852
0.125838 0.021229
0.126932 0.018170
0.128019 0.015198
0.129100 0.012520
0.130176 0.010128
0.131245 0.008011
0.132309 0.006162
0.133366 0.004570
0.134419 0.003228
0.135465 0.002128
0.136506 0.001336
0.137542 0.000663
0.138573 0.000256
0.139598 0.000026
0.140108 0.000000
0.140619 0.000021
0.141644 0.000242
0.142675 0.000645
0.143711 0.001291
0.144752 0.002030
0.145798 0.003046
0.146851 0.004264
0.147908 0.005686
0.148972 0.007311
0.150041 0.009140
0.151117 0.011173
0.152198 0.013245
0.153285 0.015653
0.154379 0.018262
0.155479 0.021073
0.156585 0.024085
0.157699 0.027301
0.158818 0.030719
0.159945 0.034341
0.161078 0.038167
0.162219 0.042199
0.163366 0.046436
0.164522 0.050880
0.165684 0.055531
0.166854 0.060391
0.168032 0.065460
0.169218 0.070741
0.170412 0.076234
0.171614 0.081940
0.172825 0.087861
0.174044 0.093999
0.175272 0.100355
0.176509 0.106931
0.177755 0.113523
0.179011 0.120528
0.180276 0.127757
0.181552 0.135214
0.182837 0.142978
0.184132 0.150901
0.185438 0.159059
0.186755 0.167454
0.188083 0.176089
0.189423 0.184968
0.190774 0.194093
0.192137 0.203469
0.193513 0.213098
0.194901 0.222985
0.196302 0.233135
0.197717 0.243550
0.199145 0.254236
0.200588 0.265198
0.202045 0.276441
0.203518 0.287757
0.205006 0.299564
0.206510 0.311668
0.208031 0.324076
0.209568 0.336795
0.211124 0.349833
0.212698 0.363239
0.214291 0.376943
0.215904 0.390990
0.217538 0.405392
0.219193 0.420158
0.220870 0.435299
0.222570 0.450829
0.224294 0.466758
0.226044 0.483102
0.227820 0.499875
0.229623 0.517093
0.231455 0.534773
0.233318 0.552934
0.235212 0.571455
0.237140 0.590626
0.239103 0.610344
0.241104 0.630636
0.243144 0.651532
0.245227 0.673063
0.247354 0.695266
0.249529 0.718178
0.251755 0.741758
0.254036 0.766338
0.256377 0.791699
0.258782 0.817983
0.261256 0.845273
0.263807 0.873655
0.266441 0.903231
0.269168 0.933912
0.271997 0.966232
0.274943 1.000174
0.278019 1.035944
0.281246 1.073800
0.284648 1.114216
0.288256 1.157349
0.292114 1.203901
0.296283 1.254473
0.300850 1.310659
0.305961 1.374188
0.311871 1.448500
0.319142 1.541098
0.329703 1.677891
