0.772454 1.504960
0.000119 0.000242
-0.162450 -0.379848
-0.102272 -0.232204
-0.131356 -0.331766
-0.141476 -0.351935
0.315126 0.467553
0.246574 0.336215
-0.318631 -0.719177
0.023900 0.038693
-0.351255 -2.099965
0.082311 2.365762
-0.015958 -0.059010
0.089154 2.346536
-0.449187 -16.574476
-0.222246 12.756652
0.190191 -6.328148
-0.089542 11.394686
0.186298 -7.739892
-0.117417 1.862887
-0.214507 1.862887
0.020848 -26.208938
0.020848 -26.208938
-0.226874 -26.208938
-0.226874 22.436446
-0.226874 15.353070
0.227731 -9.210015
0.192294 12.064949
-0.108328 24.383507
0.158853 7.242548
0.497948 1.102181
0.198521 -1.265269
0.564364 0.685622
-0.251951 1.267293
0.233026 -0.476303
0.502594 25.029565
-0.112130 0.120561
0.365103 -1.028967
0.188380 5.482953
-0.426322 -0.094829
0.521530 -0.587482
-0.099228 -0.588673
-0.128644 -1.698361
-0.135240 -1.037994
-0.311757 3.605417
-0.221139 30.013684
-0.214843 -3.558143
0.081540 -0.156003
0.907424 -0.156003
0.129639 0.230041
-0.017788 0.133698
-0.037489 -0.402855
-0.037489 0.277424
0.064038 6.736729
0.036468 1.308982
-0.097116 -0.308286
0.077112 -0.308286
0.040814 -0.308286
0.523510 0.143518
-0.128880 0.353267
-0.205735 0.428251
-0.205735 -0.321408
-0.205735 -0.321408
0.037152 -1.201605
0.095623 -0.901345
0.102645 -0.901345
0.475769 -1.273017
-0.077558 0.450456
-0.077558 1.170014
-0.232662 -0.315860
-0.192005 0.038294
-0.192005 -2.528138
-0.100946 0.428780
0.125908 0.428780
0.447972 -0.190299
-0.076880 35.099674
0.030576 -7.404116
-0.401444 -0.050105
0.130653 0.801424
0.130653 -2.242751
-0.048339 -2.242751
0.131379 -2.242751
-0.376741 -2.242751
-0.014123 -1.343095
0.280088 0.180482
-0.117005 1.172840
-0.117005 -6.218614
-0.117005 7.878635
-0.117005 0.035089
-0.265073 6.104158
0.058058 -0.937556
0.043656 -0.937556
-0.296797 5.770201
0.554919 26.481203
-0.394496 26.481203
-0.122341 -0.280850
0.006702 -14.079257
0.176641 -14.079257
0.016499 -14.079257
0.173531 1.053451
-0.231561 1.053451
-0.231561 0.307395
-0.136799 -0.290748
0.111351 0.427789
1.130468 0.023262
1.130468 0.023262
0.492272 -0.677926
-0.069980 -0.012713
-0.104426 0.980449
-0.104426 0.192272
-0.104426 -1.481414
0.396375 1.005365
0.396375 0.645618
0.084314 0.516110
-0.036869 0.516110
0.120695 0.516110
0.006124 0.516110
0.006124 0.516110
-0.144665 0.516110
-0.013446 0.516110
-0.066016 -0.205316
-0.142134 -8.284743
0.353809 -6.605480
-0.073636 -0.016756
0.054099 1.094427
-0.118677 -10.424559
-0.018438 0.362134
0.364255 -1.906398
0.203050 5.677374
0.065235 5.677374
0.065235 5.677374
0.065235 0.632013
0.065235 -0.060114
0.065235 -10.043454
0.065235 0.624665
0.065235 0.639005
-0.049513 -15.512066
-0.241492 -0.366790
-0.135939 -0.241389
-0.004434 -0.241389
0.407313 -0.241389
-0.123829 -0.241389
0.101005 -0.241389
-0.052940 -0.241389
0.184820 -0.241389
0.184820 -0.241389
0.184820 -0.241389
-0.238531 -0.241389
0.189877 -0.241389
-0.045632 -0.241389
-0.265468 -0.241389
-0.015657 -0.241389
-0.115539 -0.241389
0.200424 -0.241389
0.203571 -0.241389
0.214325 -0.241389
0.214325 -0.241389
0.214325 -0.241389
0.214325 -0.241389
0.214325 -4.109663
0.214325 -4.109663
