-0.041678 -0.468470
0.045838 0.375174
0.143837 1.380296
0.029177 0.162808
-0.248767 -2.313874
-0.107763 -0.775395
-0.121653 -0.474039
0.228693 2.365814
0.070142 0.381911
0.070142 0.381911
-0.099006 -0.604268
0.125202 1.355506
0.235948 1.920865
0.235948 1.920865
-0.129902 -0.465903
-0.116238 -0.705349
-0.048226 -0.563080
-0.183555 -2.259846
-0.137032 -1.172379
-0.158489 -1.652011
-0.036967 -0.637789
-0.021139 -0.204801
-0.063356 -0.743788
-0.043850 -0.500775
-0.078737 -2.552969
0.007113 0.154677
-0.090837 -1.785598
-0.049306 -2.950377
-0.072653 -0.429895
-0.374884 -1.234637
-0.374884 -1.234637
0.153651 0.913405
-0.010008 -0.018993
0.128824 0.541057
-0.129464 -0.809903
-0.129464 -0.809903
0.181194 0.734340
-0.149810 -0.536284
0.012642 0.040566
-0.068109 -0.194920
0.286730 2.126930
0.286730 2.126930
0.286730 2.126930
0.286730 2.126930
0.286730 2.126930
-0.105921 -0.467275
0.069973 0.079279
0.069973 0.079279
0.069973 0.079279
0.069973 0.079279
0.069973 0.079279
-0.352441 -2.196436
0.084384 0.426604
-0.214068 -0.794196
-0.214068 -0.794196
-0.214068 -0.794196
-0.285332 -0.683456
0.276784 1.028847
0.160134 0.678762
-0.019329 -0.060019
-0.019329 -0.060019
-0.019329 -0.060019
-0.019329 -0.060019
-0.469647 -1.352105
-0.246427 -0.611142
-0.233157 -0.664912
0.056747 0.159638
-0.161227 -0.628140
0.082026 0.385631
-0.208220 -0.888827
-0.206583 -0.347728
-0.221416 -0.897039
-0.611906 -2.540684
-0.611906 -2.540684
-0.270074 -1.266142
-0.213115 -0.943431
0.211709 1.366684
0.211709 1.366684
0.211709 1.366684
0.211709 1.366684
0.148777 0.597280
-0.177434 -0.932287
0.180381 3.847955
0.180381 3.847955
0.006850 0.025238
-0.087359 -0.414349
0.150899 0.856385
-0.090496 -0.404643
-0.090496 -0.404643
-0.090496 -0.404643
-0.054843 -0.738787
0.028230 0.171796
-0.044949 -1.145118
-0.072108 -1.145118
-0.072108 -1.012563
-0.106696 -0.466588
-0.076633 -0.466588
-0.076633 -0.369928
-0.048479 -0.369928
-0.048479 -0.369928
-0.048479 -0.369928
-0.048479 -0.369928
-0.048479 1.673103
0.104920 1.673103
0.104920 1.673103
0.104920 1.673103
0.104920 1.673103
0.104920 1.673103
0.104920 1.673103
0.104920 1.673103
0.104920 1.673103
0.104920 1.673103
0.104920 -1.703168
-0.209354 -1.703168
-0.209354 -1.703168
-0.209354 -0.310735
-0.072664 -0.310735
-0.072664 -0.370803
-0.076493 -0.370803
-0.076493 -0.370803
-0.076493 -0.370803
-0.076493 -0.197706
-0.073236 -10.263977
-0.255360 -10.263977
-0.255360 -10.263977
-0.255360 4.552995
0.065347 4.552995
0.065347 4.552995
0.065347 4.552995
0.065347 4.552995
0.065347 4.552995
0.065347 4.552995
0.065347 4.552995
0.065347 4.552995
0.065347 4.552995
0.065347 4.552995
0.065347 4.552995
0.065347 4.552995
0.065347 4.552995
0.065347 4.552995
0.065347 4.552995
0.065347 4.552995
0.065347 4.552995
0.065347 4.552995
0.065347 4.552995
0.065347 4.552995
0.065347 4.552995
0.065347 4.552995
0.065347 4.552995
0.065347 4.552995
0.065347 4.552995
0.065347 4.552995
0.065347 4.552995
0.065347 4.552995
0.065347 4.552995
0.065347 4.552995
0.065347 4.552995
0.065347 4.552995
0.065347 4.552995
0.065347 4.552995
0.065347 4.552995
0.065347 4.552995
0.065347 4.552995
0.065347 4.552995
0.065347 4.552995
0.065347 4.552995
0.065347 -1.383064
-0.098446 -1.383064
-0.098446 -1.383064
-0.098446 -1.383064
-0.098446 -1.383064
-0.098446 -1.383064
-0.098446 -1.383064
-0.098446 -1.383064
-0.098446 -1.383064
-0.098446 -1.383064
-0.098446 -1.383064
-0.098446 -1.383064
-0.098446 -1.383064
-0.098446 -1.383064
-0.098446 -1.383064
-0.098446 -1.383064
-0.098446 -1.383064
-0.098446 -0.542709
-0.151143 -0.542709
-0.151143 -0.542709
-0.151143 -0.542709
-0.151143 -0.542709
-0.151143 -0.542709
-0.151143 -0.542709
-0.151143 -0.542709
-0.151143 -0.542709
-0.151143 -0.542709
-0.151143 -0.542709
-0.151143 -0.542709
-0.151143 -0.542709
-0.151143 -0.397487
-0.056977 -0.397487
-0.056977 -5.795613
