0.144099 1.213686
-0.103227 -0.794279
0.361648 1.742995
0.039780 0.340560
0.026825 0.200208
-0.025827 -0.198180
-0.198076 -0.969746
0.033266 0.367561
-0.015592 -0.233744
0.020135 0.248304
-0.003912 -0.055565
-0.042252 -0.667454
-0.098534 -2.116692
-0.104798 -2.510680
-0.037477 -0.703345
-0.053251 -0.827889
0.028775 0.267018
-0.015686 -0.192067
-0.007334 -0.081072
0.082743 0.661831
-0.002191 -0.027624
0.117563 1.269841
-0.017916 -0.311319
-0.042644 -0.674587
-0.021033 -0.287612
0.028822 0.307922
-0.026030 -0.364443
-0.032916 -0.601696
0.042095 0.390551
0.084279 0.748252
0.164421 1.578095
0.080552 0.945833
0.003281 0.043815
-0.053099 -0.927786
0.049030 0.629232
-0.085601 -1.829634
-0.043547 -0.807103
-0.073075 -1.614100
-0.003858 -0.047059
-0.042363 -0.608964
0.028252 0.276588
0.021421 0.269835
-0.003946 -0.048349
-0.035536 -0.658608
0.012809 0.193069
0.015997 0.179471
0.032518 0.358787
-0.049449 -0.782976
0.158458 33.859019
-0.073381 -14.932163
0.089012 1.037501
-0.083412 -1.670568
-0.052025 -0.767131
0.023601 0.207855
-0.001871 -0.020538
-0.001871 -0.020538
-0.001871 -0.020538
0.086074 18.539183
-0.033694 -0.486255
0.066889 0.634157
-0.024814 -0.360762
-0.014205 -0.190647
0.043811 0.457452
0.145850 11.270116
-0.096823 -2.154766
-0.087910 -1.944364
0.002485 0.038875
0.146217 1.022909
-0.061674 -1.283335
0.244128 1.963277
0.033096 0.442589
0.063788 2.115179
-0.017013 -0.222800
-0.069052 -0.871961
-0.069052 -0.871961
-0.029151 -0.516155
-0.038833 -0.522307
-0.038833 -0.522307
-0.038833 -0.522307
0.010955 0.313391
0.078764 0.945640
0.078764 0.945640
0.012323 0.138056
-0.041083 -0.426471
-0.030654 -0.583718
0.093183 0.918013
-0.062643 -0.574122
-0.062643 -0.574122
-0.134374 -0.542659
-0.008574 -0.048484
0.009572 0.056993
0.184812 0.497205
0.092143 0.328337
0.009746 0.023667
0.009746 0.023667
-0.184063 -0.553945
-0.137338 0.742274
0.164344 -0.407644
-0.141162 -0.407644
-0.141162 0.836766
0.132043 -0.848753
-0.064022 0.879240
0.093549 0.716151
0.078369 0.403514
0.065108 1.106327
0.176231 1.106327
0.176231 1.106327
0.176231 1.106327
0.176231 -0.281854
-0.361197 0.235353
0.028964 0.013064
0.001538 0.013064
0.001538 0.571895
0.059888 -1.898076
-0.413117 -1.102302
-0.473646 -1.102302
-0.473646 -1.102302
-0.473646 -1.554831
-0.304961 -1.554831
-0.304961 -1.554831
-0.304961 0.613511
0.085818 -0.412561
-0.035834 4.010459
0.029805 -0.592472
-0.040232 0.064991
0.004890 -0.665184
-0.039985 1.793371
0.069271 1.793371
0.069271 -0.555927
-0.042572 -0.555927
-0.042572 0.135868
0.183557 0.135868
0.183557 0.135868
0.015647 -1.116069
0.015647 0.194447
0.015647 0.194447
-0.115997 0.194447
0.020977 0.194447
0.020977 0.194447
0.020977 0.194447
0.020977 0.194447
0.020977 0.194447
0.020977 0.194447
0.020977 3.668147
0.020977 3.668147
0.020977 3.668147
0.005510 3.668147
0.005510 3.668147
0.005510 14.471636
0.005510 -11.937667
0.005510 0.621729
0.050903 -5.142363
-0.249921 -5.142363
0.123831 -0.374853
-0.819107 -0.374853
-0.819107 -0.374853
-0.068127 -0.374853
-0.068127 -0.020608
-0.068127 -0.020608
-0.068127 0.413311
-0.004087 0.413311
-0.004087 0.413311
0.051679 -0.910971
0.051679 -0.910971
0.051679 -0.910971
-0.086870 -0.813004
-0.086870 -0.846694
-0.086870 -0.846694
-0.105254 -0.846694
-0.093123 -1.130393
-0.093123 -1.130393
-0.093123 -1.130393
-0.453468 40.908227
-0.453468 40.908227
-0.453468 40.908227
0.689416 -2.838767
0.689416 -0.842324
0.689416 -5.648138
-0.466435 -5.648138
-0.481873 -1.177373
-0.481873 -1.177373
