-0.306844 -1.820631
0.044794 0.143647
0.246675 0.628838
-0.040693 -0.145172
-0.101432 -0.374833
-0.189310 -0.718667
-0.034732 -0.085272
0.064242 0.124066
-0.292833 -0.926640
-0.236412 -1.080545
-0.095867 -8.804087
0.158287 -8.804087
-0.412114 4.019967
-0.171479 5.246584
-0.171479 -7.764879
0.083093 16.152129
0.121852 3.715503
-0.152861 3.715503
0.455967 0.131837
0.123118 -0.881402
0.123118 2.014714
0.102969 -11.467809
-0.282882 16.255049
0.054195 -0.271159
-0.234403 -0.271159
0.468481 -5.387047
-0.171511 9.784553
-0.171511 11.468899
-0.118014 -0.762026
0.265581 -1.045445
0.462029 5.493802
0.045793 -0.129028
-0.194990 -53.560111
-0.073090 1.860285
-0.031690 0.038024
0.194619 -0.418837
-0.049261 0.128859
-0.214418 -0.106452
0.051618 -2.261882
0.001051 -2.689453
-0.135308 -1.103111
0.080084 5.347467
-0.002699 5.347467
-0.054553 5.347467
-0.061252 -1.752578
-0.024465 13.243030
0.132061 13.243030
0.132061 0.412648
0.132061 0.198763
0.094526 0.636005
-0.046233 -3.204879
0.533822 -0.932849
0.533822 16.468817
0.151812 1.236608
0.063234 0.470353
-0.245827 0.186142
0.300125 -0.578315
-0.476996 0.068336
-0.022941 0.068336
0.670279 0.068336
0.621150 0.068336
0.368741 0.029250
0.080110 0.029250
-0.125112 0.029250
0.023879 0.319539
0.023879 0.319539
0.023879 -0.658221
0.023879 -0.897699
0.007139 1.564824
0.007139 -0.412390
0.007139 -0.412390
0.129592 -0.412390
0.129592 -1.802104
-0.195041 -1.802104
-0.279706 1.598969
0.639999 -1.152453
-0.132127 -0.061910
-0.132127 0.863460
-0.132127 0.863460
-0.316491 -1.478582
-0.316491 -1.478582
0.667138 -1.478582
-0.301989 1.333443
-0.037312 1.333443
0.290908 -0.345772
0.290908 -0.345772
-0.383694 -0.345772
-0.383694 0.225057
-0.383694 -1.186789
0.550954 -1.186789
0.550954 0.408983
-0.135313 -1.683456
-0.135313 -3.991702
-0.135313 -3.991702
0.196598 -3.991702
-0.233761 -3.991702
-0.233761 -3.991702
0.515222 -3.991702
-0.329088 -3.991702
-0.266448 15.849566
-0.266448 -0.440641
-0.266448 -0.440641
-0.266448 -0.440641
-0.266448 1.281536
-0.266448 -0.489652
-0.266448 -1.560739
0.154988 -1.560739
0.288002 0.455729
-0.190561 0.455729
-0.190561 0.455729
-0.190561 0.455729
0.406436 0.229676
-0.134744 0.229676
-0.290345 0.229676
-0.290345 0.229676
0.242591 0.229676
0.242591 -0.236399
0.242591 0.037116
0.242591 -0.505462
0.250743 -0.029915
0.250743 0.422233
0.250743 0.395782
0.250743 0.395782
0.250743 0.395782
-0.096028 0.395782
0.019969 0.395782
-0.209007 0.395782
0.231166 0.395782
0.231166 1.155165
-0.016807 1.155165
0.296139 1.155165
0.028166 -0.648773
0.028166 -2.010437
0.028166 -2.010437
0.028166 1.442419
0.028166 1.442419
0.028166 9.328929
0.028166 9.328929
0.136769 -0.958327
0.136769 -0.269208
0.136769 6.235460
-0.072879 6.235460
-0.131536 6.235460
-0.131536 6.235460
0.124351 6.235460
0.124351 -24.083837
-0.237339 -24.083837
-0.237339 -0.468107
0.595447 -0.468107
0.595447 -0.468107
0.084638 -0.468107
0.084638 -0.468107
-0.245409 -0.066796
0.054001 -0.066796
0.054001 -0.066796
0.054001 -3.266055
0.054001 -3.266055
0.054001 -3.266055
-0.092755 -3.266055
0.121122 0.229064
0.121122 0.229064
0.121122 0.229064
0.121122 1.112293
0.121122 1.112293
-0.188577 -0.565290
-0.188577 -0.565290
0.224920 0.004993
0.224920 -0.209231
0.224920 -0.209231
-0.146399 1.272137
-0.146399 -0.172693
-0.146399 -0.172693
-0.146399 -0.172693
-0.146399 0.117428
-0.025601 0.117428
