0.029436 0.401965
-0.017387 -0.290456
-0.043929 -0.803711
-0.027791 -0.412016
0.080366 0.930478
0.092212 1.023071
-0.062421 -1.255742
0.002184 0.024408
0.056879 0.719602
-0.006467 -0.101005
-0.086218 -2.004104
-0.013742 -0.221372
0.122247 1.297293
-0.083535 -1.882806
-0.009715 -0.154782
-0.020418 1.197234
0.109050 -0.779298
-0.042252 0.834169
0.111708 0.332999
0.028081 0.332999
0.028081 -1.053399
-0.063792 -1.633127
-0.074355 -2.000495
-0.085980 0.453497
0.078503 0.103220
0.006985 -0.419448
-0.024791 -0.542425
-0.047380 -0.542425
-0.047380 0.502053
0.106840 -0.525580
0.106840 0.323004
0.038075 -0.561178
-0.038418 0.856701
0.023328 -3.427640
-0.032522 -0.009966
0.070433 0.257965
-0.117694 -0.124787
-0.000654 1.561797
0.018156 -1.232455
-0.012997 -0.028393
0.163513 1.045253
-0.060779 -0.582933
-0.001863 1.061829
0.202453 0.601786
-0.033249 -1.024832
0.099085 -1.024832
0.050713 -1.439937
-0.062566 0.040585
-0.062566 0.359502
-0.069881 0.060212
0.002710 -1.336172
0.026135 -1.150449
0.003883 0.392513
-0.064324 0.140116
-0.057824 -0.466424
0.028631 -0.281615
0.009537 1.404391
-0.043516 -1.477464
-0.033402 1.281798
0.146086 0.155397
-0.069757 0.942085
0.198481 -1.410490
0.010698 -1.783499
0.078034 -0.132845
-0.068552 0.183562
-0.078646 -0.184125
-0.008409 -0.043579
0.012609 -0.169332
-0.017533 -0.806842
-0.002818 0.354441
-0.019707 -0.619489
-0.076778 0.619563
-0.067633 -1.945016
0.025785 -2.837367
0.130740 -0.473292
-0.035109 41.804212
0.048798 41.804212
-0.012894 4.912656
-0.027969 -3.377397
-0.004313 -3.377397
0.067023 -0.212151
0.067023 0.429172
0.297787 0.429172
-0.038919 0.429172
-0.038919 0.429172
-0.012648 0.429172
0.048015 0.429172
0.048015 1.883675
0.048015 1.883675
0.048015 1.883675
0.048015 1.883675
0.048015 1.883675
0.024976 1.883675
0.024976 1.883675
0.024976 1.883675
0.024976 1.883675
0.024976 1.883675
0.024976 1.883675
0.024976 1.883675
0.024976 1.883675
0.024976 19.825445
0.024976 19.825445
0.024976 19.825445
0.024976 19.825445
0.024976 -2.657300
0.074020 -2.657300
0.074020 1.017782
0.074020 1.017782
0.074020 1.017782
-0.048212 -0.709449
-0.048212 -0.709449
-0.050121 -0.709449
-0.050121 -0.709449
-0.029912 -0.709449
-0.029912 -0.709449
-0.029912 -0.709449
-0.029912 -0.709449
-0.029912 -0.709449
-0.029912 -0.709449
0.104438 -0.709449
0.129415 -1.432885
0.129415 -1.970519
0.129415 -1.970519
-0.079786 -0.581791
-0.048522 -1.265164
-0.048522 -1.265164
-0.048522 -0.139577
-0.048522 -0.139577
-0.048522 -0.116234
-0.048522 -0.116234
-0.048522 -0.332872
-0.048522 0.951962
-0.048522 0.598708
-0.048522 2.392410
-0.048522 2.392410
-0.023448 2.392410
-0.023448 2.392410
-0.023448 2.392410
-0.023448 2.392410
-0.081207 2.392410
0.050471 2.392410
-0.051569 2.392410
-0.049886 2.392410
-0.049886 2.392410
-0.044250 2.392410
-0.024345 2.392410
-0.024345 2.392410
-0.024345 2.392410
-0.024345 2.392410
-0.024345 0.871032
-0.024345 0.673296
0.070730 0.673296
-0.056683 0.673296
-0.056683 0.673296
-0.006450 0.673296
