0.017000 0.680867
-0.013079 -0.439480
0.023557 7.173661
-0.000634 -0.031114
-0.009463 -0.556982
-0.116924 -2.468837
-0.021225 -0.616213
0.009759 0.613022
0.001867 -0.210680
-0.005011 1.559635
0.033174 0.233925
0.006035 0.077259
0.003369 0.023373
0.001268 0.912002
0.032309 -0.639413
-0.016171 -1.230013
-0.042521 0.565005
0.011112 -0.842585
-0.034169 0.843407
0.018798 0.051700
0.001977 -0.607364
-0.021913 -0.757166
-0.054036 -0.267256
-0.007473 -0.102442
-0.003137 -0.058489
-0.002696 -0.442840
-0.027944 0.840750
0.035905 1.177007
0.055920 -1.179150
-0.148991 0.864042
0.046241 -0.800479
-0.153194 -0.261255
-0.026612 -0.718530
-0.056316 0.854607
0.052727 -1.082761
-0.122970 -1.572261
-0.463520 -0.100859
-0.010544 -0.482681
-0.097022 0.782625
0.064068 -3.432959
-0.485280 0.661369
0.047648 -0.798080
-0.088362 1.755832
0.127888 -0.135881
-0.011710 -3.515884
-0.620771 1.599441
-0.689717 1.599441
0.233778 0.704321
0.233778 -0.044068
0.067656 -0.044068
-0.004964 -0.044068
-0.004964 -0.639446
-0.004964 -0.673559
-0.307176 -2.084626
-0.007430 -0.068810
-0.128845 2.858558
-0.007054 0.148831
0.226326 0.148831
0.021501 2.074772
0.021501 -4.653599
0.188881 -1.830729
-0.141345 -1.830729
-0.204149 -1.830729
-0.204149 -1.053389
-0.204149 -0.261600
-0.208992 -0.261600
-0.018589 -0.261600
-0.018589 -0.591268
-0.018589 7.349010
-0.063557 7.349010
0.200764 3.869283
0.200764 3.869283
0.188364 -0.670307
0.188364 0.353450
-0.090918 1.395102
0.033178 1.395102
0.121925 -0.632037
0.121925 -0.632037
-0.082837 -0.632037
-0.082837 -0.632037
-0.082837 -4.533395
-0.082837 -0.633429
-0.305982 0.245127
-0.013579 -4.297146
0.013717 1.333071
-0.429536 -2.018564
0.047487 -0.222002
-0.103650 -0.222002
-0.051722 2.283412
-0.051722 2.283412
0.297593 35.353548
0.297593 35.353548
0.230808 -2.406022
0.230808 0.448380
-0.243229 0.448380
0.030018 0.641028
0.030018 -1.467684
0.043498 -1.467684
-0.178195 0.231612
-0.178195 -0.548842
0.020869 -0.548842
-0.119986 -0.548842
-0.119986 -0.885905
-0.119986 -0.885905
-0.038446 0.255293
-0.038446 0.255993
0.028482 -1.109141
0.019317 9.084719
-0.017200 -7.737145
-0.279569 -7.737145
0.031402 6.991126
-0.200342 0.117862
-0.200342 -0.852434
0.115769 -0.852434
-0.069804 -2.309350
0.008316 -2.309350
-0.095048 1.492907
-0.095048 0.258882
-0.409548 -0.303921
-0.409548 -0.303921
0.064009 -0.303921
0.030849 -0.155793
-0.029432 -0.015069
-0.029432 -0.015069
-0.029432 -0.015069
-0.605667 -0.015069
-0.605667 -0.356663
-0.016146 0.352710
-0.002148 0.352710
-0.002148 -1.620140
-0.002148 -0.955790
-0.002148 -0.955790
-0.058412 0.185925
0.053983 0.185925
0.053983 1.225689
-0.275893 0.434381
-0.200068 0.022261
-0.200068 0.022261
0.021629 0.203718
0.021629 -3.694269
0.080937 -3.694269
0.029928 -3.694269
0.001460 -3.694269
0.001460 0.539778
0.010526 -0.287661
-0.088291 1.188397
-0.088291 1.188397
-0.088291 -0.310931
-0.088291 -7.046505
0.030397 -0.456223
-0.033288 0.163665
0.110328 1.650415
0.110328 1.650415
-0.037350 -0.921810
-0.288122 -0.921810
-0.060102 2.355220
0.020733 -0.979186
0.219041 1.507128
0.219041 -0.601309
-0.159651 -0.601309
-0.159651 -0.601309
0.118892 -0.568284
-0.153693 -0.568284
0.102365 -0.568284
-0.031971 -0.568284
-0.031971 -0.644252
-0.031971 -1.725924
-0.056945 0.672540
-0.056945 2.209506
-0.056945 0.609600
-0.041735 0.609600
-0.041735 0.682348
-0.041735 0.682348
-0.041735 0.682348
-0.042287 1.112413
-0.129986 1.672655
0.041763 1.672655
0.042764 0.685187
0.043113 0.685187
0.043113 0.685187
0.034349 0.685187
0.034349 0.685187
0.034349 0.685187
0.098396 0.685187
0.068544 0.685187
0.068544 -0.391814
0.065616 -0.391814
0.065616 -0.391814
0.065616 -0.391814
0.065616 -0.391814
0.065616 -0.391814
