-0.237965 -7.540545
-0.034139 -0.821228
-0.021690 -0.615947
0.035753 1.460864
-0.004423 -0.126409
0.028789 0.937130
-0.012760 -0.315505
-0.021815 -0.415353
-0.034628 -0.611810
-0.015050 -0.297668
0.081342 2.495123
0.058358 1.739857
0.001305 0.034739
0.001305 0.034739
0.036824 0.941035
-0.122252 -0.938342
0.073694 2.094641
0.073694 2.094641
-0.058327 -1.023728
-0.000691 -0.015391
-0.000691 -0.015391
0.004177 0.118327
-0.026656 -0.566098
-0.178693 -3.120781
0.018051 0.606247
0.007985 0.579763
-0.063333 -6.288318
-0.011472 -0.905341
-0.033349 -1.086807
-0.038663 -1.086807
-0.038663 -0.521127
-0.017772 -1.144053
-0.070020 -1.144053
-0.070020 0.147879
0.004436 -1.582920
-0.086065 1.799675
0.052323 1.799675
0.052323 -0.072831
-0.002943 0.931191
0.029438 -3.275095
-0.175859 2.189393
0.062666 -0.550266
-0.039701 0.307218
0.013257 -0.326942
-0.015577 -0.248999
-0.014645 -0.556748
-0.069862 -0.556748
-0.069862 1.014494
0.056794 -0.471379
-0.054310 0.032264
0.001959 0.032264
0.001959 0.032264
0.001959 -3.008978
-0.202931 -0.066051
-0.004903 -0.307140
-0.021195 -0.321703
-0.021994 -0.503847
-0.093285 1.187537
0.057209 0.893554
0.055900 -0.084706
-0.007970 0.543820
0.026005 2.047361
0.099770 2.047361
0.099770 -1.466024
-0.163643 -0.258492
-0.019480 0.588686
0.032096 0.039715
0.003249 2.670991
0.103616 1.065755
0.060288 -0.913513
-0.075655 0.862097
0.047171 -1.222091
-0.163161 -1.222091
-0.163161 0.882969
0.038989 0.343719
0.017472 -0.077795
-0.004101 0.582090
0.028666 0.582090
0.028666 0.120355
0.005229 -0.044698
-0.002331 -0.044698
-0.002331 0.302288
0.014635 0.302288
0.014635 -1.096801
-0.022403 -0.140296
-0.008151 -2.451455
-0.192409 -2.451455
-0.192409 -2.451455
-0.192409 0.493511
0.024004 0.493511
0.024004 -4.949870
-0.237400 1.489094
0.064333 -3.469231
-0.215485 -4.479059
-0.241728 -1.769340
-0.114638 -1.769340
-0.114638 0.299524
0.021061 -0.162089
-0.013390 -1.472107
-0.142012 -0.077923
-0.004295 -0.077923
-0.004295 -0.077923
-0.004295 0.371065
0.009155 -3.917131
-0.227089 -0.995875
-0.033410 -0.995875
-0.033410 -4.079376
-0.189558 -0.485222
-0.023851 -0.485222
-0.023851 -0.485222
-0.023851 -0.485222
-0.023851 -0.485222
-0.023851 -0.485222
-0.023851 -0.485222
-0.023851 0.805694
0.024321 0.805694
0.024321 3.390253
0.047088 3.390253
0.047088 3.390253
0.047088 0.741797
0.027052 0.608870
0.017878 0.050657
0.001522 0.050657
0.001522 0.050657
0.001522 -25.735270
-0.246260 0.190371
0.005774 0.190371
0.005774 -4.544880
-0.219215 -4.544880
-0.219215 -4.544880
-0.219215 -0.214041
0.066599 -0.214041
-0.011429 -1.852994
-0.011429 -1.852994
-0.067797 -1.852994
-0.067797 -1.852994
-0.067797 -1.852994
-0.067797 -0.857053
-0.067797 1.258206
-0.068114 1.258206
0.059000 1.258206
0.059000 -2.056184
0.059000 -2.056184
-0.216494 -1.285665
-0.216494 -1.285665
-0.067435 0.995255
-0.067435 1.494123
0.014322 0.801218
0.052497 0.801218
0.030422 0.416269
0.030422 -1.224579
0.025256 0.930687
-0.142057 0.930687
0.067046 -1.885894
0.067046 -1.885894
-0.033280 -1.885894
-0.033280 -1.885894
-0.033280 -1.885894
-0.033280 -4.113982
-0.033280 0.012255
-0.246067 0.012255
-0.029759 0.012255
-0.029759 0.012255
0.001062 0.012255
0.001062 -4.709068
0.001062 -0.560226
0.001062 -0.560226
0.001062 -0.207883
-0.264227 -0.956341
-0.040447 -0.956341
-0.040447 -0.956341
-0.021269 -0.956341
-0.070208 -4.597235
-0.070208 -0.604113
-0.070208 1.335138
-0.070208 1.335138
-0.246430 -0.433104
-0.049674 -0.191115
0.088927 -0.191115
0.088927 -0.535799
-0.050507 -0.056753
-0.015912 -0.056753
-0.015912 -0.056753
-0.012850 -0.056753
-0.003001 1.204437
-0.003001 1.157404
-0.003001 1.620618
-0.003001 1.620618
0.048133 1.620618
0.047362 1.620618
0.063323 1.620618
0.063323 1.620618
0.063323 1.620618
0.063323 1.620618
0.063323 -0.003074
0.063323 -1.712709
