-0.047795 -0.588832
0.020395 0.236801
0.230634 2.237912
0.083475 0.866656
-0.039728 -0.463252
-0.095484 -1.182307
-0.014198 -0.163536
-0.016540 -0.186671
-0.104200 -1.301148
-0.021758 -0.252282
0.049175 0.541648
-0.001167 -0.013350
0.210335 2.051722
0.210335 2.051722
-0.049378 -0.568969
0.110543 1.135036
0.155718 0.093933
0.009294 -1.519695
-0.135432 -0.105920
-0.010481 -0.968023
-0.092278 -0.766268
-0.073265 -0.766268
-0.073265 -0.640996
-0.031629 -0.640996
-0.031629 -0.640996
-0.031629 0.145203
0.004795 -1.130911
-0.098368 -1.130911
-0.098368 2.332113
0.257379 5.043477
0.070212 5.043477
0.070212 0.132521
0.022289 -2.977065
-0.112774 -0.601216
-0.055149 1.539811
0.022754 1.539811
0.022754 6.213219
0.143903 2.425289
0.079498 2.425289
0.079498 2.425289
0.079498 -1.628593
-0.107436 -0.275281
-0.028198 -0.709166
-0.066862 -0.723682
-0.066817 -9.520638
-0.065202 -9.520638
-0.065202 -1.234366
-0.103847 1.704616
0.081975 -1.184958
-0.099901 -0.214116
-0.019103 -0.375777
-0.032733 -0.155966
-0.013873 0.815629
0.078462 0.301345
0.027838 0.359201
0.032918 0.142370
-0.036475 0.826264
0.013031 0.075753
0.078599 -0.598820
0.006935 -3.023774
-0.051515 0.371308
-0.114661 4.248080
-0.028394 0.609802
0.034184 -0.013305
0.156111 -1.226756
0.043851 -0.177953
-0.001217 2.419354
-0.101055 0.348981
-0.015997 0.348981
0.120587 0.348981
0.033583 -7.349800
0.033583 -14.159333
0.033583 0.144391
-0.039801 0.144391
-0.070093 0.144391
0.013284 0.144391
0.013284 0.144391
0.013284 0.285589
0.013284 0.285589
0.013284 0.285589
0.026934 1.760356
0.026934 0.248974
0.026934 0.248974
0.189970 0.248974
0.024915 4.412232
0.024915 4.412232
0.024915 4.412232
0.060694 -11.647702
0.060694 -11.647702
0.060694 12.783488
-0.082144 12.783488
-0.082144 12.783488
0.194287 8.487987
0.194287 8.487987
0.194287 3.476940
0.063690 3.476940
0.063690 -1.112898
0.087362 -3.120633
0.087362 -3.120633
-0.053771 -3.120633
-0.049922 -3.120633
-0.049922 -3.120633
-0.049922 -3.120633
-0.049922 -3.120633
-0.049922 -3.120633
-0.049922 -3.120633
-0.049922 -3.120633
-0.049922 -3.120633
-0.049922 -3.120633
-0.049922 -3.120633
-0.049922 -3.120633
-0.049922 -3.120633
-0.049922 -3.120633
-0.049922 -3.120633
-0.049922 -3.120633
-0.049922 -3.120633
-0.049922 -3.120633
-0.049922 2.113531
-0.049922 -0.296429
-0.049922 -0.296429
0.232147 -0.296429
-0.063940 -0.296429
-0.063940 -0.296429
-0.063940 9.393032
-0.063940 -0.394058
-0.063940 -5.141887
0.088006 -5.141887
-0.001650 -0.331291
-0.220038 -0.331291
-0.220038 0.208855
-0.036004 0.208855
-0.036004 0.208855
0.011239 0.208855
0.011239 0.208855
0.011239 0.208855
0.011239 0.208855
0.011239 -1.655357
0.011239 -1.666123
0.011239 -1.666123
-0.066015 -1.666123
-0.067962 -1.666123
-0.067962 -1.666123
-0.067962 -1.666123
-0.067962 -1.666123
-0.067962 -1.666123
-0.067962 -1.666123
-0.067962 -1.666123
-0.067962 -1.666123
-0.067962 -1.666123
-0.067962 -1.666123
-0.067962 -1.666123
-0.067962 -1.666123
-0.067962 -1.666123
-0.067962 -1.666123
-0.067962 -1.666123
-0.067962 -1.666123
-0.067962 -1.666123
-0.067962 0.881604
-0.067962 0.881604
-0.067962 0.881604
0.087284 0.881604
0.087284 0.881604
0.087284 0.881604
0.087284 0.881604
0.087284 0.881604
0.087284 0.881604
0.087284 0.881604
0.087284 -2.031615
0.087284 -2.031615
0.087284 -17.980367
-0.035110 -17.980367
-0.035110 -17.980367
-0.056635 -17.980367
-0.056635 -17.980367
-0.056635 -17.980367
-0.056635 -17.980367
-0.056635 -7.175371
-0.056635 -7.175371
-0.056635 -7.175371
-0.130280 -7.175371
-0.130280 -7.175371
-0.130280 -2.820583
-0.130280 -2.820583
-0.130280 -2.820583
-0.050231 -2.820583
-0.050231 -2.820583
-0.050231 -2.820583
-0.050231 -2.820583
-0.050231 -0.658423
-0.050231 -0.416275
-0.050231 -7.790504
-0.060149 -7.790504
-0.036157 -7.790504
-0.080844 0.457646
-0.080844 0.457646
-0.080844 0.457646
0.042395 0.457646
