-0.083842 -0.541201
-0.090489 -0.651869
0.109830 0.785282
-0.092771 -0.520992
-0.073204 -0.492357
-0.064055 -0.308558
-0.109803 -0.480385
-0.054282 -0.506087
-0.113288 -0.775957
-0.057198 -0.386216
-0.247444 -2.088096
0.073899 0.410461
0.130479 1.424460
0.130479 1.424460
0.130479 1.424460
-0.083702 -0.459218
0.012939 0.138458
0.012939 0.138458
0.012939 0.138458
-0.120168 -1.682052
-0.067609 -0.598045
-0.067609 -0.598045
-0.067609 -0.598045
-0.067609 -0.598045
-0.062525 -0.175492
-0.186668 -1.317205
0.041020 0.364173
0.041020 0.364173
0.041020 0.364173
0.041020 0.364173
0.087590 5.213017
0.137298 1.340727
-0.236709 -1.653149
-0.330345 -2.819666
-0.105085 -0.294263
-0.104742 -0.633075
-0.177055 -0.552939
-0.154855 -1.042588
-0.124004 -0.241503
-0.124004 -0.241503
0.023426 0.053240
-0.260418 -1.376684
-0.260418 -1.376684
-0.097470 -0.191268
-0.106769 -0.428770
-0.228796 -0.992347
-0.221231 -0.612115
-0.043501 -0.485033
-0.043501 -0.485033
-0.039880 -0.125807
-0.190766 -0.645079
0.085984 0.418504
0.085984 0.418504
0.163430 -0.160972
-0.057465 -0.160972
-0.057465 -0.160972
-0.057465 -0.010089
-0.003575 -0.010089
-0.003575 -0.010089
-0.003575 -0.391240
0.516651 -0.391240
-0.074315 -0.391240
-0.074315 -0.391240
-0.074315 0.387669
-0.074315 0.387669
0.120116 0.387669
0.120116 0.453285
0.120116 0.453285
0.120437 0.453285
0.120437 0.923868
0.120437 0.923868
-0.092000 0.923868
-0.092000 -0.413838
-0.092000 1.015371
-0.092000 1.015371
-0.092000 1.015371
-0.092000 0.108001
-0.092000 -0.645945
0.232177 -0.645945
0.232177 -0.414561
0.232177 0.922656
-0.153244 -0.736348
0.190443 -0.736348
0.190443 -0.268265
0.190443 -0.268265
0.032611 -0.268265
-0.087610 -0.268265
-0.087610 -0.268265
-0.097653 -0.584135
0.126486 -0.584135
-0.040245 -0.584135
-0.040245 -0.584135
-0.040245 -0.584135
-0.116903 -0.584135
-0.116903 -0.584135
-0.080857 -0.584135
-0.080857 -0.584135
-0.080857 -0.584135
-0.080857 -0.584135
-0.080857 -0.584135
-0.086179 36.425809
-0.061017 36.425809
-0.061017 36.425809
-0.061017 36.425809
-0.061017 36.425809
-0.061017 36.425809
-0.061017 36.425809
-0.061017 36.425809
-0.061017 -0.582368
-0.061017 -0.582368
-0.061017 -0.582368
-0.061017 -0.582368
-0.061017 -0.582368
0.366559 -1.636393
0.366559 -1.636393
0.366559 -1.636393
0.366559 -1.636393
0.366559 -1.636393
0.366559 -1.636393
0.366559 -1.636393
0.366559 -1.636393
-0.125368 -1.636393
-0.125368 -1.636393
-0.125368 -1.636393
-0.125368 -1.636393
-0.125368 -1.636393
-0.244257 -1.636393
-0.244257 -1.636393
-0.244257 -1.636393
-0.244257 -1.636393
-0.244257 -1.636393
-0.244257 -1.636393
-0.244257 -1.636393
-0.244257 -1.636393
-0.244257 -1.636393
-0.244257 -1.636393
-0.244257 -0.252713
-0.244257 -0.252713
-0.244257 -0.252713
-0.244257 -0.252713
-0.244257 -0.252713
-0.244257 -0.252713
-0.244257 -0.252713
-0.244257 -0.252713
-0.244257 -0.252713
-0.089252 -0.252713
-0.089252 -0.252713
-0.089252 -0.252713
-0.089252 -0.252713
-0.089252 -0.252713
-0.089252 -0.252713
-0.089252 -0.252713
-0.089252 -0.252713
-0.089252 -0.252713
-0.089252 -0.252713
-0.089252 -0.252713
-0.089252 -0.252713
-0.089252 -0.252713
-0.089252 -0.252713
-0.089252 -0.252713
-0.089252 -0.252713
-0.089252 -0.252713
-0.089252 -3.154598
-0.089252 -3.154598
-0.089252 -3.154598
-0.089252 -3.154598
-0.089252 -3.154598
-0.089252 -3.154598
