0.131329 1.602759
0.148870 1.749965
-0.060442 -0.825112
0.052675 0.651985
0.065551 0.787351
0.161067 1.828772
-0.026625 -0.335711
0.003526 0.045146
-0.160493 -2.352736
0.026666 0.325628
-0.037207 -0.501655
-0.067210 -0.954756
0.100108 1.213381
-0.013836 -0.176978
0.020062 0.258063
0.029996 0.368699
0.067009 0.818495
-0.023412 -0.306673
-0.114401 -1.559862
-0.077258 -1.101855
-0.077586 -1.084198
0.004088 0.055759
0.053299 0.704048
0.125623 1.426957
0.037888 0.483310
0.043400 0.544917
-0.011306 -0.150609
-0.024284 2.588874
0.246972 0.294592
0.023677 0.630722
0.055598 -0.302326
-0.023468 0.148489
0.011925 -1.490789
-0.107175 -1.632731
-0.117158 -0.300181
-0.022766 0.133234
0.010944 1.004149
0.088460 -0.050985
-0.003993 -0.102646
-0.008069 0.804511
0.067678 -1.123145
-0.086838 -0.418133
-0.033617 0.403608
0.032728 0.690894
0.056796 0.460706
0.038008 0.460706
0.038008 -0.106037
-0.008437 -0.106037
-0.008437 -2.148283
-0.146750 -0.762817
-0.059005 1.411135
0.129153 0.113842
0.009139 0.570681
0.047008 -0.059852
-0.004747 -0.633569
-0.048191 -0.633569
-0.048191 -1.342775
-0.097536 0.830079
-0.037116 0.507800
0.069031 1.269401
0.041181 -8.970227
0.111305 0.248669
-0.105079 0.226685
-0.008550 -0.132708
0.019146 -1.154264
0.018464 0.575371
-0.010527 -1.627325
-0.084652 0.569719
0.046764 1.089200
-0.113119 1.089200
0.046119 -0.675202
0.098034 0.218877
0.098034 -0.255818
-0.050821 0.359699
0.017634 -2.562012
-0.019725 -0.396752
0.028862 -1.080650
-0.166745 1.232852
-0.029423 0.775211
-0.009790 1.816886
-0.075995 1.816886
0.103317 1.816886
0.065941 1.816886
0.163452 1.816886
0.163452 1.816886
0.163452 1.786727
0.163452 -12.383896
0.163452 -12.383896
0.163452 0.682750
0.166391 0.682750
-0.092183 0.682750
-0.092183 -0.541338
0.056760 0.586636
0.056760 -0.124135
0.056760 -0.124135
-0.006108 -0.124135
-0.006108 0.225074
-0.044026 -0.261080
0.048740 0.287945
-0.010388 -1.562667
-0.010388 -1.562667
-0.010388 -1.562667
0.018146 -1.326866
-0.105370 1.011343
-0.019995 -1.194079
0.023189 1.174862
0.112660 -0.590677
-0.116620 1.387526
-0.116620 0.073848
-0.116620 -0.867633
-0.094511 -0.867633
0.083227 -0.867633
-0.085950 -0.699447
0.105492 -0.699447
-0.046606 1.823789
0.121513 0.247990
0.006165 0.247990
0.038556 0.139982
0.038556 0.139982
-0.065701 -0.766657
-0.065701 0.525322
-0.065701 0.525322
-0.052800 -0.193535
-0.052800 0.354997
0.165168 -0.635634
0.020319 -0.635634
0.020319 -0.635634
0.011406 0.028563
0.011406 0.028563
-0.061263 -0.087343
0.045796 0.152483
0.045796 -1.651965
-0.016117 -0.257026
0.029098 -0.089548
-0.025516 -0.970426
-0.025516 -0.970426
-0.025516 0.520863
0.049299 0.520863
0.002299 0.520863
0.002299 -1.537232
-0.006975 -1.578375
0.012330 -1.105111
-0.117829 0.712065
-0.020036 8.449153
-0.007401 8.449153
-0.071605 9.791184
-0.071605 -7.535736
0.044694 -7.535736
0.044694 1.586348
0.044694 1.586348
-0.108344 0.721140
-0.109171 0.721140
-0.078162 -2.548517
0.056529 -2.548517
0.050712 1.081867
0.050712 -1.911032
0.071175 -1.911032
-0.034730 -1.911032
-0.034730 -2.501711
0.017701 -2.501711
0.017701 -2.501711
-0.082630 2.333542
0.031181 2.333542
0.031181 0.641491
-0.093687 26.816713
-0.093687 12.744583
0.087838 12.744583
-0.057951 7.119268
-0.057951 7.119268
-0.057951 7.119268
-0.067990 0.610441
-0.067990 0.610441
-0.067990 0.610441
0.208265 0.610441
0.208265 1.405926
0.054333 1.405926
0.039184 1.405926
0.019024 -18.783510
0.019024 -18.783510
0.019708 0.294285
0.019708 19.258719
0.019708 0.058082
0.053269 19.393933
0.053269 19.393933
0.053269 19.393933
0.053269 17.943652
0.012274 17.943652
0.012274 17.943652
