0.090703 1.535019
0.004334 0.065528
0.005583 0.072313
0.014836 0.181796
-0.302886 -1.354770
0.034922 0.474893
-0.134952 -1.397228
-0.148275 -1.118696
-0.068849 -0.778313
-0.057934 -0.634011
-0.174455 -1.079084
0.051531 0.795011
0.095536 1.314629
0.091318 1.390742
0.061972 0.918149
-0.021636 -0.335338
-0.007046 -0.154867
-0.098815 -1.039498
-0.109975 -1.104010
0.084411 1.272614
-0.365301 -1.716782
-0.035686 -3.752517
-0.019804 -0.244753
0.043842 1.371473
0.121404 1.368718
0.086609 0.912362
-0.182283 -1.114142
-0.034143 -0.397083
-0.034143 -0.397083
-0.034143 -0.397083
0.053883 0.690810
-0.035898 -0.372635
-0.013681 -0.164010
-0.016804 -0.565834
-0.016804 -0.208354
-0.046431 -1.131188
-0.013188 1.852486
-0.086573 -0.171302
0.114549 -0.171302
-0.009337 -0.172802
-0.009337 -1.294624
-0.009399 0.437244
0.017450 0.437244
-0.071985 -1.359924
0.025106 -0.366361
0.025106 1.727605
-0.072607 -0.561914
-0.016991 0.874152
0.075710 0.462780
-0.026036 0.224467
0.035917 -0.006801
0.002131 -0.815880
0.011296 1.306170
-0.000378 0.659105
-0.043464 1.061456
0.060384 9.988921
0.032435 -5.673924
0.056617 0.956730
0.070473 0.956730
-0.044151 0.956730
0.046765 0.956730
0.046765 -0.586314
0.046765 -0.586314
0.046765 -0.586314
-0.010220 -0.012386
-0.010220 -0.012386
-0.010220 -4.957107
-0.000063 -4.957107
-0.000063 0.137332
-0.082094 -1.168022
-0.082094 -1.168022
0.013031 12.030214
-0.027663 12.030214
-0.027663 12.030214
0.100375 12.030214
0.100375 12.030214
0.100375 1.080935
0.100375 -1.222110
0.100375 -1.222110
0.019728 -1.222110
-0.022111 7.719273
-0.022111 7.719273
-0.022111 7.719273
0.038708 7.719273
0.038708 7.719273
0.038708 7.719273
0.038708 7.719273
0.038708 55.627125
0.038708 55.627125
0.038708 55.627125
0.199957 -2.632446
0.199957 -0.530558
0.199957 -0.530558
-0.303899 5.801882
-0.173656 5.801882
-0.173656 5.801882
0.158628 1.886700
0.158628 1.886700
0.158628 -0.892911
0.061435 -0.629694
0.061435 -0.629694
-0.043201 0.656665
-0.207515 0.656665
-0.207515 0.656665
0.109444 -1.539136
0.109444 -0.953888
0.109444 -0.953888
-0.175112 -0.953888
-0.284494 0.665657
-0.284494 -1.195828
-0.284494 -1.195828
0.089410 -1.195828
-0.303046 -1.195828
-0.303046 1.967969
-0.303046 0.203361
-0.303046 0.203361
0.208523 0.203361
0.012769 0.203361
0.012769 0.203361
0.012769 0.203361
0.012769 0.203361
0.012769 0.203361
0.012769 0.203361
0.012769 0.203361
0.012769 0.203361
0.012769 0.203361
0.012769 0.203361
0.012769 0.203361
0.012769 5.244372
0.012769 5.244372
0.012769 5.244372
0.077996 5.244372
0.077996 5.244372
0.077996 5.244372
0.077996 5.244372
0.077996 5.244372
0.077996 -14.694185
0.077996 -14.694185
0.077996 -14.694185
-0.638292 -14.694185
-0.638292 -14.694185
-0.638292 -14.694185
-0.638292 -14.694185
-0.638292 -14.694185
-0.638292 -14.694185
-0.638292 -14.694185
-0.638292 -14.694185
-0.638292 -14.694185
-0.638292 -14.694185
-0.638292 -14.694185
-0.638292 -6.536659
-0.638292 -6.536659
-0.638292 -6.536659
-0.148972 -6.536659
-0.148972 -6.536659
-0.148972 -6.536659
-0.148972 -6.536659
-0.148972 -6.536659
-0.148972 -6.536659
-0.148972 -6.536659
-0.148972 -6.536659
-0.148972 -6.536659
-0.148972 -2.393252
-0.148972 -0.833275
-0.148972 -0.833275
-0.387010 -0.833275
-0.049101 -0.833275
-0.049101 -0.833275
-0.049101 -0.833275
-0.049101 -0.833275
-0.049101 -0.833275
-0.049101 -0.833275
-0.049101 -0.833275
-0.049101 -0.833275
-0.049101 -0.833275
-0.049101 -0.833275
-0.049101 -0.833275
-0.049101 -0.833275
-0.049101 -1.955610
-0.049101 -1.955610
-0.049101 -1.955610
-0.116124 -1.955610
-0.116124 -1.955610
-0.116124 -1.955610
-0.116124 -1.955610
-0.116124 -1.955610
-0.116124 -1.955610
-0.116124 -1.955610
-0.116124 -1.955610
-0.116124 -0.280222
-0.116124 -0.280222
-0.116124 -0.280222
-0.046873 -0.404744
-0.046873 -0.404744
-0.046873 -5.113524
-0.076814 -5.113524
-0.076814 -5.113524
