-0.000033 -0.001172
-0.017097 -0.646092
-0.005742 -0.216722
0.014189 -1.199298
-0.029072 -1.199298
-0.029072 0.703965
0.019607 0.523672
0.014473 -1.367205
-0.033530 1.071564
0.030413 -2.293390
-0.034155 -0.333010
-0.008188 1.297377
0.036189 0.521785
0.013835 0.445305
0.012141 -0.717901
-0.017709 -0.620924
-0.015201 0.442434
0.011778 0.887653
0.026157 -0.613217
-0.015586 0.035808
0.000947 0.228236
0.006115 -0.240024
-0.006200 -0.643332
-0.015711 -0.643332
-0.015711 8.770509
0.023547 8.770509
0.023547 -1.845409
-0.042739 21.786380
0.034175 1.497125
0.013791 2.429758
0.079286 0.044861
0.001273 0.044861
0.001273 -0.723770
-0.015836 0.108217
-0.019497 -4.157672
0.003057 -0.406760
-0.105533 0.563589
-0.011065 -2.029723
0.016073 -0.569861
-0.046570 0.127720
-0.014274 -0.775020
0.003364 0.311620
-0.019591 1.751799
0.008153 1.152522
0.051999 0.526493
0.034156 -1.382363
0.015304 -0.490059
-0.035046 -0.598586
-0.012821 -0.679283
-0.016061 -1.083899
-0.017709 1.682658
-0.027063 1.633388
0.052037 1.310996
0.051574 0.043210
0.041876 0.043210
0.001287 0.885708
0.001287 -1.931422
0.029411 -0.482936
-0.055040 -0.482936
-0.014756 0.168810
-0.014756 0.772400
0.005184 1.292641
0.025304 0.781722
0.045144 -0.935389
0.027258 -1.439589
-0.032241 1.310011
-0.045444 0.617553
0.049864 0.617553
0.023100 -0.237396
0.023100 -0.427232
-0.008570 -1.530258
-0.014262 -1.070799
-0.045726 0.807843
-0.030528 -0.126632
0.026253 0.701582
-0.003858 -0.821879
0.022833 0.741383
-0.015183 -20.867085
-0.026669 1.237407
0.025441 0.014862
-0.712698 0.720119
0.050106 -0.125620
0.000545 -0.730329
0.027978 -1.014603
-0.004799 -0.445088
-0.026735 1.115900
-0.036024 -1.887755
-0.015727 -1.887755
0.041243 0.857239
-0.057909 0.401230
-0.057909 -0.352673
0.019233 -0.352673
0.014248 -0.352673
-0.012278 0.127055
-0.012278 0.127055
-0.012278 -0.533240
0.003689 -1.102252
0.003689 -1.102252
-0.019694 1.434356
-0.019804 -0.670518
-0.019804 -0.475010
0.052743 -0.475010
-0.022057 1.523285
0.043084 -0.146026
-0.017503 -0.235537
-0.017503 -0.268510
0.061416 -17.801597
-0.003228 -4.843674
0.046746 -4.843674
-0.005329 -1.374624
-0.005397 -0.395104
-0.716416 -1.356358
-0.074595 -1.356358
-0.074595 2.398474
-0.012681 -0.362791
-0.015208 -0.362791
-0.008944 -0.362791
-0.008944 -2.911907
-0.047387 0.760167
-0.047387 0.760167
0.039582 2.522998
-0.003599 -3.253809
-0.003599 -3.253809
-0.003599 -3.253809
-0.047451 -3.253809
0.048317 -3.253809
0.031748 -3.253809
0.029446 -1.824126
0.029446 -1.824126
0.020345 0.077313
-0.034501 0.603817
-0.034501 -0.176128
-0.034501 -0.176128
-0.034501 -0.336364
-0.034501 -0.336364
-0.034501 -0.336364
-0.024286 -0.336364
-0.024286 -0.336364
-0.024286 4.223576
-0.024286 4.223576
-0.024286 4.223576
-0.024286 1.487807
-0.024286 1.487807
-0.024286 1.487807
-0.024286 1.487807
-0.023205 0.638840
-0.023205 0.638840
0.002852 -2.432741
0.024207 0.872711
-0.006620 -1.091183
-0.006620 -1.091183
-0.010711 0.752963
-0.010711 0.752963
-0.010711 0.752963
-0.010711 -0.022953
-0.010711 -0.022953
0.052373 -0.022953
0.052373 -0.022953
0.052373 -4.674007
-0.034657 -4.674007
-0.026110 1.858748
-0.026110 1.858748
-0.004900 0.291098
0.055934 0.291098
0.055934 0.291098
0.055934 -2.113977
0.055934 -2.113977
0.016568 -2.113977
0.016568 0.390081
-0.083257 0.390081
-0.000173 0.390081
