1 581.0845336914062 19.356344043191317 -0.5254524946212769 1.083512754623065 585.0 24.186773244895647
2 320.3343505859375 9.053649928548207 -0.5951687097549438 1.3007599074634522 343.0 18.520259177452136
3 256.3404541015625 6.995583399337578 -0.5332992672920227 1.1595481262391567 267.0 16.34013463836819
4 246.53765869140625 6.960327327779562 -0.44980019330978394 0.9430698200915829 253.0 15.905973720586866
5 264.1607666015625 6.770683542988806 -0.4180310368537903 0.8716757887204553 257.0 16.0312195418814
6 306.27410888671875 7.314243592494508 -0.43112504482269287 0.9556199040808834 312.0 17.663521732655695
7 389.2710876464844 9.270484230295995 -0.47624462842941284 1.007618016966884 385.0 19.621416870348583
8 652.1041259765625 21.734895269580345 -0.387062132358551 0.8255442377507616 657.0 25.632011235952593
9 352.1033935546875 11.323097960013163 -0.6948885917663574 1.4648130653294484 329.0 18.138357147217054
10 127.92881774902344 4.54273921571639 -0.3318045437335968 0.7347343765519558 130.0 11.40175425099138
11 141.45005798339844 4.844413747144222 -0.27202746272087097 0.5722273805875675 129.0 11.357816691600547
12 167.2567901611328 4.73232103487848 -0.22555628418922424 0.47721102684960237 166.0 12.884098726725126
13 193.64608764648438 5.309974711359098 -0.21308749914169312 0.4788886443236158 195.0 13.96424004376894
14 566.4117431640625 11.88105270111094 -0.3310813307762146 0.6692618458790094 521.0 22.825424421026653
15 268.26763916015625 9.560585855622064 -0.9203583002090454 2.0526066912127505 268.0 16.3707055437449
16 175.9111785888672 6.826911798940526 -0.5640310645103455 1.2582344817103595 171.0 13.076696830622021
17 233.34568786621094 6.998623516107675 -0.4135816991329193 0.9013973315237769 230.0 15.165750888103101
18 308.25689697265625 7.591593700561433 -0.2971830368041992 0.649710295853737 315.0 17.74823934929885
19 381.31884765625 8.303466195638295 -0.21274149417877197 0.48994480611321134 376.0 19.390719429665317
20 647.3175048828125 14.067236992437481 -0.28698256611824036 0.6445481583644547 657.0 25.632011235952593
21 172.81832885742188 10.350775373131066 -0.3185303807258606 0.8385545474507644 185.0 13.601470508735444
22 89.00227355957031 2.769562977925042 -0.3700990378856659 0.9181618740988801 90.0 9.486832980505138
23 78.97689819335938 2.068889208988614 -0.3195284903049469 0.8400478680604384 89.0 9.433981132056603
24 75.33097076416016 2.145997916551561 -0.27481454610824585 0.7204388713912865 80.0 8.94427190999916
25 81.66439819335938 1.9981602217644747 -0.2558930516242981 0.667765944014707 85.0 9.219544457292887
26 96.64732360839844 2.131350878852566 -0.2613905668258667 0.6904806949127674 96.0 9.797958971132712
27 116.82785034179688 3.1205759946675498 -0.28101450204849243 0.7120845428621818 111.0 10.535653752852738
28 198.10995483398438 9.15121828046219 -0.22953268885612488 0.5745838429965122 201.0 14.177446878757825
29 92.49724578857422 4.031770635880139 -0.4207202196121216 1.0623415435634729 96.0 9.797958971132712
30 36.056129455566406 1.4983379516148052 -0.19306190311908722 0.48734855856877696 34.0 5.830951894845301
31 42.11791229248047 1.365959088646941 -0.16182830929756165 0.4209826359954098 50.0 7.0710678118654755
32 52.83640670776367 1.5280994729790642 -0.13018840551376343 0.33807072589874937 49.0 7.0
33 63.42467498779297 1.6698315887049273 -0.1087055653333664 0.27393435645959335 72.0 8.48528137423857
34 178.2946014404297 4.993937687075694 -0.17932341992855072 0.45363625411555886 170.0 13.038404810405298
35 60.67729187011719 3.2756255132501555 -0.44627663493156433 1.2298216367444128 72.0 8.48528137423857
36 40.13246154785156 1.7224121336089517 -0.2434999793767929 0.639626826211278 41.0 6.4031242374328485
37 54.29566955566406 1.8937224858610158 -0.1716463565826416 0.4443455409596061 57.0 7.54983443527075
38 73.17324829101562 2.0720250437031087 -0.11871647089719772 0.3062190772459362 73.0 8.54400374531753
39 99.67530822753906 2.3470859863108386 -0.07966281473636627 0.20208991812636468 111.0 10.53565375285274
40 181.9132537841797 4.502102872039796 -0.0982787162065506 0.2818573265568894 202.0 14.212670403551895
41 45.940208435058594 3.7911725758292025 -0.2573017477989197 1.4117433256289378 44.0 6.6332495807108
42 30.37962532043457 1.2015512023831638 -0.2809045910835266 1.5937478704321433 31.0 5.5677643628300215
43 27.847728729248047 0.955616434085255 -0.24992233514785767 1.5284488152617814 19.0 4.358898943540674
44 28.98318862915039 1.0005125889935993 -0.2240174412727356 1.3794705572905912 27.0 5.196152422706632
45 32.19120407104492 0.9841763130020684 -0.19425174593925476 1.1787148259608313 29.0 5.385164807134504
46 37.57166290283203 1.1066900700192408 -0.1815907061100006 1.1312214420234548 35.0 5.916079783099616
47 44.7711181640625 1.454642742050293 -0.19523119926452637 1.0528172459645324 52.0 7.211102550927978
48 60.983612060546875 4.009717388801578 -0.15990599989891052 0.8148348731668651 52.0 7.211102550927978
49 25.8740234375 1.7955455195130186 -0.2904720902442932 1.5542666544802306 27.0 5.196152422706632
50 12.349133491516113 0.7003076354704452 -0.1322532594203949 0.7427766664211628 7.0 2.6457513110645907
51 14.474309921264648 0.635270997426648 -0.10545095801353455 0.5855149158567651 14.0 3.7416573867739413
52 19.201335906982422 0.7619997134260478 -0.07721266895532608 0.4230437661938183 8.0 2.8284271247461903
53 23.861797332763672 0.8442427053942827 -0.06047256663441658 0.33437260533559365 19.0 4.358898943540674
54 63.823978424072266 2.095374129362797 -0.07229278236627579 0.33502012916223417 55.0 7.416198487095663
55 11.834663391113281 0.9776828572290421 -0.2002372145652771 1.0364729984547394 9.0 3.0
56 8.550745010375977 0.6639459234914822 -0.09168606996536255 0.4323917082939318 3.0 1.7320508075688772
57 11.381845474243164 0.5501877310157129 -0.06439711898565292 0.33299970938689155 13.0 3.605551275463989
58 15.99686050415039 0.6772044369324592 -0.04193738102912903 0.21920505639997254 16.0 4.0
59 23.308284759521484 0.9154807251307858 -0.019221246242523193 0.06260238196396298 27.0 5.196152422706632
60 50.4702033996582 1.4948507857879387 -0.020183423534035683 0.06105571895960758 43.0 6.557438524302
