1 929.757568359375 17.942815553194027 -1.0449272394180298 1.310641593724831 959.0 30.967725134404045
2 440.4890441894531 10.033672387174645 -0.9828364849090576 1.2337483520827686 456.0 21.354156504062622
3 330.819580078125 7.939528202704885 -0.7662972211837769 0.9577289690205953 335.0 18.303005217723125
4 293.193603515625 7.327261856229776 -0.6247065663337708 0.777463834165481 281.0 16.76305461424021
5 309.1048583984375 7.241615528850394 -0.5785025358200073 0.7184165495464885 312.0 17.663521732655695
6 385.030517578125 8.349980407337673 -0.6564254760742188 0.818283493983787 381.0 19.519221295943137
7 540.0340576171875 9.643289886568816 -0.7213714122772217 0.9034497942302755 590.0 24.289915602982237
8 1065.743896484375 18.843017131488697 -0.7584341168403625 0.9455850294764473 1098.0 33.13608305156178
9 539.040771484375 12.174285433501492 -1.224318027496338 1.5341790505142228 530.0 23.021728866442675
10 173.7307586669922 5.21111256694038 -0.540829062461853 0.6693406196102738 180.0 13.416407864998739
11 172.67630004882812 4.790398268368911 -0.41214409470558167 0.5211173371813687 158.0 12.569805089976535
12 208.52566528320312 5.068004201082222 -0.3458111584186554 0.43761496786269605 213.0 14.594519519326424
13 265.9170837402344 6.23397111806933 -0.33942729234695435 0.41726583162577724 249.0 15.7797338380595
14 868.193603515625 13.562506365266074 -0.5892130136489868 0.7384722015953614 848.0 29.120439557122072
15 304.39227294921875 9.630779741662261 -1.1739656925201416 1.4882893015397802 308.0 17.549928774784245
16 263.11297607421875 8.208229486222388 -1.0123944282531738 1.2657231967078861 251.0 15.842979517754861
17 383.09881591796875 8.76422721490419 -0.8437407612800598 1.0652028785381729 405.0 20.12461179749811
18 507.9222412109375 9.729517700439269 -0.6081359386444092 0.7663445933097086 548.0 23.40939982143925
19 575.214111328125 10.037953507327193 -0.41338810324668884 0.5104335416728064 589.0 24.269322199023193
20 761.8978271484375 12.513408343788521 -0.3853691518306732 0.4775814274909698 716.0 26.758176320519304
21 235.77127075195312 5.838840935914281 -0.5868893265724182 0.7676474408986096 229.0 15.132745950421556
22 118.57038879394531 3.312200463738432 -0.5307036638259888 0.6851935214461704 112.0 10.583005244258363
23 92.09831237792969 2.389631354612201 -0.44228214025497437 0.5821405112933135 100.0 10.0
24 87.19639587402344 2.175605152464353 -0.37257668375968933 0.484063257903544 89.0 9.433981132056603
25 94.6475830078125 2.2091965119879267 -0.34434211254119873 0.4463323717930104 107.0 10.344080432788601
26 113.3734130859375 2.690455057544595 -0.35217830538749695 0.4569300747369565 122.0 11.045361017187261
27 160.627197265625 3.946495508528018 -0.39015012979507446 0.5024168835296008 149.0 12.206555615733702
28 285.7615966796875 6.466735858928949 -0.4264432191848755 0.5621438273021734 282.0 16.792855623746664
29 125.83134460449219 3.97138255935671 -0.7272123098373413 0.9415340271164551 154.0 12.409673645990857
30 47.83518981933594 1.495822746302084 -0.29962193965911865 0.3844748132099565 48.0 6.92820323027551
31 51.29084014892578 1.4607468020703664 -0.23535338044166565 0.3111903621820649 46.0 6.782329983125268
32 64.05662536621094 1.6551301649208388 -0.18877950310707092 0.24975034836815774 62.0 7.874007874011811
33 84.3948974609375 1.9527380176268805 -0.1588420569896698 0.19965879947271545 84.0 9.16515138991168
34 246.99078369140625 4.581282134120951 -0.3048040270805359 0.39120732027169547 240.0 15.491933384829668
35 70.0334701538086 3.3618233053324635 -0.5758472681045532 0.7490341837328471 56.0 7.483314773547883
36 64.5220718383789 2.533225687344011 -0.4424668252468109 0.5711885876030304 57.0 7.54983443527075
37 88.09048461914062 2.2712615430043765 -0.3331260681152344 0.42348771487592185 98.0 9.899494936611665
38 120.39042663574219 2.3773846256879496 -0.22679239511489868 0.28001792125774355 120.0 10.954451150103322
39 155.80685424804688 3.2140084687079393 -0.14850521087646484 0.18580479849338477 152.0 12.328828005937952
40 215.31314086914062 4.553829988064727 -0.1308767944574356 0.1691402075269358 235.0 15.329709716755893
41 62.300994873046875 2.2916260139445743 -0.45220136642456055 0.997099814325676 73.0 8.54400374531753
42 40.619972229003906 1.2500777670187102 -0.3926585912704468 0.9031992790820982 44.0 6.6332495807108
43 32.24363708496094 0.9461575682121312 -0.3106842041015625 0.7504462777658922 23.0 4.795831523312719
44 31.90909194946289 0.8536851164666482 -0.2670026421546936 0.6655944920423797 26.0 5.0990195135927845
45 35.96015930175781 0.8559180379331505 -0.24184398353099823 0.6108183468424476 27.0 5.196152422706632
46 43.39560317993164 1.1011196475093332 -0.2335800975561142 0.555473660844645 42.0 6.48074069840786
47 58.44176483154297 1.528454204372951 -0.2652883231639862 0.6002245398191008 52.0 7.211102550927979
48 85.87034606933594 2.4288215730592526 -0.2817930281162262 0.5917386263598001 74.0 8.602325267042627
49 30.9598331451416 1.405243137390474 -0.45922499895095825 0.9812510800689782 31.0 5.567764362830022
50 15.18812370300293 0.6044321614835886 -0.18700551986694336 0.43356083296792874 11.0 3.3166247903554003
51 17.506044387817383 0.5233908101953142 -0.13413351774215698 0.3095810191214909 18.0 4.242640687119285
52 23.250377655029297 1.2021095681813605 -0.10021988302469254 0.23447023817482107 24.0 4.898979485566356
53 31.60472297668457 0.9236266578178928 -0.08394725620746613 0.19887288561696972 28.0 5.291502622129181
54 83.47677612304688 2.0134523946120906 -0.12590479850769043 0.24472730258854078 70.0 8.366600265340756
55 15.512681007385254 1.2121593321373707 -0.2688634693622589 0.528027145402313 14.0 3.7416573867739413
56 13.508056640625 0.6600632686067656 -0.16058528423309326 0.32809703338900215 9.0 3.0
57 18.676158905029297 0.6906100527387068 -0.1102379709482193 0.23303107439164597 12.0 3.4641016151377544
58 26.792606353759766 0.7738688089186113 -0.0713270902633667 0.1544230893419096 33.0 5.744562646538029
59 36.85192108154297 1.0772425303244055 -0.038659319281578064 0.06973790516804326 20.0 4.47213595499958
60 59.83062744140625 1.724399872571697 -0.02650936134159565 0.029552073328540557 54.0 7.3484692283495345
