1 0.0 0.0 0.0 0.0 0.0 0.0
2 588.525390625 19.480382670719344 -6.4745025634765625 3.742117116109672 585.0 24.186773244895647
3 331.2342529296875 10.517886973650247 -7.839029312133789 4.538035008672793 343.0 18.520259177452136
4 264.1210632324219 7.907754420738083 -7.0502610206604 4.113501080014687 267.0 16.34013463836819
5 253.14846801757812 7.931729923927378 -6.820562839508057 3.8853667631229376 253.0 15.905973720586866
6 271.66015625 7.677268401118339 -7.358487129211426 4.209900798424813 257.0 16.0312195418814
7 316.58953857421875 8.53202937319264 -8.777034759521484 5.077473524520111 312.0 17.663521732655695
8 403.32391357421875 11.242112956917381 -9.852527618408203 5.787361922822412 385.0 19.621416870348583
9 661.7302856445312 22.34829980461107 -8.804550170898438 5.052760250283039 657.0 25.632011235952593
10 357.7623291015625 11.590877719802224 -5.897604942321777 3.398680437766 329.0 18.138357147217054
11 131.86997985839844 4.966010604944431 -3.5771231651306152 2.0439890495986 130.0 11.40175425099138
12 145.97540283203125 5.416621387636895 -3.778900146484375 2.1623329831939806 129.0 11.357816691600547
13 173.26866149902344 5.509154185257286 -4.566539287567139 2.6133100980317447 166.0 12.884098726725126
14 201.19384765625 6.446571829314544 -5.581238746643066 3.194280629630081 195.0 13.96424004376894
15 579.2251586914062 12.902448870495627 -12.024419784545898 6.884309977457665 521.0 22.825424421026653
16 272.03973388671875 9.633094323646509 -4.71439266204834 2.812240660095729 268.0 16.3707055437449
17 178.6059112548828 7.10001910385309 -3.5128884315490723 2.086620446607586 171.0 13.076696830622021
18 238.10208129882812 7.386436047814258 -4.826539993286133 2.8320406947992103 230.0 15.165750888103101
19 316.51544189453125 8.468037447443326 -6.773031234741211 3.9516601459160086 315.0 17.74823934929885
20 393.23114013671875 9.709006941221244 -9.396120071411133 5.555134773005317 376.0 19.390719429665317
21 665.3579711914062 16.18825148499707 -15.367531776428223 9.025314038481831 657.0 25.632011235952593
22 176.61978149414062 10.35229589858011 -4.081807613372803 2.3496290726575193 185.0 13.601470508735444
23 93.01361846923828 3.221274632330086 -4.9489641189575195 2.870171893883844 90.0 9.486832980505138
24 81.93936920166016 2.4742146564624576 -4.407330513000488 2.537818000446635 89.0 9.433981132056603
25 77.87481689453125 2.5016007115735572 -4.264997959136963 2.4639971140662285 80.0 8.94427190999916
26 84.55368041992188 2.3813215080175745 -4.595458984375 2.6637429416558196 85.0 9.219544457292887
27 100.62903594970703 2.6883729795227866 -5.443236827850342 3.1317806632547676 96.0 9.797958971132712
28 122.59571838378906 3.8716088538469173 -6.548521995544434 3.742788794445678 111.0 10.535653752852738
29 203.02090454101562 9.35766231317948 -5.676243305206299 3.3193952298906524 201.0 14.177446878757825
30 94.6929931640625 4.163390189728336 -3.141666889190674 1.830256466523327 96.0 9.797958971132712
31 37.49504089355469 1.6551007218034728 -1.830716609954834 1.0542286522994913 34.0 5.830951894845301
32 43.71971130371094 1.5930914037699224 -2.180222749710083 1.2719793854341488 50.0 7.0710678118654755
33 55.109703063964844 1.8814321377854162 -2.7400951385498047 1.5940369424587129 49.0 7.0
34 66.49201965332031 2.1140462714357486 -3.321340560913086 1.90543855840595 72.0 8.48528137423857
35 183.71226501464844 5.40600172631723 -7.4204511642456055 4.286169826262422 170.0 13.038404810405298
36 61.8658561706543 3.331274272788498 -1.6214126348495483 0.9588504717303566 72.0 8.48528137423857
37 41.069419860839844 1.8032056068119668 -1.3131992816925049 0.7497665602441606 41.0 6.4031242374328485
38 56.14014434814453 2.1307088001813344 -1.9745097160339355 1.1270903267499182 57.0 7.54983443527075
39 76.03996276855469 2.454800996311242 -2.89169979095459 1.6654006674569817 73.0 8.54400374531753
40 103.58702850341797 2.874354503990414 -4.174645900726318 2.4304854940536518 111.0 10.53565375285274
41 188.13214111328125 5.239092748723286 -7.75172233581543 4.596218004337044 202.0 14.212670403551895
42 47.5970344543457 3.8650795348712275 -3.064026355743408 2.0425811984265536 44.0 6.6332495807108
43 32.22874450683594 1.4613598011463576 -3.6329751014709473 2.35224037879567 31.0 5.5677643628300215
44 29.3895263671875 1.1365033342017385 -3.259018898010254 2.0857093920846377 19.0 4.358898943540674
45 30.521379470825195 1.2213857325849717 -3.374844551086426 2.1201788608822976 27.0 5.196152422706632
46 33.98069381713867 1.2621614975330706 -3.9294352531433105 2.481266266376744 29.0 5.385164807134504
47 39.884674072265625 1.459310440109006 -4.550825119018555 2.946265714106446 35.0 5.916079783099616
48 47.76445388793945 1.9240338379014046 -5.271522045135498 3.516596736109121 52.0 7.211102550927978
49 63.53004455566406 4.136064524619651 -4.920219421386719 3.3947173804918385 52.0 7.211102550927978
50 26.654321670532227 1.8461153794002085 -1.356940507888794 0.8550649311878727 27.0 5.196152422706632
51 12.977320671081543 0.7738242602342108 -1.0897095203399658 0.6640242521427281 7.0 2.6457513110645907
52 15.382852554321289 0.7681960346821027 -1.3708322048187256 0.8288696532314582 14.0 3.7416573867739413
53 20.511341094970703 0.9638159743916123 -1.9034502506256104 1.1799051461821992 8.0 2.8284271247461903
54 25.577484130859375 1.0936855202281817 -2.459998607635498 1.54630158967606 19.0 4.358898943540674
55 66.64251708984375 2.3377831681016743 -5.47548770904541 3.6563083739527906 55.0 7.416198487095663
56 12.148703575134277 1.0074317645351083 -0.39354830980300903 0.23880160483372498 9.0 3.0
57 8.918431282043457 0.6947349807422848 -0.3495979607105255 0.20263793955808737 3.0 1.7320508075688772
58 12.083488464355469 0.6553644814041043 -0.73518967628479 0.4508649324065945 13.0 3.605551275463989
59 17.095338821411133 0.8390571573355208 -1.1531553268432617 0.7057729909749694 16.0 4.0
60 24.732295989990234 1.1020820396829678 -1.6760122776031494 1.0209679562807794 27.0 5.196152422706632
