1 1.0000 0.9815 0.7340 0.7340
2 1.0000 0.9998 0.9814 0.9814
3 1.0000 1.0000 1.0000 1.0000
4 1.0000 1.0000 1.0000 1.0000
5 1.0000 1.0000 1.0000 1.0000
6 1.0000 1.0000 0.9995 0.9995
7 1.0000 0.9999 0.9685 0.9685
8 1.0000 0.9734 0.7219 0.7219
9 1.0000 0.9881 0.7413 0.7413
10 1.0000 1.0000 0.9547 0.9547
11 1.0000 1.0000 1.0002 1.0002
12 1.0000 1.0000 1.0000 1.0000
13 1.0000 1.0000 0.9503 0.9503
14 1.0000 0.9859 0.7235 0.7235
15 1.0000 0.9901 0.4531 0.4527
16 1.0000 1.0000 0.6981 0.6981
17 1.0000 1.0000 0.7793 0.7793
18 1.0000 1.0000 0.7773 0.7773
19 1.0000 1.0000 0.7222 0.7222
20 1.0000 0.9845 0.3872 0.3873
21 1.0000 0.9863 0.7494 0.7494
22 1.0000 1.0000 0.9639 0.9639
23 1.0000 1.0000 0.9996 0.9996
24 1.0000 1.0000 1.0000 1.0000
25 1.0000 1.0000 1.0000 1.0000
26 1.0000 1.0000 0.9993 0.9993
27 1.0000 1.0000 0.9669 0.9669
28 1.0000 0.9880 0.7168 0.7168
29 1.0000 0.9950 0.7332 0.7332
30 1.0000 1.0000 0.9496 0.9496
31 1.0000 1.0000 1.0003 1.0003
32 1.0000 1.0000 1.0000 1.0000
33 1.0000 1.0000 0.9476 0.9476
34 1.0000 0.9929 0.7237 0.7237
35 1.0000 0.9942 0.5287 0.5287
36 1.0000 1.0000 0.7636 0.7636
37 1.0000 1.0000 0.7750 0.7750
38 1.0000 1.0000 0.7709 0.7709
39 1.0000 1.0000 0.7706 0.7706
40 1.0000 0.9933 0.4554 0.4554
41 1.0000 0.9931 0.7271 0.7271
42 1.0000 1.0000 0.9737 0.9737
43 1.0000 1.0000 1.0000 1.0000
44 1.0000 1.0000 1.0000 1.0000
45 1.0000 1.0000 1.0000 1.0000
46 1.0000 1.0000 0.9996 0.9996
47 1.0000 1.0000 0.9705 0.9705
48 1.0000 0.9945 0.7132 0.7132
49 1.0000 0.9972 0.7355 0.7355
50 1.0000 1.0000 0.9524 0.9524
51 1.0000 1.0000 1.0000 1.0000
52 1.0000 1.0000 1.0000 1.0000
53 1.0000 1.0000 0.9519 0.9519
54 1.0000 0.9968 0.7212 0.7212
55 1.0000 0.9946 0.6361 0.6361
56 1.0000 1.0000 0.7910 0.7910
57 1.0000 1.0000 0.7987 0.7987
58 1.0000 1.0000 0.7473 0.7473
59 1.0000 1.0000 0.7813 0.7813
60 1.0000 0.9975 0.5605 0.5605
