1 1.0000 0.9765 0.7555 0.7555
2 1.0000 1.0000 0.9716 0.9716
3 1.0000 1.0000 1.0001 1.0001
4 1.0000 1.0000 1.0000 1.0000
5 1.0000 1.0000 1.0000 1.0000
6 1.0000 1.0000 0.9999 0.9999
7 1.0000 1.0002 0.9679 0.9679
8 1.0000 0.9742 0.7235 0.7235
9 1.0000 0.9859 0.7257 0.7257
10 1.0000 1.0000 0.9591 0.9591
11 1.0000 1.0000 1.0000 1.0000
12 1.0000 1.0000 1.0000 1.0000
13 1.0000 1.0000 0.9370 0.9370
14 1.0000 0.9837 0.7274 0.7274
15 1.0000 0.9890 0.4301 0.4301
16 1.0000 1.0000 0.7548 0.7548
17 1.0000 1.0000 0.7935 0.7935
18 1.0000 1.0000 0.7832 0.7832
19 1.0000 1.0000 0.7172 0.7172
20 1.0000 0.9848 0.3912 0.3910
21 1.0000 0.9855 0.7223 0.7223
22 1.0000 1.0000 0.9703 0.9703
23 1.0000 1.0000 0.9995 0.9995
24 1.0000 1.0000 1.0000 1.0000
25 1.0000 1.0000 1.0000 1.0000
26 1.0000 1.0000 1.0000 1.0000
27 1.0000 1.0000 0.9670 0.9670
28 1.0000 0.9868 0.7144 0.7144
29 1.0000 0.9962 0.7231 0.7231
30 1.0000 1.0000 0.9502 0.9502
31 1.0000 1.0000 1.0000 1.0000
32 1.0000 1.0000 1.0000 1.0000
33 1.0000 1.0000 0.9485 0.9485
34 1.0000 0.9916 0.7301 0.7301
35 1.0000 0.9947 0.5192 0.5192
36 1.0000 1.0000 0.7621 0.7621
37 1.0000 1.0000 0.7807 0.7807
38 1.0000 1.0000 0.7697 0.7697
39 1.0000 1.0000 0.7680 0.7680
40 1.0000 0.9933 0.4556 0.4556
41 1.0000 0.9897 0.7072 0.7072
42 1.0000 1.0000 0.9725 0.9725
43 1.0000 1.0000 0.9989 0.9989
44 1.0000 1.0000 1.0000 1.0000
45 1.0000 1.0000 1.0000 1.0000
46 1.0000 1.0000 1.0000 1.0000
47 1.0000 1.0000 0.9692 0.9692
48 1.0000 0.9949 0.7102 0.7102
49 1.0000 0.9983 0.7294 0.7294
50 1.0000 1.0000 0.9654 0.9654
51 1.0000 1.0000 1.0000 1.0000
52 1.0000 1.0000 1.0000 1.0000
53 1.0000 1.0000 0.9544 0.9544
54 1.0000 0.9962 0.7142 0.7142
55 1.0000 0.9976 0.6350 0.6350
56 1.0000 1.0000 0.7790 0.7790
57 1.0000 1.0000 0.7711 0.7711
58 1.0000 1.0000 0.7633 0.7633
59 1.0000 1.0000 0.7901 0.7901
60 1.0000 0.9954 0.5676 0.5676
