1 1.0000 0.9559 0.6643 0.6643
2 1.0000 1.0000 0.9645 0.9645
3 1.0000 1.0000 0.9970 0.9970
4 1.0000 1.0000 1.0000 1.0000
5 1.0000 1.0000 1.0000 1.0000
6 1.0000 1.0000 1.0000 1.0000
7 1.0000 0.9999 0.9630 0.9630
8 1.0000 0.9713 0.7070 0.7070
9 1.0000 0.9914 0.7675 0.7675
10 1.0000 1.0000 0.9610 0.9610
11 1.0000 1.0000 1.0000 1.0000
12 1.0000 1.0000 1.0000 1.0000
13 1.0000 1.0000 0.9430 0.9430
14 1.0000 0.9849 0.7172 0.7172
15 1.0000 0.9959 0.4645 0.4645
16 1.0000 1.0000 0.7202 0.7202
17 1.0000 1.0000 0.7750 0.7750
18 1.0000 1.0000 0.7930 0.7930
19 1.0000 1.0000 0.7237 0.7237
20 1.0000 0.9848 0.3822 0.3822
21 1.0000 0.9883 0.7226 0.7226
22 1.0000 1.0000 0.9734 0.9734
23 1.0000 1.0000 0.9993 0.9993
24 1.0000 1.0000 1.0000 1.0000
25 1.0000 1.0000 1.0000 1.0000
26 1.0000 1.0000 1.0003 1.0003
27 1.0000 1.0000 0.9656 0.9656
28 1.0000 0.9898 0.7195 0.7195
29 1.0000 1.0001 0.7555 0.7555
30 1.0000 1.0000 0.9621 0.9621
31 1.0000 1.0000 1.0000 1.0000
32 1.0000 1.0000 1.0000 1.0000
33 1.0000 1.0000 0.9411 0.9411
34 1.0000 0.9938 0.7324 0.7324
35 1.0000 0.9917 0.5116 0.5116
36 1.0000 1.0000 0.7587 0.7587
37 1.0000 1.0000 0.7686 0.7686
38 1.0000 1.0000 0.7878 0.7878
39 1.0000 1.0000 0.7797 0.7797
40 1.0000 0.9933 0.4536 0.4536
41 1.0000 0.9940 0.7261 0.7261
42 1.0000 1.0000 0.9887 0.9887
43 1.0000 1.0000 1.0000 1.0000
44 1.0000 1.0000 1.0000 1.0000
45 1.0000 1.0000 1.0000 1.0000
46 1.0000 1.0000 1.0000 1.0000
47 1.0000 1.0000 0.9615 0.9615
48 1.0000 0.9960 0.7347 0.7347
49 1.0000 0.9942 0.7518 0.7518
50 1.0000 1.0000 0.9428 0.9428
51 1.0000 1.0000 1.0000 1.0000
52 1.0000 1.0000 1.0000 1.0000
53 1.0000 1.0000 0.9485 0.9485
54 1.0000 0.9966 0.7154 0.7154
55 1.0000 0.9966 0.6435 0.6435
56 1.0000 1.0000 0.7898 0.7898
57 1.0000 1.0000 0.7844 0.7844
58 1.0000 1.0000 0.7728 0.7728
59 1.0000 1.0000 0.7775 0.7775
60 1.0000 0.9957 0.5603 0.5603
