1 1.0000 0.9840 0.8391 0.8391
2 1.0000 1.0000 0.9978 0.9978
3 1.0000 1.0000 1.0000 1.0000
4 1.0000 1.0000 1.0000 1.0000
5 1.0000 1.0000 0.9997 0.9997
6 1.0000 1.0000 0.9994 0.9994
7 1.0000 1.0000 0.9983 0.9983
8 1.0000 0.9698 0.8456 0.8456
9 1.0000 0.9787 0.8672 0.8672
10 1.0000 1.0000 1.0000 1.0000
11 1.0000 1.0000 1.0000 1.0000
12 1.0000 1.0000 1.0000 1.0000
13 1.0000 1.0000 0.9996 0.9996
14 1.0000 0.9852 0.8028 0.8028
15 1.0000 0.9926 0.3791 0.3791
16 1.0000 1.0000 0.8389 0.8389
17 1.0000 1.0000 0.9709 0.9709
18 1.0000 1.0000 0.9639 0.9639
19 1.0000 1.0000 0.8287 0.8287
20 1.0000 0.9839 0.3257 0.3256
21 1.0000 0.9894 0.8396 0.8396
22 1.0000 1.0000 0.9992 0.9992
23 1.0000 1.0000 0.9998 0.9998
24 1.0000 1.0000 1.0000 1.0000
25 1.0000 1.0000 0.9998 0.9998
26 1.0000 1.0000 0.9999 0.9999
27 1.0000 0.9999 0.9993 0.9993
28 1.0000 0.9884 0.8548 0.8548
29 1.0000 0.9900 0.8565 0.8565
30 1.0000 1.0000 1.0000 1.0000
31 1.0000 1.0000 1.0000 1.0000
32 1.0000 1.0000 1.0000 1.0000
33 1.0000 1.0000 1.0000 1.0000
34 1.0000 0.9924 0.8080 0.8080
35 1.0000 0.9958 0.4494 0.4494
36 1.0000 1.0000 0.9146 0.9146
37 1.0000 1.0000 0.9828 0.9828
38 1.0000 1.0000 0.9802 0.9802
39 1.0000 1.0000 0.9147 0.9147
40 1.0000 0.9916 0.3908 0.3908
41 1.0000 0.9943 0.8533 0.8533
42 1.0000 1.0000 0.9982 0.9982
43 1.0000 1.0000 0.9993 0.9993
44 1.0000 1.0000 0.9996 0.9996
45 1.0000 1.0000 0.9994 0.9994
46 1.0000 1.0000 0.9996 0.9996
47 1.0000 1.0000 0.9992 0.9992
48 1.0000 0.9934 0.8542 0.8542
49 1.0000 0.9957 0.8358 0.8358
50 1.0000 1.0000 1.0000 1.0000
51 1.0000 1.0000 1.0000 1.0000
52 1.0000 1.0000 1.0000 1.0000
53 1.0000 1.0000 1.0000 1.0000
54 1.0000 0.9970 0.8102 0.8102
55 1.0000 0.9973 0.5720 0.5720
56 1.0000 1.0000 0.9911 0.9911
57 1.0000 1.0000 0.9995 0.9995
58 1.0000 1.0000 0.9993 0.9993
59 1.0000 1.0000 0.9797 0.9797
60 1.0000 0.9968 0.4827 0.4827
