1 1.0000 0.9820 0.8760 0.8760
2 1.0000 1.0000 0.9992 0.9992
3 1.0000 1.0000 1.0000 1.0000
4 1.0000 1.0000 1.0000 1.0000
5 1.0000 1.0000 1.0000 1.0000
6 1.0000 1.0000 1.0000 1.0000
7 1.0000 1.0000 0.9990 0.9990
8 1.0000 0.9716 0.8408 0.8408
9 1.0000 0.9868 0.8114 0.8114
10 1.0000 1.0000 1.0000 1.0000
11 1.0000 1.0000 1.0000 1.0000
12 1.0000 1.0000 1.0000 1.0000
13 1.0000 1.0000 1.0000 1.0000
14 1.0000 0.9836 0.7995 0.7995
15 1.0000 0.9890 0.3727 0.3727
16 1.0000 1.0000 0.8441 0.8441
17 1.0000 1.0000 0.9668 0.9668
18 1.0000 1.0000 0.9619 0.9619
19 1.0000 1.0000 0.8335 0.8335
20 1.0000 0.9810 0.3273 0.3273
21 1.0000 0.9865 0.8560 0.8560
22 1.0000 1.0000 0.9979 0.9979
23 1.0000 1.0000 0.9997 0.9997
24 1.0000 1.0000 1.0000 1.0000
25 1.0000 1.0000 0.9996 0.9996
26 1.0000 1.0000 0.9998 0.9998
27 1.0000 1.0000 0.9997 0.9997
28 1.0000 0.9864 0.8543 0.8543
29 1.0000 0.9946 0.8427 0.8427
30 1.0000 1.0000 1.0005 1.0005
31 1.0000 1.0000 1.0000 1.0000
32 1.0000 1.0000 1.0000 1.0000
33 1.0000 1.0000 1.0000 1.0000
34 1.0000 0.9924 0.8125 0.8125
35 1.0000 0.9943 0.4544 0.4544
36 1.0000 1.0000 0.9283 0.9283
37 1.0000 1.0000 0.9869 0.9869
38 1.0000 1.0000 0.9859 0.9859
39 1.0000 1.0000 0.9158 0.9158
40 1.0000 0.9914 0.3871 0.3871
41 1.0000 0.9934 0.8443 0.8443
42 1.0000 1.0000 0.9993 0.9993
43 1.0000 1.0000 1.0000 1.0000
44 1.0000 1.0000 1.0001 1.0001
45 1.0000 1.0000 0.9999 0.9999
46 1.0000 1.0000 0.9998 0.9998
47 1.0000 1.0000 0.9993 0.9993
48 1.0000 0.9937 0.8546 0.8546
49 1.0000 0.9995 0.8546 0.8546
50 1.0000 1.0000 1.0000 1.0000
51 1.0000 1.0000 1.0000 1.0000
52 1.0000 1.0000 1.0000 1.0000
53 1.0000 1.0000 1.0000 1.0000
54 1.0000 0.9967 0.8129 0.8129
55 1.0000 0.9986 0.5735 0.5735
56 1.0000 1.0000 0.9895 0.9895
57 1.0000 1.0000 0.9989 0.9989
58 1.0000 1.0000 0.9993 0.9993
59 1.0000 1.0000 0.9801 0.9801
60 1.0000 0.9966 0.4796 0.4796
