1 1.0000 0.9633 0.9044 0.9044
2 1.0000 1.0000 0.9963 0.9963
3 1.0000 1.0000 1.0000 1.0000
4 1.0000 1.0000 1.0000 1.0000
5 1.0000 1.0000 1.0000 1.0000
6 1.0000 1.0000 0.9996 0.9996
7 1.0000 0.9997 0.9997 0.9997
8 1.0000 0.9683 0.8574 0.8574
9 1.0000 0.9870 0.8466 0.8466
10 1.0000 1.0000 1.0000 1.0000
11 1.0000 1.0000 1.0000 1.0000
12 1.0000 1.0000 1.0000 1.0000
13 1.0000 1.0000 1.0000 1.0000
14 1.0000 0.9881 0.8259 0.8259
15 1.0000 0.9854 0.4047 0.4047
16 1.0000 1.0000 0.8332 0.8332
17 1.0000 1.0000 0.9701 0.9701
18 1.0000 1.0000 0.9619 0.9619
19 1.0000 1.0000 0.8434 0.8434
20 1.0000 0.9854 0.3287 0.3288
21 1.0000 0.9972 0.8322 0.8322
22 1.0000 1.0000 1.0010 1.0010
23 1.0000 1.0000 1.0000 1.0000
24 1.0000 1.0000 1.0000 1.0000
25 1.0000 1.0000 0.9997 0.9997
26 1.0000 1.0000 0.9994 0.9994
27 1.0000 1.0000 0.9997 0.9997
28 1.0000 0.9861 0.8488 0.8488
29 1.0000 0.9921 0.8441 0.8441
30 1.0000 1.0000 1.0000 1.0000
31 1.0000 1.0000 1.0000 1.0000
32 1.0000 1.0000 1.0000 1.0000
33 1.0000 1.0000 1.0003 1.0003
34 1.0000 0.9941 0.8236 0.8236
35 1.0000 0.9956 0.4306 0.4306
36 1.0000 1.0000 0.9300 0.9300
37 1.0000 1.0000 0.9813 0.9813
38 1.0000 1.0000 0.9834 0.9834
39 1.0000 1.0000 0.9111 0.9111
40 1.0000 0.9914 0.3869 0.3869
41 1.0000 0.9909 0.9021 0.9021
42 1.0000 1.0000 1.0003 1.0003
43 1.0000 1.0000 0.9991 0.9991
44 1.0000 1.0000 1.0000 1.0000
45 1.0000 1.0000 1.0000 1.0000
46 1.0000 1.0000 0.9992 0.9992
47 1.0000 1.0000 0.9997 0.9997
48 1.0000 0.9949 0.8534 0.8534
49 1.0000 0.9984 0.8518 0.8518
50 1.0000 1.0000 1.0000 1.0000
51 1.0000 1.0000 1.0000 1.0000
52 1.0000 1.0000 1.0000 1.0000
53 1.0000 1.0000 1.0000 1.0000
54 1.0000 0.9978 0.8104 0.8104
55 1.0000 0.9969 0.5213 0.5213
56 1.0000 1.0000 0.9943 0.9943
57 1.0000 1.0000 1.0009 1.0009
58 1.0000 1.0000 0.9994 0.9994
59 1.0000 1.0000 0.9797 0.9797
60 1.0000 0.9959 0.4870 0.4870
