0.617086 0.339064
-0.297218 -0.375169
-0.509833 -0.581769
0.791880 1.352893
1.840487 1.234423
-0.430172 -0.366550
-0.698047 -0.444251
1.226449 1.623327
1.478492 1.709074
0.089112 0.193880
-1.494304 -0.661840
1.864767 1.606479
-0.399189 -0.592869
-0.516247 -0.344386
-1.358985 -2.156771
-1.277690 -0.476237
-0.484769 -0.608915
-1.201259 -0.310931
-0.593907 -0.501775
-1.183058 -1.260123
-0.474126 -0.516675
0.584506 0.818778
-2.400442 -1.625784
-0.482323 -0.473254
-1.258689 -1.339510
1.530892 1.808630
-1.052980 -1.128934
0.870148 0.687499
-0.117090 -0.124162
-0.913121 -0.459975
-0.330980 -0.567576
-0.171972 -0.093223
-0.328800 -0.704973
-0.305773 -0.364225
3.981140 2.164152
-2.295768 -0.843069
0.285370 0.123800
0.983658 1.582573
-0.484540 -0.576867
-0.194079 -0.147342
-0.440634 -0.757434
-0.888768 -0.746534
1.983712 1.658604
1.096410 1.059262
-0.368241 -0.112563
-2.703328 -1.754682
0.274991 0.272527
0.923908 1.376632
1.290732 1.261252
-0.668701 -0.572337
