0.023939 0.065674
-0.160142 -0.149243
-0.299114 -0.493028
-0.100158 -0.261009
-0.042652 -0.116421
-0.600968 -0.993900
-0.082387 -0.082035
1.004799 1.248537
-1.930929 -1.268410
1.162265 1.270663
0.117753 0.154461
1.481559 1.633656
-0.528793 -0.924459
0.886420 1.007831
-0.156969 -0.191718
0.071229 0.156087
-0.752839 -0.474659
1.196428 1.038216
-0.903117 -2.506375
-1.317028 -2.456868
-0.651576 -1.036680
-0.112587 -0.244460
-1.282661 -0.843909
-1.203027 -0.669648
1.498668 1.728643
-1.495731 -1.928080
1.082437 1.240595
-0.846817 -1.602435
-0.923636 -2.336822
0.408179 0.427758
0.112064 0.444484
1.872750 1.213870
-0.769138 -0.800664
0.196078 0.457966
-0.519325 -0.322905
-1.679246 -2.344840
-0.780082 -0.785162
-0.854251 -1.163460
0.139967 0.099639
0.341150 0.577202
0.356886 0.893146
0.846875 1.569163
-0.598267 -0.776095
0.855849 1.442417
0.653743 0.944163
-1.819323 -1.432802
0.205206 0.593878
0.116552 0.180655
-0.738422 -0.676937
-1.037044 -0.530142
