-0.714151 -0.425980
-0.980992 -0.611766
1.111569 1.668338
0.010606 0.004847
-2.395520 -1.174168
-0.468207 -0.570703
-0.435934 -0.441904
-0.945482 -1.676143
0.115536 0.084030
-1.102918 -0.398791
0.934180 1.866422
0.766354 1.249320
-0.322463 -0.161500
1.386656 1.087519
-2.235482 -1.454759
0.965764 1.050889
-0.890654 -0.628315
0.575222 0.719524
-0.377730 -0.271438
1.047882 1.063745
-0.537654 -0.534654
-0.026311 -0.003567
-1.342686 -1.054195
-0.694619 -0.737296
-1.335432 -1.543467
0.474373 0.353907
0.449042 0.379049
-0.685347 -0.382494
-0.196292 -0.139429
2.382014 1.813813
-0.320425 -0.225749
-3.108563 -1.277816
-0.748912 -0.329867
-0.189767 -0.517924
-0.246454 -0.108994
-1.602000 -0.239554
-0.516106 -0.194794
1.321498 1.367057
1.042504 0.813645
1.245439 1.623216
0.074746 0.068688
0.985100 0.731515
-1.002793 -0.439159
1.513382 1.231481
-0.590939 -0.240936
-0.584525 -0.539665
3.325602 2.009860
0.077114 0.032746
-1.627624 -2.086522
0.706335 1.683295
