0.242351 1.071320
-0.359706 -1.408824
-0.023954 -0.123922
-0.141588 -1.233948
0.014126 0.112121
0.193928 0.587272
0.078183 0.264251
-0.269029 -0.766817
-0.103898 -0.226690
0.347398 0.649805
-0.011595 -0.045161
-0.259345 -0.680660
0.029020 0.144208
-0.388174 -1.049994
-0.278208 -1.108736
0.157850 0.809063
0.637442 0.936899
-0.379329 -0.779445
-0.035071 -0.372516
-0.165025 -1.063487
0.428919 0.978735
-0.014936 -0.117703
0.536520 0.672029
0.561973 0.707440
-0.583284 -1.493856
-0.336387 -1.362653
-0.521420 -1.307675
0.065269 0.437392
-0.052539 -0.519279
-0.023789 -0.064933
-0.020516 -0.214516
-0.100877 -0.123669
0.058349 0.236860
0.069746 0.391225
0.172309 0.465062
-0.172839 -0.771057
0.559319 1.152867
0.059141 0.227056
-0.171656 -0.426053
0.146447 0.480325
-0.312150 -1.651868
-0.334211 -1.438475
-0.019533 -0.149854
-0.340541 -1.335850
-0.504464 -1.531702
2.609212 2.666100
-0.077687 -0.607719
-0.215410 -0.981998
0.393022 0.692707
0.197191 0.455771
