-0.197272 -0.378493
0.116787 0.269082
-0.129148 -0.212191
-0.552503 -0.368004
-1.164279 -2.513267
-0.178650 -0.120623
0.743352 0.941225
0.359749 0.536439
0.161056 0.364506
0.399651 0.751513
-3.756441 -2.532223
-1.579149 -2.632827
0.150088 0.316259
0.839896 1.277768
-0.226892 -0.169998
-0.551664 -0.721483
-1.438271 -1.679758
-0.775960 -0.786439
-0.975566 -0.753526
1.026409 1.495015
-0.167235 -0.198794
-1.304974 -1.405012
-0.940475 -1.002837
-0.627323 -1.233252
0.359918 0.607125
-1.803176 -1.497131
0.884837 1.494448
-1.289089 -2.318077
-1.101565 -0.807245
0.215414 0.347899
-0.002729 -0.007525
0.981889 1.060711
0.436734 0.706920
-1.111615 -0.743355
0.096348 0.228080
0.377083 0.805037
-0.404974 -0.754978
0.101218 0.229856
-1.247316 -2.012301
-0.077264 -0.267428
0.233196 0.562901
-1.824210 -2.248535
-1.330521 -1.166863
1.357002 1.595839
0.211802 0.275545
-1.819754 -1.802452
0.111184 0.193950
0.507308 0.882338
0.742511 1.034110
0.382238 0.804536
