1.224576 0.745282
-1.275232 -0.719730
1.023214 1.451344
0.737410 0.728246
1.143204 0.723166
-0.714144 -1.046472
-0.811061 -0.840754
0.069523 0.138886
-1.604633 -1.194403
-1.260358 -0.522121
-1.811213 -2.951628
0.491723 0.816436
-0.486581 -0.260186
1.124647 0.887707
0.744606 0.610798
0.570858 0.610946
-1.194583 -0.505869
-0.082923 -0.076226
-0.784316 -0.793184
0.212615 0.152200
-0.857587 -0.843130
1.889964 1.182086
0.332775 0.326687
-1.031004 -1.100068
0.629310 0.893365
1.548939 1.490754
1.295882 1.477589
-0.089572 -0.026695
-0.018887 -0.015273
2.220753 1.643948
-0.675437 -0.386876
2.568337 1.744825
-1.106407 -0.486039
-0.540714 -1.136364
0.272710 0.292619
-3.001193 -1.042246
-0.936275 -0.402713
1.671311 1.617897
-2.438119 -1.740237
1.051968 1.329131
-1.733823 -1.859675
0.633249 0.461748
-1.051444 -0.438259
1.191529 0.976514
-0.945422 -0.491118
-0.908341 -0.809890
2.884188 1.750005
0.833868 0.677806
-1.691828 -2.090935
-1.692759 -2.884504
