-0.236772 -0.899046
-0.333391 -1.081358
-0.014905 -0.075963
0.197900 1.148461
-0.225239 -1.192558
-0.041712 -0.276243
0.093651 0.543112
-0.014678 -0.109813
0.225112 1.067758
0.139846 0.848486
0.389376 0.991022
-0.553024 -1.629055
0.858413 1.661732
0.104565 0.708598
0.015017 0.080023
-0.094174 -0.552593
-0.177977 -1.171110
-0.207411 -1.065590
-0.193408 -1.882234
0.148139 0.819859
-0.072831 -0.527540
0.293852 1.566640
0.558454 1.870989
0.047169 0.321596
0.136593 0.983943
0.048889 0.499780
0.107569 0.425064
-0.204521 -0.977037
0.042469 0.169037
-0.033045 -0.476985
-0.216221 -1.468562
0.105209 0.920863
0.214394 1.221206
-0.223491 -1.870431
0.173435 0.697476
-0.109498 -0.885676
0.105871 1.123354
0.662001 1.853103
0.050853 0.625923
0.035177 0.313799
0.220815 0.989243
0.008244 0.095202
0.064746 0.699317
0.144505 0.327562
0.045104 0.519122
-0.482254 -1.985473
0.143208 0.890686
-0.321081 -1.558705
0.018505 0.247388
-0.093790 -1.075009
