-1.397885 -1.319457
-0.494460 -0.635944
-0.634273 -0.824883
2.010815 1.670876
2.358345 1.616535
-0.535227 -0.389479
-0.828284 -0.441251
1.122481 1.472648
1.416854 1.597392
0.101745 0.270348
-2.102740 -1.215195
1.866309 1.584696
-0.503125 -0.708688
-0.947394 -0.771143
0.249780 0.433701
-2.430744 -0.880217
-0.655914 -0.944343
-1.177073 -0.397596
-0.715220 -0.607157
0.616132 0.994469
-0.542416 -0.530705
0.484491 0.685652
-2.526274 -1.705909
-0.589494 -0.591759
-1.563845 -1.842206
1.446730 1.739190
-0.114467 -0.090747
0.813824 0.914090
-0.396910 -0.707660
-1.192170 -0.397784
-0.025470 -0.032241
0.021594 0.013801
-0.448349 -0.960795
-0.423076 -0.500551
3.903056 2.098175
-2.751785 -1.074809
-1.926424 -1.086315
0.882721 1.415601
-0.604678 -0.720736
-0.264333 -0.195027
-0.564947 -0.502645
-1.201279 -0.960584
1.843163 1.531932
0.970139 0.917137
-0.431603 -0.135769
-2.776448 -1.794621
0.151478 0.149696
0.885889 1.314149
1.039794 1.008417
0.202338 0.154503
