0.060174 0.353879
-0.193665 0.784109
0.156145 3.613746
0.372545 1.468145
0.632329 -0.689140
-0.134856 0.250131
0.046895 0.900440
0.189118 1.105805
0.255488 -0.913265
-0.062272 0.574591
0.159067 0.934562
0.273095 -0.282927
-0.035593 -1.349807
-0.182603 0.055949
0.006456 -0.698546
-0.295386 -0.605148
-0.067677 0.624718
0.228989 -1.345175
-0.343822 0.161663
0.021763 -1.166406
-0.179603 -0.511535
-0.062690 0.423660
0.115546 -0.042645
-0.009596 0.211960
0.032038 0.152240
0.024460 -0.296886
-0.036987 0.082760
0.018474 -1.020094
-0.084655 -0.011500
-0.002444 -0.650642
-0.073134 -0.021293
-0.004822 -2.444139
-0.199405 -0.719577
-0.117853 1.529574
0.868574 0.143619
0.058736 0.322169
0.082286 0.348100
0.025868 -1.837091
-0.522494 0.802901
0.159828 -1.701387
-0.233907 0.730386
0.157278 1.124738
0.352612 -0.272623
-0.056632 -0.155032
-0.034706 -0.193303
-0.050514 -0.837592
-0.102572 0.332137
0.050817 0.969164
0.252390 -1.155151
