0.032459 0.154777
0.147346 0.691765
-0.027428 -0.214988
-0.280400 -1.028548
-0.197495 -1.946645
0.082072 0.318259
-0.173389 -0.531346
-0.415207 -1.309148
-0.015695 -0.060344
0.175247 1.134810
-0.185739 -1.047354
-0.276756 -1.272424
0.028850 0.066617
-0.147201 -1.108996
-0.183694 -1.426129
0.070735 0.225725
0.230694 0.743689
-0.202074 -1.033919
-0.062090 -0.168344
-0.237272 -1.416462
-0.013164 -0.058332
0.224594 0.634427
-0.104978 -0.602350
0.940181 1.207726
-0.437285 -1.326790
0.319834 1.243054
-0.061736 -0.359403
0.131672 0.714987
-0.338186 -1.407718
-0.100079 -0.595353
0.241177 1.318763
-0.533844 -1.688377
0.232494 0.773007
0.345367 1.425758
-0.011334 -0.112464
0.167071 0.513125
0.018897 0.112402
-0.157661 -0.241789
-0.001729 -0.007282
-0.684121 -1.752116
0.008292 0.030641
-0.173078 -0.889329
-0.068429 -0.448280
-0.030520 -0.144949
-0.126805 -0.426007
0.682499 1.598800
-0.008113 -0.019519
0.255565 1.098711
-0.031277 -0.243089
-0.251863 -0.804419
