-0.757151 -1.811110
-0.117594 -0.719585
0.069866 0.306967
-0.181360 -0.675543
0.062538 0.457399
0.422922 0.758708
0.320520 0.630550
-0.132210 -0.493161
-0.164902 -0.888983
-0.181139 -0.847274
-0.211175 -0.424538
-0.252692 -1.397065
0.300966 1.034104
-0.554911 -1.758751
0.021372 0.060454
-0.034904 -0.270810
0.434377 0.914754
0.012987 0.094089
-0.173639 -0.771429
-0.523293 -1.761576
0.061415 0.223061
0.008279 0.038730
0.365801 0.965669
0.244093 1.094422
-0.080950 -0.278270
0.014107 0.042653
-0.695323 -2.054213
0.162588 0.826276
-0.680483 -1.550230
-0.328787 -1.293110
-0.138217 -0.976687
0.290248 0.531149
0.058216 0.217367
1.266539 1.103965
0.061398 0.303749
0.086395 0.414593
-0.040153 -0.320860
-0.055111 -0.312169
0.185424 0.784490
-0.073969 -0.667419
-0.275097 -1.505824
-0.098182 -0.350338
0.107100 0.358735
-0.564737 -1.613554
-0.299311 -1.007031
0.196995 0.468993
0.096424 0.358586
-0.152996 -0.631274
-0.142690 -0.484277
0.012198 0.061597
