0.198855 0.893916
-0.336803 -3.043659
0.117819 0.838726
0.116399 0.595591
0.359468 1.041830
-0.271863 -1.637345
-0.068352 -0.482033
-0.043009 -0.567922
0.004108 0.028656
-0.300493 -0.830542
0.128947 1.201869
0.085271 0.689567
-0.123596 -0.624385
0.267867 0.991259
0.065992 0.296349
0.110954 0.631031
-0.556661 -1.138597
0.077162 0.566958
0.037414 0.229921
-0.108452 -0.574988
-0.054620 -0.594863
-0.123544 -0.358523
0.099724 0.591667
-0.420292 -1.286016
0.090006 0.662040
0.301683 1.309692
0.242788 1.244378
-0.315087 -0.922930
-0.003980 -0.023231
-0.117537 -0.425284
0.027384 0.166617
0.316740 0.733100
-0.550068 -0.987379
-0.061181 -1.061303
-0.034152 -0.233756
0.290197 0.634540
-0.279753 -1.055807
0.106047 0.553762
-0.496889 -1.302784
0.239263 1.327274
0.003369 0.025707
-0.086261 -0.365322
0.041229 0.224167
0.219142 0.865066
-0.063433 -0.452201
-0.231651 -0.936676
0.283749 0.831738
-0.195526 -0.739548
0.148922 1.069096
0.017304 0.238882
