-0.523317 -0.502426
0.037068 0.060067
-0.357501 -0.670535
-0.853191 -0.674840
-0.811814 -1.756587
-0.901699 -0.945180
0.211433 0.171813
0.464271 0.649783
0.678041 1.537815
0.482296 0.887646
1.189214 1.026169
0.627534 1.524604
-0.952376 -1.214257
0.519107 0.760014
-0.278779 -0.195923
-0.236927 -0.525165
-1.107654 -1.378716
-0.422567 -0.854684
-0.625231 -0.701730
1.230412 1.929074
-0.396974 -0.433964
-0.085397 -0.099990
-0.758180 -0.985755
-0.226323 -0.415147
0.896355 1.524160
-1.428430 -1.124455
1.280210 2.042391
-0.366140 -0.744113
-1.556421 -1.032908
0.788880 1.325958
0.404308 1.151910
0.711033 0.691777
-0.142085 -0.101526
-1.051865 -0.599929
-0.770790 -1.045784
-0.236047 -0.289318
-0.846024 -1.223348
0.094470 0.168119
-0.674525 -0.752886
0.209642 0.700308
0.385490 0.874771
0.125623 0.097629
-0.742920 -0.610385
1.824440 2.041115
0.600525 0.826477
-1.076075 -0.989041
0.124441 0.161463
-1.398619 -1.615895
0.983149 1.379938
-1.416845 -2.228765
