0.011387 0.045966
0.043100 0.205611
-0.019317 -0.074503
-0.059117 -0.257788
-0.108808 -0.850656
0.289259 0.496454
0.008621 0.020334
0.035787 0.107732
0.023141 0.090175
-0.111675 -0.493438
-0.582417 -1.189879
-0.224613 -1.335448
-0.161722 -0.809656
-0.608833 -2.114288
0.219659 0.463357
-0.058672 -0.361267
0.125064 0.332905
-0.140440 -1.053913
-0.056233 -0.214075
-0.495532 -1.935617
0.335248 0.787878
0.143505 0.458566
0.289058 0.739207
-0.027338 -0.143742
-0.065887 -0.228539
-0.285932 -0.920353
-0.529766 -2.177053
0.138305 0.526717
-0.054929 -0.122653
-0.127048 -0.479408
-0.237243 -1.650823
0.021706 0.042045
-0.025756 -0.086907
1.175734 0.876131
-0.041733 -0.187205
-0.020611 -0.092112
0.068798 0.343929
-0.215853 -1.246512
1.266445 2.545508
-0.371180 -2.793399
-0.370966 -2.130859
0.068129 0.164720
0.111641 0.300046
-0.721914 -2.026720
-0.115098 -0.357060
0.660859 0.565001
0.099945 0.296055
-0.150816 -0.560303
-0.535898 -1.734988
-0.162987 -0.811963
