0.243336 1.149582
-0.168637 -3.137604
0.061612 0.399245
0.580586 4.695860
0.340083 1.027615
-0.083641 -0.532437
0.084025 0.465020
0.161675 1.032353
0.204400 1.113205
0.029316 0.475223
0.031171 0.123623
0.074851 0.315536
-0.027358 -0.232273
0.068786 0.496966
0.043005 0.462486
0.082176 0.300752
-0.091878 -0.800446
-0.298648 -0.685911
-0.273549 -0.988484
0.149936 1.101658
-0.100258 -0.642665
-0.068043 -0.570563
0.025332 0.096300
-0.170694 -0.710130
0.078257 0.801773
0.099969 0.618380
0.005077 0.044291
0.170256 0.733194
-0.114014 -1.315981
0.144105 0.661881
-0.010125 -0.095991
-0.003273 -0.014134
-0.125976 -1.379006
-0.089509 -0.513623
0.882157 1.665916
-0.337700 -0.668813
0.084114 0.336918
0.009532 0.088906
-0.310766 -1.262263
0.070590 0.476555
-0.190644 -1.167674
0.112805 0.606643
0.281458 1.069808
-0.040893 -0.221278
-0.070624 -0.311306
-0.375210 -1.171512
-0.125490 -0.914956
0.167481 1.129061
0.243315 1.097880
-0.115203 -0.662677
