0.027600 0.053961
-0.008007 -0.018872
-0.136055 -0.623274
-0.354779 -1.213130
-0.365219 -3.751209
0.041526 0.142265
-0.007766 -0.011913
-0.199897 -0.445311
-0.094987 -0.244070
-0.189950 -1.003824
-0.346186 -1.703503
-0.466479 -2.105832
0.009592 0.021024
-0.151302 -0.779493
-0.318394 -2.185386
0.081102 0.238395
1.164720 1.347965
-0.045530 -0.135652
0.299247 0.841876
-0.380985 -2.127057
0.092361 0.365240
1.660473 0.991697
-0.075606 -0.223029
0.859683 1.038905
-0.542690 -1.492424
0.099580 0.395654
-0.292218 -1.493684
0.129542 0.501125
-0.242769 -0.744328
-0.162838 -0.645454
0.044979 0.242341
-0.566952 -1.697851
0.695212 1.052125
0.399347 1.182520
-0.258609 -2.586571
0.288726 0.650092
0.218610 0.733309
0.045348 0.080776
-0.010815 -0.020898
-0.471924 -0.991416
0.083492 0.280674
-0.181081 -0.608182
-0.275474 -1.704336
-0.040450 -0.012634
0.053946 0.175153
0.415247 1.161860
0.072262 0.202875
0.137208 0.556231
-0.309000 -2.616826
0.026122 0.074211
