0.062639 0.484112
-0.087058 -0.624877
0.201477 1.203418
0.430019 1.173623
0.390101 -0.455378
-0.075644 0.725231
0.139310 1.456493
0.255393 0.931412
0.159651 0.972824
0.058554 -0.077217
-0.019744 1.291277
0.343416 -0.759512
-0.104409 -0.110691
-0.015148 0.362755
0.033362 0.296527
0.113497 -1.199527
-0.185804 -0.366987
-0.144333 -0.332322
-0.085344 1.089307
0.133953 -0.175779
-0.027142 0.350686
0.041280 0.623772
0.160667 1.209750
-0.296260 0.899362
0.187927 -0.876056
0.149618 0.670441
-0.120565 -0.704342
0.150524 0.295315
-0.059164 -0.201398
0.063175 1.020990
-0.021162 -0.856987
0.276332 -0.212750
-0.078457 1.562777
-0.036122 -0.915220
0.771214 0.489332
-0.564483 1.127281
0.123203 -1.350340
0.136414 0.996530
-0.485095 -0.897656
0.166015 -0.297459
-0.161191 1.414208
-0.055868 0.026983
0.402078 -0.761120
0.005106 -0.117981
-0.202045 -0.175721
-0.033961 0.455364
-0.022867 1.520146
0.058280 -0.157840
