0.622604 0.594542
-0.805493 -0.595230
1.146935 1.722974
-0.087161 -0.047787
-2.337440 -1.137467
-0.428374 -0.520956
-0.395718 -0.400024
-0.926461 -1.653939
0.158721 0.116096
-1.069274 -0.383211
0.976833 1.949155
0.810867 1.322282
-0.019954 -0.009084
-1.742888 -0.927734
-2.202434 -1.437027
0.492545 0.383160
-0.870169 -0.518470
0.622274 0.781398
-0.337730 -0.242694
1.087882 1.104350
-0.496033 -0.490104
1.674771 0.972136
-0.008114 -0.001939
-0.654760 -0.693438
-1.278456 -1.466467
0.522710 0.392219
0.466619 0.385102
-0.795249 -0.560978
0.435594 0.379121
2.422014 1.844272
-0.273135 -0.190859
-3.043148 -2.240832
-0.708912 -0.312249
-0.150135 -0.409643
-0.192248 -0.084956
-1.293610 -0.189640
-0.518602 -0.268169
1.362549 1.409542
1.082504 0.844863
1.236905 1.620287
0.109996 0.100663
-2.480976 -1.847322
-0.968516 -0.424139
1.310691 1.017531
-0.557101 -0.223768
-0.544673 -0.502861
-3.216860 -1.800599
0.132438 0.056929
-1.581949 -2.023840
0.748090 1.748784
