-0.047928 -0.183900
0.036445 0.123878
-0.040769 -0.132720
1.577316 2.241248
-0.293161 -2.145017
0.889275 1.047904
1.557706 1.899709
0.128226 0.235387
-0.085159 -0.303240
-0.385293 -1.797506
0.069829 0.098260
-0.328972 -1.792371
0.017050 0.048897
-0.787083 -2.771417
0.884943 1.163005
-0.033435 -0.111391
0.330833 0.640391
-0.303129 -2.122835
0.042328 0.116685
-0.521843 -2.186975
0.148182 0.333670
-0.191798 -0.757289
0.131622 0.304829
-0.125681 -0.544006
-0.379614 -1.320258
-0.283880 -0.792734
-0.629749 -2.773354
0.059806 0.174421
0.021394 0.042409
-0.614838 -2.485378
-0.345497 -2.223267
2.314961 2.374532
0.095595 0.219383
1.207104 1.065707
-0.188189 -0.753574
0.008694 0.024373
-0.104542 -0.514306
-0.418934 -2.392040
0.992973 2.052770
-0.405310 -3.614975
-0.398828 -2.362521
-0.191508 -0.501484
0.096204 0.201899
-0.755114 -2.283706
1.675136 23.853929
1.328843 1.617565
-0.061656 -0.156235
-0.325395 -1.230442
-0.375303 -1.188532
-0.371589 -1.878902
