1.015132 1.083675
-0.619186 -0.765770
-0.834258 -0.930748
1.402884 1.179670
2.095273 1.430976
-0.677457 -0.577981
-0.132525 -0.062442
0.757706 1.015218
1.217295 1.371966
0.001997 0.005760
1.358991 1.105557
1.905341 1.573002
-0.659446 -0.839122
-0.460571 -0.349334
-0.129946 -0.184922
-2.517061 -1.645631
-0.775431 -0.744552
-1.289854 -0.187038
-0.907999 -0.788494
-1.840698 -2.347221
-0.790621 -0.677027
0.299084 0.427435
-2.706634 -1.821919
-0.810750 -0.976658
-1.712389 -2.006772
1.132864 1.376629
0.095185 0.124261
-2.083627 -1.322504
0.068650 0.138462
-0.215902 -0.086469
-0.594697 -0.945892
0.788309 0.651329
-0.661543 -0.941595
-0.650473 -0.753040
3.978467 2.156201
-2.911851 -1.124428
-1.300924 -0.594518
0.739112 1.174018
-0.829959 -0.996908
0.171300 0.196670
-0.627490 -0.453038
-1.655223 -1.403191
0.737988 0.560086
0.552386 0.478393
-0.185728 -0.066671
0.771281 0.467935
0.078565 0.088636
0.746591 1.106824
1.194541 1.213967
-0.447935 -0.160172
