0.556363 0.361024
-1.820736 -0.506275
0.278113 0.106810
1.464771 1.670181
-0.785943 -0.927584
-1.169601 -0.691501
0.842590 0.682450
-0.601762 -0.826301
-2.837811 -0.472640
0.704440 0.200379
0.653901 0.151770
-0.734067 -0.432775
1.128516 1.622679
1.169147 1.150282
-0.466662 -0.430637
0.792074 0.926544
-0.728473 -0.773334
-0.555677 -1.028031
1.835720 2.108709
-0.542840 -0.779960
-1.489786 -0.626593
2.901931 2.385858
-0.677175 -0.457996
0.538180 0.145208
0.300170 0.161131
-1.293562 -0.599122
-0.892761 -0.743356
1.205488 0.758389
0.150939 0.334995
-0.318481 -0.303836
-0.444903 -0.620279
1.199924 1.357309
-0.339965 -0.378858
1.717390 1.332559
-0.326454 -0.365104
0.743757 1.578030
2.708016 1.935321
-1.007817 -0.557145
0.470904 0.565651
0.330103 0.101313
-0.649721 -0.811536
-1.148418 -0.631039
-0.427230 -0.796874
0.856753 0.765093
-0.745001 -0.610624
0.530016 1.227650
-0.199348 -0.336577
