-0.019699 -0.095845
-0.166586 -0.798780
-0.001383 -0.006874
0.106291 0.394642
0.491393 1.059323
-0.302773 -3.507548
-0.028647 -0.147020
-0.129010 -1.015678
0.014430 0.066428
0.307042 0.766795
-0.055925 -0.363770
-0.071041 -0.428382
-0.168059 -0.881593
0.066659 0.224754
0.351569 0.963660
-0.024147 -0.111769
0.292334 0.691495
0.039294 0.184239
-0.077302 -0.404656
-0.040945 -0.188428
-0.233843 -2.212175
0.266826 0.660381
0.073866 0.298640
-0.358377 -1.687162
-0.017486 -0.091858
0.142385 0.511676
0.135964 0.513270
0.078948 0.245739
-0.039167 -0.183107
0.241407 0.675967
-0.220707 -1.383715
0.852370 9.497033
0.413044 0.815081
-0.302415 -5.056153
-0.087036 -0.471870
1.017559 1.398988
-0.059785 -0.241534
0.374263 1.006598
-0.404166 -1.776385
-0.097945 -0.558286
-0.176532 -1.210888
0.224005 0.665606
0.088223 0.336983
0.166745 0.523452
-0.063403 -0.338153
-0.091281 -0.402423
0.233046 0.602072
0.236420 0.707595
0.045877 0.216158
-0.259608 -3.202530
