1.085701 0.291940
-1.509066 -0.428007
-0.039149 -0.032193
-2.192903 -2.005266
-0.496503 -0.436283
-0.572306 -0.521915
1.143983 1.020027
-0.296225 -0.336896
1.567074 1.347033
0.932007 0.273715
-0.515175 -0.256792
-0.305010 -0.159256
1.203414 1.592907
0.562103 0.249683
-0.240460 -0.215459
-1.368715 -0.536064
-0.529804 -0.535126
-0.322325 -0.699216
2.124122 2.432766
-0.285141 -0.407080
-2.069397 -1.527847
3.171110 2.584767
-0.294849 -0.227424
-2.051119 -2.387303
0.547172 0.285569
-0.814577 -0.504747
-1.179143 -0.540095
-0.963874 -2.376055
-0.340190 -0.426233
0.296800 0.155908
1.702890 2.137584
-0.343486 -0.513731
2.013859 1.606197
-0.140728 -0.164735
0.944140 2.005576
2.724457 1.851115
0.444412 0.239187
0.533386 0.306597
-0.533743 -0.364274
-0.246463 -0.397509
-1.254956 -2.018814
-0.171122 -0.313345
0.819961 0.235002
-0.554510 -0.578154
0.773174 1.778054
-0.009906 -0.016786
