-0.564101 -0.489657
-0.256054 -0.323695
-0.451782 -0.519318
-2.272934 -1.616391
1.913978 1.291373
-0.427375 -0.347938
-0.663345 -0.423173
1.266449 1.676270
1.518492 1.755312
0.062131 0.138167
-1.450704 -0.644955
1.895326 1.634646
-0.366058 -0.541604
0.240323 0.223392
-1.316814 -2.091431
-1.753621 -0.562157
-0.451052 -0.589181
-1.151398 -0.292486
-0.553907 -0.467980
-1.146855 -1.225915
-0.407107 -0.448745
-0.053611 -0.034025
-2.360887 -1.591347
-0.436047 -0.613116
1.185700 1.671970
1.567199 1.853096
-1.210189 -1.504544
0.919527 -0.071072
-0.066343 -0.443707
-0.890340 -0.500118
-0.291661 -0.083721
-0.153843 -0.589254
-0.294122 -0.311924
-0.262928 2.157962
3.999840 -0.835094
-2.270080 0.261747
0.506672 1.632532
1.018576 -0.529425
-0.445350 -0.120784
-0.160518 -0.688675
-0.400634 -0.727029
-0.861639 1.432404
1.728049 0.353899
0.509576 -0.096244
-0.317748 -1.728719
-2.663328 0.703862
0.546223 1.291126
0.868524 1.310494
1.339503 -0.538503
