-0.473972 -0.660194
-0.068037 -0.060155
-0.224540 -0.348122
-0.111913 -0.195461
-0.017506 -0.042709
-0.467868 -0.585810
-0.621542 -0.859927
0.992137 1.218240
-1.161784 -0.716941
1.175259 1.280128
-0.246748 -0.169532
1.644449 1.793059
-0.327049 -0.384471
1.071118 1.236675
-0.114583 -0.132812
0.166965 0.340801
-0.624169 -0.357742
0.704995 0.514018
-0.046002 -0.119330
0.531475 1.428901
-0.513989 -0.858959
-0.950386 -2.012265
-1.710377 -0.952061
-1.078670 -0.712387
1.736405 1.912082
0.495322 0.856483
1.315234 1.499684
-0.519676 -0.773438
-0.737296 -1.823574
0.483488 0.511781
0.225907 0.904922
1.338872 0.790629
-0.594232 -0.717703
0.264542 0.594787
-0.622334 -0.274214
-1.720178 -2.395849
-0.582492 -0.530239
-0.710854 -1.012407
0.205006 0.152137
0.447931 0.764318
0.480830 1.206339
1.174119 2.003741
-0.055980 -0.079140
1.238733 1.956800
0.668769 0.947043
-0.926650 -0.984927
0.362295 1.073638
0.370873 0.653220
-0.756254 -0.653155
-0.875601 -0.486566
