-0.601517 -0.503452
-1.556173 -0.445209
-0.101072 -0.083080
1.499155 1.637287
-0.584720 -0.768961
-0.629626 -0.575615
1.037480 0.849456
-0.431308 -0.594295
1.508020 1.298045
0.866043 0.257295
0.415238 0.110961
-0.507201 -0.272884
1.159780 1.552369
0.499744 0.221753
-0.301862 -0.270240
-1.426788 -0.560055
-0.588633 -0.570379
-0.370919 -0.699171
2.098535 2.394055
-0.347714 -0.499964
-1.279602 -0.534703
3.104470 2.533943
-0.366292 -0.282177
-1.707363 -0.487626
0.479793 0.255341
-0.876209 -0.541775
-1.071006 -0.567115
1.619932 1.273936
0.263067 0.203751
-0.132117 -0.125518
0.226128 0.119502
1.345079 1.538010
-0.406156 -0.602270
2.004456 1.633623
-0.102747 -0.118052
0.855147 1.806333
0.157119 0.110578
-1.044295 -0.413529
-0.592423 -0.406183
-0.304739 -0.482295
-1.323364 -2.150524
-0.225809 -0.413785
1.120282 1.160362
-0.617010 -0.643319
0.707464 1.623167
-0.073095 -0.123867
