0.355016 1.071762
0.073422 0.118342
-0.352661 -0.672075
-0.851457 -0.671201
0.407892 1.367628
-0.822898 -0.959438
0.269984 0.224818
0.880715 1.381497
0.639717 1.418081
-0.035710 -0.040602
-1.557549 -0.664710
0.593264 1.456623
-0.527810 -0.940210
1.126959 1.717834
-0.263920 -0.191592
-0.198593 -0.435218
-0.537160 -0.912221
-0.393599 -0.763060
-0.557960 -0.634216
1.274194 1.948012
-0.274356 -0.290852
0.032240 0.042746
-0.583209 -0.943911
-0.186704 -0.342146
0.931156 1.583757
-1.405836 -1.128114
1.425904 2.190699
-0.330235 -0.687663
-1.510752 -1.001791
0.819598 1.369857
0.513698 1.478262
0.890543 0.939083
-0.101964 -0.072886
-0.833076 -0.375435
-0.842881 -1.290599
-0.204940 -0.247908
-0.852366 -1.438617
0.026094 0.039685
-0.836566 -1.312845
0.132992 0.382074
0.568100 1.363935
0.135192 0.095394
-0.567937 -0.418482
1.464755 1.880405
0.548752 0.707542
-1.070391 -0.968794
0.161703 0.209206
-1.363291 -1.600490
1.029285 1.445377
-1.366888 -2.155896
