-0.299208 -0.906965
-0.070943 -0.430302
0.001339 0.005835
-0.195678 -0.735168
0.011132 0.087650
0.796788 1.168382
0.031756 0.079051
0.091428 0.278543
0.040907 0.195594
-0.170483 -0.819177
-0.152096 -0.291233
-0.193855 -1.159338
0.015790 0.074619
-0.620230 -6.543206
-0.049934 -0.146284
0.127510 0.734404
0.425223 0.801488
-0.031597 -0.232883
-0.179455 -0.797614
-0.256879 -1.099222
-0.003818 -0.013758
0.128056 0.463130
0.386554 0.901205
0.053156 0.306058
-0.149516 -0.592052
-0.176774 -0.565798
-0.648939 -2.091117
0.003599 0.023397
-0.396044 -1.023356
-0.143843 -0.593747
-0.093715 -0.647344
-0.386756 -0.969998
-0.196391 -0.791877
1.455570 1.248190
-0.120857 -0.682441
-0.043804 -0.228763
-0.090101 -0.732967
-0.240817 -1.353281
0.165008 0.665345
-0.103559 -0.936280
-0.288963 -1.625271
0.042296 0.122138
0.062622 0.212137
-0.778294 -1.953830
-0.228182 -0.791898
0.331168 0.659727
-0.035230 -0.143390
-0.231669 -0.954812
-0.201480 -0.690493
-0.000407 -0.001988
