0.480697 0.784882
-0.029289 -0.025734
-0.035896 -0.061222
0.062113 0.163132
0.035496 0.087649
-0.427014 -0.534100
-0.580697 -0.806645
1.025432 1.258358
-1.269908 -0.729497
1.288622 1.416396
-0.000325 -0.000292
1.693598 1.843906
0.170327 0.289363
1.083826 1.261944
-0.309617 -0.395384
0.207830 0.424279
-1.768231 -1.360757
0.832553 0.626779
-0.222650 -0.645091
-1.284948 -2.252769
-0.468594 -0.729347
0.404370 1.339351
-1.670377 -0.929796
-1.045640 -0.687688
1.769769 1.963333
0.480322 0.806944
1.235787 1.413106
-0.377155 -0.890215
-0.701118 -1.741014
0.739740 0.871122
0.173786 0.630457
1.374051 0.813345
-0.964227 -1.195416
0.305981 0.688720
-0.557260 -0.238581
-1.488823 -2.166866
-0.539367 -0.483166
-0.681850 -0.971236
-0.560478 -0.253888
0.088602 0.107353
0.666427 1.633891
1.190486 2.049312
-0.082485 -0.077588
1.287101 2.025124
-2.127192 -2.271609
-1.000725 -0.923284
0.408658 1.199347
0.397833 0.693685
-0.723495 -0.648235
-1.017372 -0.676027
