-0.036707 -0.158853
-0.227801 -0.736571
-0.024828 -0.129654
0.208281 1.205937
-0.110267 -0.615197
-0.163222 -1.167402
0.062232 0.350575
-0.056109 -0.490111
0.278329 1.302108
0.107078 0.645144
-0.391765 -0.870023
-0.496551 -1.398524
0.693862 1.261091
0.033339 0.205366
0.137234 -0.946206
-0.164336 -1.111004
-0.170971 -1.636926
-0.379817 -1.382319
-0.133218 1.558598
0.295788 0.016445
0.002330 0.364667
0.070935 1.967077
0.560974 0.652144
0.102016 -0.292659
-0.045088 1.102014
0.112697 -0.398092
-0.107771 0.416036
0.086771 0.900012
0.200133 0.925963
0.052281 -0.048967
-0.007818 0.345520
0.042369 1.953077
0.361972 -1.671067
-0.226011 0.930713
0.240364 -0.112724
-0.014300 0.079786
0.007955 1.299817
0.433466 0.499289
0.040654 -0.024848
-0.002978 -0.107306
-0.026825 -0.577448
-0.051506 0.851232
0.076457 -0.568950
-0.235372 0.705438
0.064906 -1.572516
-0.401957 0.352408
0.064432 -1.839646
-0.450828 0.696032
0.054453 -1.628459
