0.093124 0.058794
-0.580064 -1.166694
-0.035065 -0.106315
0.892300 1.403393
0.346419 1.280482
-0.646979 -1.033158
-1.127486 -0.617697
0.277234 0.082201
0.902552 2.033246
-0.830718 -0.802144
0.352243 0.148848
0.817179 1.562749
0.523720 0.147599
0.254997 0.564387
0.419016 1.295663
-1.249544 -1.148509
-0.689677 -0.675870
-0.174217 -0.259347
0.346957 0.181088
0.210943 0.132804
0.036815 0.024732
0.472776 0.157444
-0.835236 -0.600829
-1.020829 -0.813647
0.716372 0.158154
-0.093328 -0.178728
-0.998787 -0.553549
-1.006621 -1.003934
0.418631 0.139981
0.691603 1.978599
-0.385800 -0.870576
1.529681 2.138645
-0.429830 -0.524235
-0.596852 -0.783221
0.231633 1.016048
0.662808 0.761598
-0.792191 -0.625448
1.123276 0.206808
-0.141960 -0.228252
1.476538 1.558495
-0.655483 -0.726670
0.696858 1.597487
0.663031 2.153677
-1.252678 -0.580437
-0.024151 -0.030833
-0.367449 -1.057168
0.450243 0.108141
0.181738 0.121261
0.532993 2.031876
0.675562 0.640193
