-0.142365 -1.815212
-0.355117 -1.492072
0.017349 0.119244
0.069248 0.341153
0.522570 1.272189
-0.246715 -2.503688
0.103490 0.582328
-0.064572 -0.738386
0.067319 0.403350
-0.024683 -0.082350
-0.006705 -0.065506
0.056376 0.391828
-0.137984 -0.771541
-0.032979 -0.133891
0.200168 0.756034
-0.185643 -1.059881
0.038553 0.111972
0.043582 0.282899
-0.080208 -0.526096
-0.032442 -0.174649
-0.148726 -1.657682
0.281071 0.795836
0.005520 0.032636
-0.419657 -1.469596
0.087195 0.530815
0.238064 0.948146
0.110573 0.574654
-0.205775 -0.725665
-0.108743 -0.632508
0.027187 0.110226
-0.170244 -1.090667
0.806238 1.404996
0.095775 0.227000
-0.097270 -1.576780
0.025195 0.157809
0.311733 0.669518
0.066234 0.286121
0.055902 0.285337
-0.303086 -1.146980
0.194649 0.949549
-0.067818 -0.501962
0.022254 0.094395
0.106722 0.524528
0.356984 1.098346
-0.149494 -1.082748
-0.150098 -0.703897
0.412867 1.029929
0.123621 0.496513
0.099039 0.627030
-0.122142 -1.726149
