-0.695909 -1.755359
0.299084 0.643043
-0.061236 -0.274569
-0.089310 -0.707291
-0.044793 -0.279491
0.454558 0.871090
0.319241 0.672831
-0.058016 -0.143371
0.342955 0.487440
0.808674 0.740668
-0.174754 -0.685526
-0.597302 -1.526870
-0.380558 -1.964166
-0.293076 -0.776962
-0.389220 -1.575067
0.134425 3.146379
0.277185 0.513810
0.756356 0.759680
-0.053893 -0.433412
-0.222208 -1.405412
0.257965 0.636501
0.140517 0.467611
0.959468 0.561611
0.759184 0.769301
-0.380493 -1.044249
-0.374714 -1.617196
-0.370767 -0.959437
-0.075508 -0.499246
-0.056606 -0.439263
0.318330 0.542831
-0.286786 -2.785531
4.113885 2.804973
0.167503 0.459392
-0.062117 -0.335167
0.284767 0.565249
-0.287708 -1.300308
0.351977 0.648502
-0.055616 -0.199236
-0.260682 -0.667522
-0.352212 -1.489611
-0.229206 -1.441165
-0.519026 -2.144464
-0.084957 -0.575515
-0.310404 -1.270858
-0.373460 -1.267228
2.030938 2.034561
-0.062207 -0.397818
-0.209974 -0.928625
0.527166 0.855046
0.568170 0.539875
