-0.006576 -0.026834
0.153384 0.576140
-0.050450 -0.213488
0.118450 0.637091
0.053730 0.313768
-0.101105 -0.551461
0.194109 0.968212
-0.133424 -0.887884
0.234658 0.999216
0.074978 0.453664
0.235207 0.568344
-0.086053 -0.251985
0.958376 1.717629
0.038852 0.247110
0.002932 0.016490
0.037195 0.222009
-0.248372 -1.647728
-0.328684 -1.708662
-0.227033 -2.298972
0.212375 1.002993
-0.147442 -0.885776
0.277600 1.230491
0.774362 1.920444
-0.182469 -1.068265
0.015106 -0.525792
-0.078538 -0.239578
-0.073528 0.308018
0.059870 1.226612
0.313523 -1.094936
-0.114401 -0.104803
-0.022132 -0.072849
-0.014394 0.859927
0.169401 -1.533923
-0.199965 0.945701
0.246166 0.015019
0.001899 -0.114181
-0.019780 1.790692
0.739152 -0.047888
-0.007994 -0.006453
-0.001213 1.445815
0.415679 -0.678012
-0.093341 -1.512976
-0.176046 0.316427
0.123085 -0.604513
-0.086737 -1.863290
-0.365509 0.172339
0.027782 -0.173313
-0.043409 -0.367997
-0.054122 -1.710420
