0.212397 1.012985
0.096606 0.446996
-0.094726 -0.699642
-0.373403 -1.420449
-0.224020 -2.324000
0.323948 1.085421
0.171038 0.496020
-0.359708 -1.114303
-0.078035 -0.299568
0.057160 0.425466
-0.220414 -1.193202
-0.159388 -0.592599
-0.082184 -0.146312
-0.020206 -0.111351
-0.227390 -1.776190
-0.102249 -0.290903
0.248551 0.711989
-0.050720 -0.193200
0.256693 0.745142
-0.293442 -1.709826
-0.224529 -1.263014
0.361767 0.938310
-0.099062 -0.473583
0.569421 0.762639
-0.175767 -0.440425
0.330524 1.274591
-0.248611 -1.661710
0.065441 0.343685
-0.184702 -0.671225
-0.244522 -1.592750
-0.095948 -0.576348
-0.219961 -0.553462
0.574719 1.435579
0.458931 1.654823
-0.003839 -0.028883
0.178562 0.540911
-0.088242 -0.471903
0.221743 0.374542
0.072658 0.345652
-0.282847 -0.588560
0.083181 0.303389
-0.037819 -0.141611
-0.059417 -0.323040
0.024270 0.125259
0.071121 0.249808
0.434169 1.443440
0.020975 0.060461
0.100752 0.469612
-0.127538 -1.084695
0.166999 0.492497
