0.745525 0.631119
-0.293848 -0.342776
-0.395192 -0.578547
-1.079372 -0.772971
0.339808 1.142626
-0.983594 -1.089701
-0.076091 -0.040311
-1.958135 -2.317535
0.329341 0.715880
0.861622 1.561036
1.119194 0.976706
-1.222698 -1.918475
-0.586330 -0.423408
0.410422 0.605087
-0.092434 -0.064526
-0.349522 -0.732324
0.412138 0.738936
-0.441650 -0.829934
-0.966744 -0.792783
1.186432 1.809290
0.037456 0.045095
-0.026069 -0.040585
-0.677905 -0.898834
-0.406307 -0.837395
0.807640 1.323012
-0.991579 -0.549004
1.183446 1.899954
-0.315859 -0.541792
0.948174 1.069153
0.664276 1.110732
0.252824 0.722198
0.715094 0.730177
0.311532 0.432753
-0.963807 -0.593170
-0.817386 -1.105589
-0.328357 -0.433361
-1.142271 -2.208594
0.282791 0.640813
-0.689829 -0.742478
0.090064 0.304103
0.062307 0.119867
0.051854 0.047074
-0.854463 -0.597283
1.360052 1.729521
0.452133 0.609380
-1.007058 -0.570603
0.354089 0.618769
0.209112 0.316505
0.910092 1.278457
0.413277 0.869271
