1.241074 2.390073
-0.212550 -0.905073
0.008398 0.041239
-0.169851 -1.505863
-0.084743 -0.707202
0.339387 0.906818
0.303072 0.699962
-0.177398 -0.496196
-0.311245 -0.730582
0.907069 0.941648
0.015236 0.056598
-0.558702 -1.406475
-0.126698 -0.681185
-0.275149 -0.732247
-0.481436 -1.705334
0.169646 0.765636
0.182827 0.392577
-0.381677 -0.782759
0.018119 0.167527
-0.157464 -1.010805
0.405252 0.894046
-0.078402 -0.607647
0.364122 0.483346
0.550538 0.680279
-0.486436 -1.311882
-0.250041 -1.093790
-0.380036 -0.984220
0.081004 0.496380
-0.033689 -0.311952
-0.078211 -0.211382
0.027479 0.244668
0.018399 0.020357
-0.013835 -0.058588
-0.068869 -0.431596
0.211754 0.508301
-0.170822 -0.773157
0.280118 0.807016
0.076644 0.268770
-0.167564 -0.410501
0.010418 0.038017
-0.206916 -1.269850
-0.376953 -1.606552
-0.034665 -0.261462
-0.545478 -1.824621
-0.232154 -0.781518
0.198163 0.361286
-0.012047 -0.086454
-0.355934 -1.509505
0.454192 0.756561
-0.046304 -0.131853
