0.162122 0.283117
0.001620 0.004069
-0.135475 -0.538746
-0.308209 -2.452780
-0.132758 -0.659407
0.446078 0.900385
0.200840 0.378125
0.005439 0.010984
0.277536 0.405131
0.414313 0.462400
-0.147851 -0.442378
-0.803473 -2.039300
-0.311976 -1.558430
-0.240971 -0.584145
-0.280341 -0.987076
-0.003737 -0.011786
0.768083 0.732370
0.746993 0.762888
-0.122903 -0.639282
-0.229064 -1.180996
0.706630 1.354964
-0.182520 -0.935220
1.767881 1.808847
0.633958 0.691002
-0.563414 -1.574061
-0.414939 -1.784923
-0.709237 -1.871054
-0.011174 -0.039680
-0.073781 -0.318923
1.286431 1.275379
-0.261626 -2.086293
3.441397 2.415636
0.743825 1.146120
-0.178438 -0.856354
1.480587 1.995358
-0.281722 -1.079696
0.491951 0.857665
0.377437 0.425271
0.489383 0.604356
-0.237589 -0.811716
-0.386198 -2.306389
-0.668805 -2.883432
-0.154673 -0.754313
-0.257263 -0.901652
-0.230153 -0.631474
0.616214 0.646233
-0.050936 -0.178832
-0.425118 -1.979857
0.606804 0.939450
0.639656 0.612515
