0.790569 0.966956
0.222899 0.395597
-0.244313 -0.410846
-0.206464 -0.663125
-0.270099 -0.698427
-0.782044 -1.178512
0.204801 0.308895
0.848411 1.023295
0.785411 0.744929
1.174443 1.270003
0.097170 0.145407
1.198674 1.337040
0.221210 0.466138
0.400830 0.406245
0.245365 0.419519
-0.168125 -0.351523
-0.712278 -0.405534
-3.234302 -1.909377
-0.481946 -0.906170
-1.612227 -2.976091
-0.850476 -1.253755
-0.992619 -1.132409
-1.766481 -1.263745
-0.723026 -0.238959
1.427588 1.604028
-1.895513 -2.492342
1.132632 1.267337
-1.119993 -2.279558
-1.071019 -2.753247
0.450906 0.551301
0.062344 0.245200
1.785411 1.172759
-1.382687 -1.697973
0.201759 0.512197
-0.001449 -0.001493
0.555578 1.038015
-1.522490 -1.767744
-0.261944 -0.220952
-1.921446 -1.234060
0.289734 0.506978
0.409294 0.987153
1.019784 1.608644
-1.342762 -2.778276
0.834656 1.338738
0.876180 1.232734
-2.105046 -1.682427
0.012787 0.037986
0.279897 0.526290
-0.817060 -0.472817
-0.876712 -0.307511
