0.078393 0.236711
-0.118323 -0.731777
0.159504 0.581026
0.783833 1.347599
0.043909 0.187431
0.084281 0.327836
0.055700 0.249246
0.142971 0.530269
-0.229973 -2.889786
0.133058 0.424549
0.256813 0.746749
-0.206712 -1.584954
-0.133140 -0.825875
-0.187519 -1.627681
-0.095659 -0.249016
-0.104256 -0.683350
0.326613 0.747722
-0.373556 -1.697101
-0.006620 -0.034759
0.000119 0.000496
-0.069731 -0.403511
0.125661 0.394733
0.119110 0.400147
-0.017385 -0.086792
0.082531 0.342531
-0.039952 -0.218238
0.351646 0.925948
-0.266941 -3.132833
0.160007 0.532086
-0.218738 -1.875069
0.076313 0.269158
-0.295156 -3.660395
-0.199123 -1.161198
1.340634 1.673036
-0.027073 -0.067829
0.193891 0.572099
-0.039973 -0.226269
-0.357942 -2.056904
-0.043535 -0.213690
-0.326829 -2.637285
-0.019791 -0.090064
0.335300 0.890452
-0.070930 -0.318447
-0.047985 -0.193061
-0.045140 -0.164188
-0.189512 -1.367243
0.036980 0.174092
0.421071 1.056735
-0.002757 -0.012468
