-0.632542 -0.728264
-0.857061 -1.157738
-0.489294 -1.347001
0.675156 1.004610
0.174365 0.677158
-0.066610 -0.092635
-0.177759 -0.203069
0.775925 0.898679
0.392598 0.703659
-1.098424 -0.815247
0.185310 0.264156
0.671416 1.304337
0.915400 0.829385
0.042100 0.089261
0.178298 0.509557
-1.404767 -1.323674
0.020640 0.006373
-0.595497 -0.881546
0.212973 0.115008
0.396719 0.890680
-0.707314 -1.187236
0.589905 0.700630
-1.106192 -0.765175
-1.167259 -0.804657
0.455645 0.106712
-0.062399 -0.124516
0.109973 0.205525
-0.993006 -1.062868
0.446217 0.596465
0.489718 1.378562
-0.392413 -0.815683
1.560630 2.111569
-0.990998 -0.772170
-0.683511 -1.027374
-0.874201 -2.896377
-0.137771 -0.167424
-0.033530 -0.070552
0.183437 0.239733
1.465783 1.652139
-0.006181 -0.008289
-1.629256 -2.539844
0.522611 1.653934
0.079975 0.113768
-0.476071 -0.587133
-0.562398 -1.773009
0.679223 0.740642
-0.214361 -0.363430
0.448947 1.605825
0.276606 0.091902
