0.091140 0.429437
-0.213458 -0.829123
0.225027 1.422544
-0.080097 -0.391132
0.455665 1.310004
-0.096559 -0.920388
0.036160 0.261124
-0.016187 -0.205405
0.033599 0.228917
-0.313813 -0.826528
0.168769 1.573184
-0.043533 -0.379343
-0.253529 -1.017265
-0.055083 -0.219116
0.021346 0.094013
0.075167 0.435418
-0.260597 -0.638198
0.138653 0.991280
-0.098846 -0.560717
0.027031 0.151428
-0.020731 -0.211887
-0.201111 -0.525859
0.039566 0.250463
-0.519628 -1.306898
0.030846 0.244353
0.041740 0.222324
0.166847 0.982809
-0.392629 -1.067324
0.117205 0.651024
-0.124071 -0.452510
-0.184880 -0.924261
0.266108 0.598912
-0.708576 -1.099083
-0.049629 -0.805461
-0.022888 -0.152389
0.345876 0.731286
-0.043507 -0.198216
0.184394 0.938304
-0.558463 -1.106462
0.031969 0.219559
-0.011724 -0.086638
-0.016339 -0.068128
0.089700 0.487879
0.229170 0.891267
-0.026775 -0.190174
-0.195190 -0.784517
0.045395 0.124204
-0.060177 -0.252994
0.209995 1.427496
0.039625 0.531306
