0.343697 0.129092
-1.820736 -0.506275
0.278113 0.106810
1.464771 1.670181
-0.785943 -0.927584
-1.169601 -0.691501
0.842590 0.682450
-0.601762 -0.826301
-2.837811 -0.472640
0.704440 0.200379
0.653901 0.151770
-0.734067 -0.432775
2.674923 1.622679
1.128516 1.150282
1.169147 -0.430637
-0.466662 0.926544
0.792074 -0.773334
-0.728473 -1.028031
-0.555677 2.108709
1.835720 -0.779960
-0.542840 -0.626593
-1.489786 2.385858
2.901931 -0.457996
-0.677175 0.145208
0.538180 0.161131
0.300170 -0.599122
-1.293562 -0.743356
-0.892761 0.758389
1.205488 0.334995
0.150939 -0.303836
-0.318481 -0.620279
-0.444903 1.357309
1.199924 -0.378858
-0.339965 1.332559
1.717390 -0.365104
-0.326454 1.578030
0.743757 1.935321
2.708016 -0.557145
-1.007817 0.565651
0.470904 0.101313
0.330103 -0.811536
-0.649721 -0.631039
-1.148418 -0.796874
1.395802 0.765093
-0.427230 -0.610624
-0.851326 1.227650
0.856753 -0.336577
