-0.482073 -0.940341
-0.518021 -1.043882
0.026887 0.044400
0.969969 1.544125
0.410940 1.522954
-0.587080 -0.931200
0.220521 0.084434
0.244606 0.065831
0.920635 2.062540
-0.686600 -0.879391
-1.221336 -0.576585
1.047537 2.128765
0.523839 0.148950
0.306422 0.655174
0.356245 0.887492
-0.912523 -1.151835
-0.594375 -0.570042
-0.112371 -0.167105
0.677443 0.640422
0.248276 0.247939
-0.238108 -0.376660
0.597110 0.196272
-0.869766 -0.532545
-0.885258 -0.711478
0.762216 0.169754
0.036300 0.049872
0.300003 0.186676
-1.042456 -1.658960
0.717149 0.979929
0.766674 2.185972
-0.418232 -0.879219
1.591513 2.223540
-0.370048 -0.452597
-0.542719 -0.700654
-0.601275 -1.903220
0.673707 0.654007
-0.804491 -0.607450
1.356348 0.971617
-0.358170 -0.597410
1.544594 1.634593
-0.606507 -0.656603
0.762088 1.756903
0.669268 2.216315
0.619680 1.527626
0.022701 0.014035
-0.319353 -1.007589
0.528432 0.126062
0.241262 0.149179
0.585102 2.235298
0.389594 0.138037
