-0.335609 -0.720680
-1.007852 -0.650135
1.098945 1.587213
0.856781 0.843836
-2.565051 -1.301321
-0.472668 -0.880889
-0.565252 -0.660144
-1.091935 -1.940872
0.073229 0.058019
-1.485294 -0.525541
0.759913 1.565710
-1.698319 -2.332696
-0.543961 -0.309814
-3.400763 -2.320868
0.938052 0.767832
0.836932 0.912154
-1.014381 -0.713510
0.444789 0.554513
-0.455052 -0.385193
0.834904 0.795670
-0.618351 -0.637740
-1.978101 -0.652607
-1.170938 -0.641792
-0.809516 -0.862340
-1.446047 -1.669794
1.144513 1.146433
0.493233 0.483890
-0.810970 -0.455391
-0.295745 -0.207424
2.352342 1.726176
-0.449560 -0.322895
2.649901 8.628324
-0.869446 -0.391093
-0.322160 -0.854402
-0.018946 -0.012559
-1.748816 -0.263571
-0.767081 -0.365515
1.582025 1.618464
0.892363 0.689760
1.273810 1.626954
-1.578645 -1.726836
0.624506 0.601791
-1.313346 -0.775575
1.388490 1.129237
-0.621764 -0.221487
-0.701527 -0.651599
2.985121 1.875950
0.535196 0.357203
-1.663762 -2.133720
0.674187 1.511674
