diffNuisances run on fitDiagnostics_t0.root, at 2023-02-07 05:42:14.007859 with the following options ... {'absolute_values': False, 'show_all_parameters': True, 'format': 'text', 'stol2': 0.5, 'pullDef': '', 'vtol': 0.3, 'stol': 0.1, 'plotfile': 'plots_t0.root', 'skipFitB': False, 'sortBy': 'correlation', 'vtol2': 2.0, 'poi': 'yLQ2', 'skipFitS': False}

name                                              b-only fit            s+b fit         rho  approx impact
dy_xsec                                          +0.01, 0.85     * +0.02, 0.92*       +0.39      +0.273
REFAC1718                                        +0.01, 0.85     * +0.02, 0.88*     *+0.31*      +0.208
FAC1718                                          +0.01, 0.91        +0.01, 0.93       +0.23      +0.164
lumiXY                                           +0.01, 0.90        +0.01, 0.92       +0.19      +0.136
REFAC16                                          -0.01, 0.81     * -0.01, 0.81*     *+0.17*      +0.107
RENORM1718                                       -0.01, 0.98        -0.01, 0.99       +0.14      +0.105
lumi17                                           +0.01, 0.85     * +0.01, 0.85*     *+0.11*      +0.074
lumi18                                           +0.01, 0.91        +0.01, 0.91       +0.10      +0.073
muRC18                                           +0.02, 0.95        +0.02, 0.95       +0.09      +0.063
muRC17                                           +0.01, 0.94        +0.01, 0.94       +0.09      +0.066
RENORM16                                         -0.02, 0.96        -0.01, 0.96       +0.08      +0.059
FAC16                                            +0.00, 0.94        +0.00, 0.94       +0.08      +0.057
muIDBAR17                                        +0.00, 0.96        +0.01, 0.96       +0.06      +0.046
prop_binY18_bin12                                +0.01, 0.99        +0.01, 0.99       +0.04      +0.021
prop_binY17_bin6                                 +0.03, 0.97        +0.03, 0.97       +0.04      +0.022
prop_binY17_bin17                                +0.00, 0.99        +0.00, 0.99       +0.04      +0.022
prop_binY16_bin17                                +0.00, 0.98        +0.00, 0.98       +0.04      +0.025
prop_binY16_bin12                                +0.01, 0.98        +0.01, 0.98       +0.04      +0.025
muIDSYS                                          +0.01, 0.98        +0.02, 0.98       +0.04      +0.031
lumi16                                           -0.01, 0.94        -0.01, 0.94       +0.04      +0.028
db_xsec                                          -0.01, 1.00        -0.01, 1.00       +0.04      +0.032
top_xsec                                         -0.01, 0.94        -0.01, 0.94       -0.03      -0.021
prop_binY18_bin17                                +0.00, 0.99        +0.00, 0.99       +0.03      +0.020
prop_binY18_bin0                                 -0.01, 0.98        -0.01, 0.98       -0.03      -0.020
prop_binY17_bin5                                 -0.03, 0.97        -0.03, 0.97       -0.03      -0.017
prop_binY17_bin12                                -0.01, 0.99        -0.01, 0.99       +0.03      +0.020
prop_binY17_bin11                                +0.01, 0.97        +0.01, 0.97       +0.03      +0.019
prop_binY17_bin0                                 -0.02, 0.96        -0.02, 0.96       -0.03      -0.016
prop_binY16_bin6                                 +0.00, 0.96        +0.00, 0.96       +0.03      +0.016
prop_binY16_bin11                                +0.02, 0.97        +0.02, 0.97       +0.03      +0.015
muIDBAR18                                        +0.01, 0.99        +0.01, 0.99       +0.03      +0.019
muIDBAR16                                        -0.03, 0.97        -0.03, 0.97       +0.03      +0.020
lumiLS                                           +0.00, 1.00        +0.00, 1.00       +0.03      +0.019
lumiDB                                           -0.00, 0.99        -0.00, 0.99       +0.03      +0.020
lumiBC                                           +0.00, 1.00        +0.00, 1.00       +0.03      +0.019
emucostrw1b1718                                  -0.06, 0.84     * -0.07, 0.83*     *+0.03*      +0.021
prop_binY18_bin6                                 +0.03, 0.98        +0.03, 0.99       +0.02      +0.012
prop_binY18_bin5                                 -0.02, 0.98        -0.02, 0.98       -0.02      -0.015
prop_binY18_bin4                                 +0.02, 0.97        +0.02, 0.97       -0.02      -0.009
prop_binY18_bin3                                 +0.04, 0.98        +0.04, 0.98       -0.02      -0.009
prop_binY18_bin2                                 +0.01, 0.98        +0.01, 0.98       -0.02      -0.009
prop_binY18_bin16                                -0.00, 1.00        -0.00, 1.00       +0.02      +0.013
prop_binY18_bin13                                -0.02, 0.99        -0.02, 1.00       +0.02      +0.014
prop_binY18_bin11                                -0.00, 0.99        -0.00, 0.99       +0.02      +0.012
prop_binY17_bin4                                 +0.01, 0.98        +0.01, 0.98       -0.02      -0.010
prop_binY17_bin1                                 +0.03, 0.97        +0.03, 0.97       -0.02      -0.010
prop_binY16_bin2                                 -0.06, 0.97        -0.06, 0.97       -0.02      -0.009
prop_binY16_bin16                                +0.00, 0.99        +0.00, 0.99       +0.02      +0.010
prop_binY16_bin15                                +0.01, 0.98        +0.01, 0.98       +0.02      +0.009
prop_binY16_bin13                                -0.00, 0.99        -0.00, 0.99       +0.02      +0.009
prop_binY16_bin0                                 +0.01, 0.97        +0.01, 0.97       -0.02      -0.013
pdf57                                            +0.00, 1.00        +0.00, 1.00       -0.02      -0.012
pdf56                                            -0.00, 1.00        -0.00, 1.00       -0.02      -0.012
pdf35                                            -0.00, 1.00        -0.00, 1.00       -0.02      -0.015
pdf30                                            +0.00, 1.00        +0.00, 1.00       -0.02      -0.013
pdf19                                            -0.00, 1.00        -0.00, 1.00       +0.02      +0.013
muRC16                                           -0.01, 1.01        -0.01, 1.02       +0.02      +0.019
muPref1718                                       -0.00, 1.00        -0.00, 1.00       -0.02      -0.012
muIDEND17                                        +0.00, 0.99        +0.00, 0.99       +0.02      +0.012
muIDEND16                                        +0.02, 0.98        +0.02, 0.97       +0.02      +0.018
muHLTBAR18                                       +0.00, 1.00        +0.00, 1.00       +0.02      +0.012
muFakes17                                        -0.01, 0.98        -0.01, 0.98       +0.02      +0.015
gam_xsec                                         -0.00, 1.00        -0.00, 1.00       +0.02      +0.015
prop_binY18_bin9                                 -0.00, 0.99        -0.00, 0.99       +0.01      +0.004
prop_binY18_bin8                                 -0.01, 0.99        -0.01, 0.99       +0.01      +0.004
prop_binY18_bin7                                 -0.00, 0.99        +0.00, 0.99       +0.01      +0.007
prop_binY18_bin15                                -0.00, 1.00        -0.00, 1.00       +0.01      +0.005
prop_binY18_bin14                                -0.00, 1.00        -0.00, 1.00       +0.01      +0.006
prop_binY18_bin10                                -0.00, 0.99        -0.00, 0.99       +0.01      +0.008
prop_binY18_bin1                                 +0.02, 0.97        +0.02, 0.97       -0.01      -0.006
prop_binY17_bin9                                 -0.01, 0.99        -0.01, 0.99       +0.01      +0.004
prop_binY17_bin8                                 -0.02, 0.99        -0.02, 0.99       +0.01      +0.004
prop_binY17_bin7                                 -0.03, 0.99        -0.02, 0.99       +0.01      +0.004
prop_binY17_bin3                                 +0.03, 0.98        +0.03, 0.98       -0.01      -0.005
prop_binY17_bin2                                 +0.03, 0.98        +0.03, 0.98       -0.01      -0.005
prop_binY17_bin16                                -0.00, 1.00        -0.00, 1.00       +0.01      +0.007
prop_binY17_bin15                                -0.00, 1.00        -0.00, 1.00       +0.01      +0.007
prop_binY17_bin14                                -0.00, 1.00        -0.00, 1.00       +0.01      +0.006
prop_binY17_bin13                                -0.01, 1.00        -0.01, 1.00       +0.01      +0.006
prop_binY17_bin10                                -0.01, 0.99        -0.01, 0.99       +0.01      +0.004
prop_binY16_bin5                                 -0.02, 0.97        -0.02, 0.97       -0.01      -0.008
prop_binY16_bin4                                 +0.01, 0.96        +0.01, 0.96       -0.01      -0.004
prop_binY16_bin3                                 +0.05, 0.97        +0.05, 0.97       -0.01      -0.007
prop_binY16_bin14                                -0.00, 0.99        -0.00, 0.99       +0.01      +0.007
prop_binY16_bin1                                 -0.01, 0.96        -0.01, 0.96       -0.01      -0.006
pdf9                                             +0.00, 1.00        +0.00, 1.00       -0.01      -0.006
pdf8                                             -0.00, 1.00        -0.00, 1.00       -0.01      -0.008
pdf58                                            +0.00, 1.00        +0.00, 1.00       -0.01      -0.006
pdf55                                            +0.00, 1.00        +0.00, 1.00       +0.01      +0.004
pdf54                                            -0.00, 1.00        -0.00, 1.00       -0.01      -0.008
pdf52                                            +0.00, 1.00        +0.00, 1.00       -0.01      -0.009
pdf51                                            +0.00, 1.00        +0.00, 1.00       +0.01      +0.005
pdf49                                            -0.00, 1.00        -0.00, 1.00       -0.01      -0.006
pdf48                                            +0.00, 1.00        +0.00, 1.00       -0.01      -0.010
pdf47                                            +0.00, 1.00        +0.00, 1.00       -0.01      -0.005
pdf44                                            -0.00, 1.00        -0.00, 1.00       +0.01      +0.006
pdf43                                            +0.00, 1.00        +0.00, 1.00       -0.01      -0.011
pdf42                                            +0.00, 1.00        +0.00, 1.00       -0.01      -0.005
pdf41                                            -0.00, 1.00        -0.00, 1.00       -0.01      -0.007
pdf40                                            +0.00, 1.00        +0.00, 1.00       -0.01      -0.009
pdf4                                             -0.00, 1.00        -0.00, 1.00       -0.01      -0.004
pdf34                                            -0.00, 1.00        -0.00, 1.00       -0.01      -0.006
pdf33                                            -0.01, 1.00        -0.00, 1.00       +0.01      +0.009
pdf31                                            -0.00, 1.00        -0.00, 1.00       +0.01      +0.008
pdf3                                             +0.00, 1.00        +0.00, 1.00       -0.01      -0.006
pdf26                                            +0.01, 1.00        +0.01, 1.00       -0.01      -0.005
pdf25                                            +0.00, 1.00        +0.00, 1.00       -0.01      -0.005
pdf23                                            +0.00, 1.00        +0.00, 1.00       -0.01      -0.004
pdf20                                            -0.01, 1.00        -0.01, 1.00       +0.01      +0.007
pdf16                                            -0.00, 1.00        -0.00, 1.00       +0.01      +0.006
pdf15                                            -0.00, 1.00        -0.00, 1.00       +0.01      +0.005
pdf13                                            +0.00, 1.00        +0.00, 1.00       -0.01      -0.011
pdf11                                            -0.00, 1.00        -0.00, 1.00       +0.01      +0.007
pdf1                                             +0.00, 1.00        +0.00, 1.00       -0.01      -0.006
nlo_sys                                          -0.00, 1.00        +0.00, 1.00       -0.01      -0.011
mufakesrw2b18                                    +0.00, 1.00        +0.00, 1.00       +0.01      +0.004
mufakesrw1b17                                    -0.00, 0.99        -0.00, 0.99       +0.01      +0.007
muISOBAR18                                       +0.00, 1.00        +0.00, 1.00       +0.01      +0.005
muISOBAR17                                       +0.00, 1.00        +0.00, 1.00       +0.01      +0.006
muISOBAR16                                       -0.01, 1.00        -0.01, 1.00       +0.01      +0.005
muIDEND18                                        -0.00, 1.00        -0.00, 1.00       +0.01      +0.005
muHLTEND17                                       +0.00, 1.00        +0.00, 1.00       +0.01      +0.004
muHLTEND16                                       +0.01, 1.00        +0.01, 1.00       +0.01      +0.006
muHLTBAR17                                       +0.00, 1.00        +0.00, 1.00       +0.01      +0.007
muHLTBAR16                                       -0.00, 1.00        -0.00, 1.00       +0.01      +0.005
muFakes18                                        +0.00, 1.00        +0.00, 1.00       +0.01      +0.010
lumiGS                                           -0.00, 1.00        -0.00, 1.00       +0.01      +0.009
emucostrw4b1718                                  +0.02, 1.00        +0.02, 1.00       -0.01      -0.004
alphaS16                                         +0.01, 1.01        +0.01, 1.01       -0.01      -0.006
prop_binY16_bin9                                 -0.03, 0.99        -0.03, 0.99       +0.00      +0.002
prop_binY16_bin8                                 -0.02, 0.99        -0.02, 0.99       +0.00      +0.003
prop_binY16_bin7                                 -0.03, 0.98        -0.03, 0.98       -0.00      -0.001
prop_binY16_bin10                                -0.01, 0.99        -0.01, 0.99       +0.00      +0.001
pdf7                                             -0.00, 1.00        -0.00, 1.00       +0.00      +0.001
pdf60                                            -0.00, 1.00        -0.00, 1.00       +0.00      +0.001
pdf6                                             -0.00, 1.00        -0.00, 1.00       -0.00      -0.004
pdf59                                            -0.00, 1.00        -0.00, 1.00       -0.00      -0.001
pdf53                                            +0.00, 1.00        +0.00, 1.00       -0.00      -0.000
pdf50                                            +0.00, 1.00        +0.00, 1.00       +0.00      +0.002
pdf5                                             -0.00, 1.00        -0.00, 1.00       -0.00      -0.003
pdf46                                            -0.00, 1.00        -0.00, 1.00       +0.00      +0.002
pdf45                                            +0.00, 1.00        +0.00, 1.00       -0.00      -0.003
pdf39                                            -0.00, 1.00        -0.00, 1.00       +0.00      +0.001
pdf38                                            -0.00, 1.00        -0.00, 1.00       -0.00      -0.000
pdf37                                            +0.00, 1.00        +0.00, 1.00       -0.00      -0.003
pdf36                                            -0.00, 1.00        -0.00, 1.00       -0.00      -0.004
pdf32                                            +0.00, 1.00        +0.00, 1.00       -0.00      -0.002
pdf29                                            +0.00, 1.00        +0.00, 1.00       -0.00      -0.003
pdf28                                            +0.00, 1.00        +0.00, 1.00       -0.00      -0.000
pdf27                                            -0.00, 1.00        -0.00, 1.00       +0.00      +0.002
pdf24                                            -0.00, 1.00        -0.00, 1.00       +0.00      +0.004
pdf22                                            -0.00, 1.00        -0.00, 1.00       +0.00      +0.001
pdf21                                            +0.00, 1.00        +0.00, 1.00       -0.00      -0.003
pdf2                                             -0.00, 1.00        -0.00, 1.00       -0.00      -0.003
pdf18                                            -0.00, 1.00        -0.00, 1.00       +0.00      +0.001
pdf17                                            -0.00, 1.00        -0.00, 1.00       +0.00      +0.002
pdf14                                            +0.00, 1.00        +0.00, 1.00       -0.00      -0.002
pdf12                                            -0.00, 1.00        -0.00, 1.00       +0.00      +0.004
pdf10                                            +0.00, 1.00        +0.00, 1.00       -0.00      -0.001
mufakesrw4b18                                    +0.00, 1.00        +0.00, 1.00       +0.00      +0.001
mufakesrw4b17                                    -0.00, 1.00        +0.00, 1.00       +0.00      +0.001
mufakesrw4b16                                    -0.00, 1.00        +0.00, 1.00       +0.00      +0.000
mufakesrw3b18                                    +0.00, 1.00        +0.00, 1.00       +0.00      +0.000
mufakesrw3b17                                    -0.00, 1.00        -0.00, 1.00       +0.00      +0.000
mufakesrw3b16                                    -0.00, 1.00        -0.00, 1.00       +0.00      +0.001
mufakesrw2b17                                    -0.00, 1.00        -0.00, 1.00       +0.00      +0.003
mufakesrw2b16                                    +0.00, 1.00        +0.00, 1.00       +0.00      +0.000
mufakesrw1b18                                    -0.00, 1.00        -0.00, 1.00       -0.00      -0.001
mufakesrw1b16                                    +0.00, 1.00        +0.00, 1.00       +0.00      +0.001
muPref16                                         +0.00, 1.00        +0.00, 1.00       -0.00      -0.004
muISOSYS                                         +0.00, 1.00        +0.00, 1.00       +0.00      +0.003
muISOEND18                                       -0.00, 1.00        -0.00, 1.00       -0.00      -0.002
muISOEND17                                       -0.00, 1.00        -0.00, 1.00       -0.00      -0.001
muISOEND16                                       +0.00, 1.00        +0.00, 1.00       +0.00      +0.004
muHLTEND18                                       -0.00, 1.00        +0.00, 1.00       +0.00      +0.002
muFakes16                                        +0.00, 1.00        +0.00, 1.00       +0.00      +0.002
emucostrw4b16                                    -0.00, 1.00        -0.00, 1.00       -0.00      -0.003
emucostrw3b1718                                  +0.01, 0.99        +0.01, 0.99       -0.00      -0.000
emucostrw3b16                                    -0.00, 0.99        -0.00, 0.99       +0.00      +0.000
emucostrw2b1718                                  -0.01, 1.00        -0.01, 1.00       +0.00      +0.002
emucostrw2b16                                    +0.00, 0.99        +0.00, 0.99       +0.00      +0.001
emucostrw1b16                                    +0.03, 0.83     * +0.02, 0.83*     *+0.00*      +0.002
alphaS1718                                       -0.00, 1.00        +0.00, 1.00       +0.00      +0.000
Pu                                               +0.01, 0.98        +0.01, 0.98       -0.00      -0.000
