diffNuisances run on fitDiagnostics_t1.root, at 2023-02-07 04:07:41.053443 with the following options ... {'absolute_values': False, 'show_all_parameters': True, 'format': 'text', 'stol2': 0.5, 'pullDef': '', 'vtol': 0.3, 'stol': 0.1, 'plotfile': 'plots_t1.root', 'skipFitB': False, 'sortBy': 'correlation', 'vtol2': 2.0, 'poi': 'yLQ2', 'skipFitS': False}

name                                              b-only fit            s+b fit         rho  approx impact
elIDBARPTHIGH                                    -0.03, 0.71     * -0.03, 0.83*     *-0.54*      -3.403
elScaleGain18                                    -0.01, 0.81     * -0.01, 0.88*     *-0.40*      -2.693
elScaleGain17                                    -0.06, 0.85     * -0.06, 0.87*     *-0.21*      -1.400
elScaleGain16                                    -0.04, 0.89     * -0.04, 0.91*       -0.20      -1.360
REFAC16                                          -0.04, 0.84     * -0.04, 0.85*     *-0.17*      -1.095
elIDENDPTHIGH                                    +0.06, 0.77     * +0.05, 0.77*     *-0.14*      -0.811
prop_binY18_bin12                                +0.03, 0.95        +0.03, 0.95       -0.13      -0.728
dy_xsec                                          +0.00, 0.95        +0.00, 0.95       -0.13      -0.920
prop_binY18_bin0                                 -0.03, 0.87     * -0.03, 0.88*     *+0.11*      +0.553
prop_binY17_bin12                                +0.02, 0.98        +0.02, 0.98       -0.10      -0.571
prop_binY17_bin0                                 -0.05, 0.91        -0.05, 0.92       +0.10      +0.522
top_xsec                                         -0.02, 0.97        -0.02, 0.97       +0.09      +0.666
prop_binY18_bin17                                +0.01, 0.96        +0.01, 0.96       -0.09      -0.501
elFakes18                                        +0.01, 0.80     * +0.01, 0.81*     *-0.09*      -0.524
RENORM16                                         -0.02, 0.99        -0.02, 1.00       -0.08      -0.634
REFAC1718                                        +0.01, 0.92        +0.00, 0.93       -0.08      -0.568
FAC1718                                          -0.01, 0.95        -0.01, 0.95       -0.08      -0.549
prop_binY17_bin5                                 -0.00, 0.93        -0.01, 0.93       +0.07      +0.358
prop_binY17_bin17                                +0.01, 0.98        +0.01, 0.98       -0.07      -0.435
prop_binY16_bin0                                 +0.03, 0.88     * +0.03, 0.89*     *+0.07*      +0.356
lumiXY                                           +0.00, 0.94        +0.00, 0.95       -0.07      -0.465
elRECOBARPTHIGH                                  -0.01, 0.99        -0.01, 0.99       -0.07      -0.524
RENORM1718                                       -0.00, 1.01        -0.00, 1.01       -0.07      -0.524
FAC16                                            -0.03, 0.95        -0.03, 0.95       -0.07      -0.521
prop_binY17_bin1                                 +0.07, 0.97        +0.07, 0.97       +0.06      +0.334
emucostrw1b1718                                  -0.05, 0.94        -0.04, 0.94       +0.06      +0.402
prop_binY17_bin4                                 +0.00, 0.98        +0.00, 0.98       +0.05      +0.301
prop_binY16_bin12                                +0.02, 0.98        +0.02, 0.98       -0.05      -0.301
lumi18                                           +0.01, 0.94        +0.01, 0.95       -0.05      -0.372
prop_binY18_bin1                                 -0.04, 0.97        -0.04, 0.97       +0.04      +0.224
prop_binY16_bin17                                +0.01, 0.98        +0.01, 0.98       -0.04      -0.205
prop_binY16_bin13                                +0.00, 0.99        +0.00, 0.99       -0.04      -0.226
lumi17                                           +0.00, 0.93        +0.00, 0.94       +0.04      +0.263
elfakesrw1b18                                    +0.00, 0.93        +0.00, 0.94       -0.04      -0.300
prop_binY18_bin5                                 -0.02, 0.90     * -0.02, 0.90*     *+0.03*      +0.185
prop_binY18_bin2                                 +0.04, 0.98        +0.04, 0.98       +0.03      +0.162
prop_binY16_bin5                                 -0.02, 0.91        -0.02, 0.91       +0.03      +0.143
prop_binY16_bin4                                 +0.02, 0.96        +0.02, 0.96       +0.03      +0.196
prop_binY16_bin16                                +0.00, 0.99        +0.00, 0.99       -0.03      -0.154
prop_binY16_bin11                                +0.01, 0.90     * +0.01, 0.90*     *-0.03*      -0.154
prop_binY16_bin1                                 -0.03, 0.95        -0.03, 0.95       +0.03      +0.179
lumi16                                           -0.02, 0.95        -0.02, 0.96       -0.03      -0.217
elfakesrw3b17                                    +0.02, 0.99        +0.02, 0.99       +0.03      +0.195
elfakesrw1b17                                    -0.03, 0.95        -0.03, 0.95       -0.03      -0.186
prop_binY18_bin9                                 -0.01, 0.99        -0.01, 0.99       -0.02      -0.093
prop_binY18_bin8                                 +0.00, 0.99        -0.00, 0.99       -0.02      -0.099
prop_binY18_bin7                                 +0.01, 0.99        +0.01, 0.99       -0.02      -0.124
prop_binY18_bin4                                 +0.01, 0.98        +0.01, 0.98       +0.02      +0.136
prop_binY18_bin3                                 -0.00, 0.98        -0.00, 0.98       +0.02      +0.124
prop_binY18_bin14                                -0.00, 1.00        -0.00, 1.00       -0.02      -0.100
prop_binY18_bin13                                -0.00, 1.00        -0.00, 1.00       -0.02      -0.136
prop_binY18_bin10                                -0.00, 0.99        -0.00, 0.99       -0.02      -0.105
prop_binY17_bin6                                 -0.05, 0.95        -0.05, 0.95       -0.02      -0.129
prop_binY17_bin3                                 +0.00, 0.98        +0.00, 0.98       +0.02      +0.141
prop_binY17_bin2                                 +0.05, 0.98        +0.05, 0.98       +0.02      +0.142
prop_binY17_bin15                                -0.00, 1.00        -0.00, 1.00       -0.02      -0.099
prop_binY17_bin14                                +0.00, 1.00        +0.00, 1.00       -0.02      -0.119
prop_binY17_bin11                                +0.02, 0.96        +0.02, 0.96       -0.02      -0.123
prop_binY16_bin6                                 +0.04, 0.87     * +0.04, 0.87*     *-0.02*      -0.099
prop_binY16_bin15                                +0.00, 1.00        +0.00, 1.00       -0.02      -0.089
prop_binY16_bin14                                -0.00, 1.00        -0.00, 1.00       -0.02      -0.104
prefire17                                        -0.02, 0.94        -0.02, 0.94       -0.02      -0.153
pdf52                                            -0.00, 1.00        +0.00, 1.00       +0.02      +0.121
pdf31                                            -0.00, 1.00        -0.00, 1.00       -0.02      -0.138
nlo_sys                                          -0.00, 1.00        +0.00, 1.00       -0.02      -0.116
emucostrw3b1718                                  +0.01, 0.99        +0.01, 0.99       +0.02      +0.148
elfakesrw3b16                                    -0.01, 0.98        -0.01, 0.98       +0.02      +0.132
elfakesrw2b17                                    -0.00, 1.00        -0.00, 1.00       -0.02      -0.121
elScaleSyst                                      -0.00, 0.99        -0.00, 0.99       -0.02      -0.115
elRECOENDPTHIGH                                  +0.01, 0.99        +0.00, 0.99       -0.02      -0.122
elIDENDPTLOW                                     -0.01, 1.00        -0.01, 1.00       +0.02      +0.122
elHLTBARPTHIGH18                                 +0.00, 0.99        +0.00, 0.99       -0.02      -0.134
elFakes16                                        +0.05, 0.87     * +0.04, 0.87*     *+0.02*      +0.142
prop_binY18_bin16                                -0.00, 1.00        -0.00, 1.00       -0.01      -0.088
prop_binY18_bin15                                -0.00, 1.00        -0.00, 1.00       -0.01      -0.088
prop_binY17_bin9                                 -0.01, 0.99        -0.01, 0.99       -0.01      -0.069
prop_binY17_bin8                                 -0.02, 0.99        -0.02, 0.99       -0.01      -0.072
prop_binY17_bin7                                 -0.01, 0.99        -0.01, 0.99       -0.01      -0.055
prop_binY17_bin16                                -0.00, 1.00        -0.00, 1.00       -0.01      -0.036
prop_binY17_bin13                                -0.00, 1.00        -0.00, 1.00       -0.01      -0.061
prop_binY17_bin10                                -0.01, 0.99        -0.01, 0.99       -0.01      -0.044
prop_binY16_bin9                                 -0.02, 0.99        -0.02, 0.99       -0.01      -0.052
prop_binY16_bin8                                 -0.02, 0.99        -0.02, 0.99       -0.01      -0.058
prop_binY16_bin3                                 +0.00, 0.97        +0.00, 0.97       +0.01      +0.068
prop_binY16_bin2                                 +0.01, 0.97        +0.00, 0.97       +0.01      +0.073
prefire16                                        +0.00, 0.98        +0.00, 0.98       +0.01      +0.049
pdf9                                             +0.00, 1.00        +0.00, 1.00       +0.01      +0.049
pdf8                                             +0.00, 1.00        +0.00, 1.00       +0.01      +0.068
pdf7                                             +0.00, 1.00        +0.00, 1.00       -0.01      -0.054
pdf54                                            +0.00, 1.00        +0.00, 1.00       +0.01      +0.065
pdf53                                            -0.00, 1.00        -0.00, 1.00       -0.01      -0.066
pdf47                                            -0.00, 1.00        -0.00, 1.00       +0.01      +0.073
pdf42                                            -0.00, 1.00        -0.00, 1.00       +0.01      +0.039
pdf39                                            -0.00, 1.00        -0.00, 1.00       +0.01      +0.043
pdf34                                            +0.00, 1.00        +0.00, 1.00       +0.01      +0.064
pdf33                                            -0.00, 1.00        -0.00, 1.00       -0.01      -0.085
pdf32                                            -0.00, 1.00        -0.00, 1.00       +0.01      +0.083
pdf30                                            -0.00, 1.00        -0.00, 1.00       +0.01      +0.038
pdf26                                            -0.00, 1.00        -0.00, 1.00       +0.01      +0.081
pdf22                                            +0.00, 1.00        +0.00, 1.00       -0.01      -0.062
pdf21                                            -0.00, 1.00        -0.00, 1.00       +0.01      +0.059
pdf20                                            -0.00, 1.00        -0.00, 1.00       -0.01      -0.101
pdf19                                            -0.00, 1.00        -0.00, 1.00       -0.01      -0.059
pdf18                                            -0.00, 1.00        -0.00, 1.00       -0.01      -0.064
pdf16                                            -0.00, 1.00        -0.00, 1.00       +0.01      +0.042
pdf15                                            -0.00, 1.00        -0.00, 1.00       -0.01      -0.092
pdf10                                            -0.00, 1.00        -0.00, 1.00       +0.01      +0.077
gam_xsec                                         +0.00, 1.00        +0.00, 1.00       -0.01      -0.089
emucostrw3b16                                    -0.00, 0.99        -0.00, 0.99       +0.01      +0.046
emucostrw2b1718                                  -0.01, 1.00        -0.01, 1.00       +0.01      +0.072
emucostrw1b16                                    +0.02, 0.94        +0.01, 0.94       +0.01      +0.044
elfakesrw4b17                                    +0.02, 0.99        +0.02, 0.99       +0.01      +0.083
elfakesrw4b16                                    -0.00, 0.99        -0.00, 0.99       +0.01      +0.038
elfakesrw2b16                                    +0.01, 1.00        +0.01, 1.00       -0.01      -0.072
elfakesrw1b16                                    +0.04, 0.90     * +0.04, 0.90*     *+0.01*      +0.078
elRECOENDPTLOW                                   -0.00, 1.00        -0.00, 1.00       +0.01      +0.057
elHLTENDPTHIGH18                                 +0.00, 1.00        +0.00, 1.00       -0.01      -0.045
elHLTBARPTLOW18                                  +0.00, 1.00        +0.00, 1.00       -0.01      -0.069
elHLTBARPTLOW16                                  -0.00, 1.00        -0.00, 1.00       -0.01      -0.041
elHLTBARPTHIGH17                                 +0.00, 0.99        +0.00, 0.99       +0.01      +0.053
elHLTBARPTHIGH16                                 -0.00, 1.01        -0.00, 1.01       -0.01      -0.080
elFakes17                                        -0.01, 0.93        -0.01, 0.93       -0.01      -0.046
db_xsec                                          -0.00, 1.00        -0.00, 1.00       -0.01      -0.103
alphaS16                                         +0.01, 1.00        +0.01, 1.00       +0.01      +0.069
Pu                                               +0.02, 0.98        +0.02, 0.98       -0.01      -0.053
prop_binY18_bin6                                 +0.01, 0.90     * +0.01, 0.90*     *+0.00*      +0.023
prop_binY18_bin11                                +0.00, 0.92        +0.00, 0.92       -0.00      -0.027
prop_binY16_bin7                                 -0.03, 0.99        -0.03, 0.99       -0.00      -0.022
prop_binY16_bin10                                -0.01, 0.99        -0.01, 0.99       -0.00      -0.013
prefire18                                        -0.00, 1.00        +0.00, 1.00       +0.00      +0.000
pdf60                                            +0.00, 1.00        +0.00, 1.00       +0.00      +0.025
pdf6                                             +0.00, 1.00        +0.00, 1.00       +0.00      +0.032
pdf59                                            +0.00, 1.00        +0.00, 1.00       -0.00      -0.034
pdf58                                            +0.00, 1.00        +0.00, 1.00       +0.00      +0.037
pdf57                                            +0.00, 1.00        +0.00, 1.00       -0.00      -0.009
pdf56                                            -0.00, 1.00        -0.00, 1.00       +0.00      +0.022
pdf55                                            -0.00, 1.00        -0.00, 1.00       -0.00      -0.023
pdf51                                            -0.00, 1.00        -0.00, 1.00       -0.00      -0.035
pdf50                                            -0.00, 1.00        -0.00, 1.00       -0.00      -0.010
pdf5                                             -0.00, 1.00        -0.00, 1.00       -0.00      -0.015
pdf49                                            +0.00, 1.00        +0.00, 1.00       -0.00      -0.010
pdf48                                            +0.00, 1.00        +0.00, 1.00       +0.00      +0.036
pdf46                                            +0.00, 1.00        +0.00, 1.00       +0.00      +0.008
pdf45                                            -0.00, 1.00        -0.00, 1.00       +0.00      +0.012
pdf44                                            +0.00, 1.00        +0.00, 1.00       +0.00      +0.016
pdf43                                            +0.00, 1.00        +0.00, 1.00       +0.00      +0.018
pdf41                                            +0.00, 1.00        +0.00, 1.00       -0.00      -0.010
pdf40                                            +0.00, 1.00        +0.00, 1.00       +0.00      +0.017
pdf4                                             +0.00, 1.00        +0.00, 1.00       +0.00      +0.035
pdf38                                            +0.00, 1.00        +0.00, 1.00       -0.00      -0.005
pdf37                                            +0.00, 1.00        +0.00, 1.00       +0.00      +0.021
pdf36                                            +0.00, 1.00        +0.00, 1.00       -0.00      -0.002
pdf35                                            +0.00, 1.00        +0.00, 1.00       +0.00      +0.033
pdf3                                             +0.00, 1.00        +0.00, 1.00       +0.00      +0.031
pdf29                                            +0.00, 1.00        +0.00, 1.00       +0.00      +0.007
pdf28                                            +0.00, 1.00        +0.00, 1.00       -0.00      -0.019
pdf27                                            +0.00, 1.00        +0.00, 1.00       +0.00      +0.009
pdf25                                            +0.00, 1.00        +0.00, 1.00       +0.00      +0.022
pdf24                                            -0.00, 1.00        -0.00, 1.00       +0.00      +0.012
pdf23                                            +0.00, 1.00        +0.00, 1.00       +0.00      +0.035
pdf2                                             +0.00, 1.00        +0.00, 1.00       -0.00      -0.034
pdf17                                            +0.00, 1.00        +0.00, 1.00       -0.00      -0.036
pdf14                                            -0.00, 1.00        -0.00, 1.00       -0.00      -0.026
pdf13                                            +0.00, 1.00        +0.00, 1.00       +0.00      +0.029
pdf12                                            -0.00, 1.00        -0.00, 1.00       +0.00      +0.036
pdf11                                            -0.00, 1.00        -0.00, 1.00       -0.00      -0.025
pdf1                                             +0.00, 1.00        +0.00, 1.00       -0.00      -0.014
lumiLS                                           +0.00, 1.00        +0.00, 1.00       -0.00      -0.011
lumiGS                                           -0.00, 1.00        -0.00, 1.00       -0.00      -0.027
lumiDB                                           -0.00, 1.00        -0.00, 1.00       +0.00      +0.013
lumiBC                                           +0.00, 1.00        +0.00, 1.00       -0.00      -0.011
emucostrw4b1718                                  +0.01, 1.00        +0.01, 1.00       +0.00      +0.017
emucostrw4b16                                    -0.00, 1.00        -0.00, 1.00       +0.00      +0.003
emucostrw2b16                                    +0.00, 1.00        +0.00, 1.00       -0.00      -0.000
elfakesrw4b18                                    +0.01, 0.99        +0.01, 0.99       -0.00      -0.032
elfakesrw3b18                                    -0.00, 1.00        -0.00, 1.00       -0.00      -0.028
elfakesrw2b18                                    -0.00, 1.00        -0.00, 1.00       +0.00      +0.012
elSmear                                          -0.00, 1.00        -0.00, 1.00       +0.00      +0.012
elScaleStat18                                    -0.00, 1.00        +0.00, 1.00       +0.00      +0.000
elScaleStat17                                    -0.00, 1.00        +0.00, 1.00       +0.00      +0.000
elScaleStat16                                    -0.00, 1.00        +0.00, 1.00       +0.00      +0.000
elRECOBARPTLOW                                   -0.00, 1.00        -0.00, 1.00       +0.00      +0.008
elIDBARPTLOW                                     -0.00, 1.00        -0.00, 1.00       +0.00      +0.013
elHLTENDPTLOW18                                  +0.00, 1.00        +0.00, 1.00       -0.00      -0.014
elHLTENDPTLOW17                                  -0.00, 1.00        -0.00, 1.00       +0.00      +0.025
elHLTENDPTLOW16                                  +0.00, 1.00        +0.00, 1.00       -0.00      -0.001
elHLTENDPTHIGH17                                 +0.00, 1.00        +0.00, 1.00       +0.00      +0.029
elHLTENDPTHIGH16                                 -0.00, 1.00        -0.00, 1.00       -0.00      -0.010
elHLTBARPTLOW17                                  +0.00, 1.00        +0.00, 1.00       +0.00      +0.024
alphaS1718                                       -0.00, 1.00        +0.00, 1.00       +0.00      +0.000
