-1.953825 -5.223166
-2.566513 -4.187348
-2.322272 -4.516960
-2.500607 -4.007058
-3.404981 -3.406290
-1.745367 -5.908753
-2.188013 -4.745447
-0.872972 -13.218131
-2.123923 -4.805257
-3.046424 -3.864957
-1.861006 -5.314561
-1.925000 -4.319177
-2.500985 -3.998656
-2.773059 -4.095346
-2.667099 -5.812501
-0.746838 -3.397899
-3.435759 -4.588344
-2.117521 -4.216820
-2.353983 -4.296508
-2.560691 -5.199760
-1.958083 -3.435647
-3.367865 -4.472729
-2.351489 -3.981323
-2.546292 -5.073363
-2.005600 -4.180191
-2.584801 -4.464651
-2.324869 -376.572451
-3.107438 -4.337358
-2.466158 -3.744609
-3.167899 -4.595559
-2.241116 -3.088005
-4.365879 -3.242138
-3.835253 -8.066999
-1.461115 -4.537740
-2.300849 -3.024241
-4.590041 -3.922710
-2.919618 -3.825817
-2.745633 -4.019146
-2.815836 -4.681074
-2.214591 -4.714032
-2.215775 -3.929434
-2.864426 -4.090747
-2.718479 -4.040759
-2.779966 -4.506658
-2.155705 -15.161382
-2.515484 -3.682223
-3.267053 -3.652562
-2.943709 -4.947886
-2.097413 -6.051716
