0.002686 0.092509
-0.008179 -0.361103
-0.005790 -0.354350
0.017245 0.902132
-0.000066 -0.001806
-0.063597 -1.122237
-0.071847 -0.889992
0.022919 0.495510
0.011068 0.480721
0.019077 0.467315
0.015310 0.374314
0.002313 0.051707
0.002313 0.051707
-0.038433 -0.581913
0.010186 0.613542
0.053192 1.259398
-0.147998 -0.762203
-0.004755 -0.098970
-0.027064 -1.282854
-0.027064 -1.282854
-0.063633 -1.265644
0.005205 0.228215
-0.032330 -0.948694
-0.029393 -0.724821
-0.014877 0.144523
0.004248 1.058124
0.019600 -1.134303
-0.007390 1.701268
0.006439 -0.692855
-0.011645 -1.193728
-0.034694 1.388947
0.054341 0.151021
0.006753 0.151021
0.006753 0.151021
0.006753 -0.041779
-0.002551 0.593484
0.108310 -0.763809
-0.078997 -0.763809
-0.078997 -0.763809
-0.078997 -0.763809
-0.078997 1.177131
0.103908 1.177131
0.103908 1.177131
0.103908 1.177131
0.103908 -0.403701
-0.017774 -0.403701
-0.017774 0.913970
0.038530 0.913970
0.038530 0.913970
