-0.236072 -1.307160
-0.122561 -0.651076
-0.185300 -0.662548
0.209100 0.799537
-0.654595 -1.829359
-0.142357 -0.358205
-0.269959 -0.933056
-0.236147 -0.380850
0.630179 1.855566
0.506013 1.073928
0.024638 0.032871
0.483948 1.194710
-0.315833 -0.452723
0.206571 0.280654
0.507593 1.046395
0.710848 1.075119
0.892109 1.516523
0.590866 1.515267
-0.605217 -0.657884
-0.605217 -0.657884
-0.318011 -0.606204
0.365268 0.656147
-0.418665 -0.565166
-0.309780 -0.735330
0.437736 0.638386
1.260125 1.999826
-1.262937 -1.890157
0.420324 0.662181
-1.056428 -1.313220
0.681773 1.144841
0.681773 1.144841
0.503998 0.753913
-1.127899 -0.956753
-1.127899 -0.956753
-0.479443 -0.615271
-0.479443 -0.615271
-0.231037 -0.175145
-0.231037 -0.175145
-0.231037 -0.175145
0.350070 1.083544
0.202492 0.830431
-0.243170 -0.945339
-0.109494 -0.565520
0.306125 3.010409
-0.033714 -0.213922
-0.004771 -0.024950
-0.004771 -0.024950
0.127887 1.059720
0.127887 1.059720
-0.188796 -0.351628
-0.188796 -0.351628
0.064770 0.609852
-0.110295 -0.297764
-0.110295 -0.297764
-0.110295 -0.297764
0.228939 2.488715
0.228939 2.488715
-0.044456 -0.809630
-0.105163 -0.484885
-0.105163 -0.484885
-0.105163 -0.484885
-0.091330 -3.395625
-0.029787 -0.151614
-0.029787 -0.151614
-0.029787 -0.151614
-0.006867 -0.040904
-0.006867 -0.040904
-0.075503 -0.723172
0.100551 1.785280
0.100551 1.785280
-0.066574 -0.864146
-0.053932 -0.137758
-0.168059 -0.534552
-0.168059 -0.534552
-0.168059 -0.534552
-0.119730 -0.534552
-0.119730 -0.534552
-0.119730 -0.534552
-0.119730 -0.534552
-0.119730 -0.534552
-0.119730 -0.534552
-0.119730 -0.534552
-0.119730 -0.534552
-0.119730 -0.534552
-0.119730 -0.534552
-0.119730 -0.534552
-0.119730 -0.534552
-0.119730 -0.534552
-0.119730 -1.144862
-0.119730 -0.715333
-0.119730 -0.715333
-0.103230 -0.715333
-0.103230 -0.715333
-0.103230 -0.908371
-0.103230 -0.908371
-0.103230 -0.908371
-0.103230 -0.975878
-0.103230 -0.975878
-0.103230 -0.975878
-0.103230 -0.975878
-0.025530 -0.975878
-0.046130 0.173200
-0.046130 0.173200
-0.046130 -1.251819
-0.046130 -1.251819
-0.036936 -1.251819
-0.036936 -1.251819
-0.036936 -1.251819
-0.099374 -1.251819
-0.099374 -1.251819
-0.099374 -0.206128
-0.099374 -1.155808
-0.099374 -1.155808
0.019126 -1.155808
0.019126 1.354195
-0.023478 -0.677586
-0.148777 0.050878
-0.148777 0.050878
-0.148777 -0.925143
-0.148777 -0.925143
-0.148777 -0.925143
-0.148777 -1.198264
-0.148777 -1.198264
-0.020181 -1.198264
-0.106511 -1.223075
-0.106511 -0.904166
-0.106511 -3.550243
0.071738 -3.550243
-0.040914 -3.550243
0.009214 -3.550243
0.009214 -3.550243
-0.040418 -3.550243
-0.040418 -3.550243
-0.040418 -3.550243
-0.025238 -3.550243
-0.061228 -3.550243
-0.061228 -3.550243
-0.061228 -3.550243
-0.022553 -3.550243
-0.008631 -3.550243
-0.008631 -3.550243
0.039661 -3.550243
0.039661 -3.550243
0.039661 -3.550243
0.039661 -3.550243
0.039661 -3.550243
0.039661 -3.550243
-0.034144 -3.550243
-0.179185 -3.550243
-0.179185 -3.550243
-0.179185 -3.550243
-0.179185 -3.550243
-0.179185 -0.497417
-0.179185 -0.742454
-0.179185 -0.742454
-0.179185 -0.742454
-0.179185 -0.742454
-0.179185 -0.742454
-0.179185 -0.742454
-0.179185 -0.742454
-0.179185 -0.742454
-0.179185 -0.742454
-0.179185 -0.742454
-0.179185 -0.742454
-0.179185 -2.625416
-0.179185 -2.625416
-0.179185 1.742488
-0.179185 1.742488
-0.179185 1.742488
-0.179185 2.344656
-0.179185 -0.817199
-0.179185 -0.817199
