-0.258018 -7.813123
0.062277 0.530355
-0.005956 -0.065656
-0.208943 -2.851734
0.144016 0.911372
-0.122883 -2.900394
-0.015849 -0.186763
-0.229251 -7.534905
-0.193283 -2.715576
0.163808 0.955267
-0.077313 -1.356505
-0.283517 -9.493456
-0.197654 -2.504542
0.189415 1.269119
0.103204 5.115942
0.016735 0.186142
0.168977 1.038096
0.026221 0.275204
-0.013755 -0.163341
-0.225249 -3.475764
0.240574 1.269477
0.011505 0.115378
0.147806 1.001828
-0.001038 -0.011367
0.076432 0.643339
-0.262155 -6.249158
0.046566 0.382721
0.092452 0.808789
0.124609 0.897309
-0.215895 -3.401730
-0.234216 -1.680962
-0.105135 -0.888879
-0.061059 13.774502
0.357165 0.518082
0.057474 0.297617
0.031180 0.730202
0.083026 -4.624199
-0.228271 -3.790613
-0.213579 -3.960641
-0.257309 0.437676
0.050714 -4.561691
-0.288074 -4.936976
-0.224722 0.084121
0.007836 0.903896
0.154142 -1.187362
-0.180882 -5.723671
-0.230866 -5.882585
