0.013065 0.170165
0.020412 0.257027
-0.078583 -1.545543
-0.047996 -0.807471
0.073091 0.808680
0.060194 0.645582
-0.051465 -0.824094
0.018798 0.248970
0.017116 0.200383
0.079295 0.792703
-0.105980 -1.810903
-0.005277 -0.077723
0.165375 1.319999
0.194898 1.476554
-0.137126 -2.970145
-0.040511 0.470718
0.039222 -1.404292
-0.074381 -0.436825
-0.029071 -0.595534
-0.036329 -1.076598
-0.062671 0.444928
0.043532 0.765734
0.082644 -29.481520
-0.073620 0.404266
0.038365 1.001782
0.087351 -0.442821
-0.026879 -2.108003
-0.098651 1.616270
0.024841 0.774750
0.062318 0.621320
0.055137 -0.250391
-0.015457 7.579057
0.016595 3.070426
0.015469 3.070426
0.015469 3.070426
0.015469 1.056704
0.040965 1.056704
0.120515 -23.192265
0.120515 -14.384880
-0.099007 -14.384880
-0.043218 13.546990
-0.043218 -0.078411
0.046522 -191.253737
0.007385 0.931845
-0.006381 0.931845
-0.051202 -6.252313
0.124701 0.506346
0.124701 -1.930738
-0.882767 0.588438
0.042240 1.337424
-0.090018 -0.886642
0.048017 -1.115723
0.140044 -2.810895
-0.059288 -1.809541
-0.066743 0.306667
-0.121197 -1.694878
-0.088451 1.102516
0.028110 0.078539
-0.076260 0.158518
0.094830 1.800466
0.006613 1.800466
0.013834 0.867961
0.238124 0.005781
0.238124 -0.006278
0.082923 0.364083
0.000487 0.703194
-0.000526 0.103428
0.038150 0.681157
0.082127 -1.546087
0.012319 -2.477040
0.082955 0.884156
-0.121245 0.988201
-0.046727 0.988201
0.079946 -11.945029
0.010156 5.523794
0.010156 -0.022448
-0.075989 -0.022448
0.071902 0.314950
-0.001743 -2.251107
-0.001743 -2.902560
0.026639 -1.041442
-0.102157 34.501020
-0.051169 34.501020
-0.063241 -1.010413
0.026161 -1.010413
0.026161 -33.374139
-0.063740 -0.057646
-0.063740 -0.057646
-0.081101 0.087192
-0.010360 0.469310
-0.010360 0.282761
0.024119 -0.445971
0.104642 0.523872
0.031073 4.628359
-0.025696 1.082293
0.062418 -1.056223
0.011473 -1.906685
0.116936 -0.726014
-0.062287 0.254592
-0.097761 0.416889
-0.059650 -1.360623
0.056722 -1.360623
0.059458 20.508459
-0.065044 -0.593565
-0.065044 0.241502
0.054280 0.241502
-0.049743 0.241502
0.038026 0.241502
0.038026 0.805924
0.038026 0.805924
0.038026 0.565722
0.147030 -0.441863
0.147030 -0.441863
0.061388 -0.441863
-0.031286 5.553770
-0.031286 9.048291
-0.031286 9.048291
0.020797 -14.989842
0.028226 -14.989842
0.028226 -14.989842
-0.039175 -14.989842
-0.039175 -0.112858
-0.039175 -0.049046
-0.039175 -0.004345
-0.009049 0.666789
-0.004097 -20.042669
-0.000380 1.075031
0.074923 0.046654
-0.077071 1.333700
0.095589 1.333700
0.003797 0.376868
0.006803 -1.189126
0.006803 -0.244552
0.026745 -0.138405
-0.059649 0.477094
-0.014887 0.264015
-0.011308 -24.284628
0.049552 -24.284628
0.018483 0.461684
-0.057096 0.142893
-0.057096 -0.358150
0.033974 -101.702571
0.011997 -101.702571
-0.025758 -1.931695
-0.059834 -1.931695
-0.059834 0.284919
-0.103805 188.642509
-0.103805 188.642509
0.064147 188.642509
0.035613 -0.126275
0.035613 -3.564142
0.035613 -0.094083
-0.007910 -0.094083
-0.011293 0.489232
-0.009369 0.489232
-0.009369 -0.586800
0.071420 -1.185554
0.071420 -1.185554
-0.044614 -0.062191
-0.080820 0.286800
-0.080820 25.158047
-0.014175 26.609794
0.022536 26.609794
0.052540 -0.163952
0.033320 -0.163952
0.015236 -0.218752
0.015236 0.080234
-0.046509 -0.171695
-0.017982 -0.171695
-0.017982 -0.161273
-0.025841 -0.161273
0.015345 0.769612
-0.022700 0.438845
-0.022700 0.438845
-0.028748 67.391537
-0.028748 0.477481
-0.060109 0.209821
0.072861 0.421192
0.033014 0.421192
0.033014 0.421192
0.075370 0.617047
0.067053 0.737340
0.014314 1.113402
0.043548 -1.501129
0.043548 -0.466222
0.043548 0.206089
0.066103 0.206089
0.059271 1.415903
0.153933 -0.466932
0.117922 0.173606
-0.083191 -6.762330
-0.029160 -0.570174
