0.292258 1.166852
0.114648 0.355374
-0.186556 -0.433971
0.188951 1.804016
-0.219977 -1.400518
-0.166824 -0.824192
0.028590 0.173443
0.186534 2.061675
-0.234713 -1.510507
0.014804 0.068873
0.011992 0.079137
0.252285 2.441427
0.132874 1.354147
0.132874 1.354147
0.025529 0.171421
0.020747 0.092951
-0.291049 -2.282366
-0.291049 -2.282366
0.110661 0.776788
0.190178 1.927058
-0.057652 -0.826193
-0.096119 -0.911370
-0.147921 -1.040934
0.060026 0.916960
0.110507 2.412601
-0.054654 -0.443571
-0.145125 -2.510943
-0.073715 -0.692821
-0.134908 -1.384123
-0.191251 -2.161063
0.181053 1.933318
-0.064138 -0.604857
-0.073931 -1.163710
-0.029489 -1.211722
0.075946 2.051701
-0.009853 -0.173189
-0.047448 -0.876335
-0.003437 -0.023219
-0.072856 -0.307825
0.076352 1.210305
0.123667 4.318511
0.057313 0.347882
-0.333250 -1.879485
-0.263449 -1.897163
0.108395 0.672092
-0.174298 -0.676747
-0.377177 -1.384213
-0.349815 -1.443172
-0.349815 -1.443172
-0.349815 -1.443172
0.016341 0.093753
-0.092696 -0.896660
0.180453 2.381290
0.180453 2.381290
0.245630 0.451996
0.245630 0.451996
0.031393 0.948880
0.031393 0.987032
0.077872 0.987032
0.086345 -0.180326
0.086345 1.542612
-0.023278 -0.533550
0.051578 -0.174456
0.182214 -1.371663
-0.089581 0.749418
-0.017413 1.665598
-0.237772 0.229198
0.070937 -0.305617
0.133575 -0.155925
0.033923 -0.155925
-0.058541 -1.812192
-0.030486 -2.827032
-0.030486 -81.411161
-0.304593 -0.656570
-0.414052 1.938910
-0.552592 -0.811246
-0.149798 0.679271
0.641641 0.679271
-0.372955 -0.893943
0.303641 -0.137630
0.303641 -0.735186
-0.304975 -0.735186
-0.383175 -0.700369
-0.050278 -1.258841
-0.478899 -0.101869
-0.478899 -0.096388
-0.298006 -0.311451
-0.647534 -0.311451
-0.033129 0.102932
-0.059245 0.233435
-0.218083 -0.714468
-0.218083 -0.261454
0.069365 -0.656995
0.166353 0.328070
-0.297264 0.328070
-0.046561 -0.747843
-0.114249 -0.747843
0.072084 -0.497978
0.072084 1.342739
-0.058674 1.782602
-0.058674 1.782602
-0.146515 -0.242375
0.120724 37.538979
0.155678 0.532328
0.155678 0.532328
-0.228588 -1.221110
0.141820 -1.221110
0.063888 -2.327967
0.063888 -1.072110
-0.093949 -0.974518
-0.093949 -0.974518
-0.126456 -0.849248
-0.106813 -0.849248
0.074054 -1.269145
-0.049275 -0.598860
-0.049275 -0.598860
-0.056066 -0.598860
-0.056066 3.678786
-0.081489 -5.659724
-0.092274 -0.364045
-0.092274 -0.364045
-0.092274 -0.364045
-0.083777 -0.364045
0.131409 -0.364045
-0.127014 -8.181259
-0.175057 -8.181259
0.072620 -76.071035
0.072620 -10.751852
-0.006054 -1.101013
-0.006054 -1.101013
-0.006054 -1.101013
-0.006054 -1.101013
-0.006054 -1.101013
-0.095484 -0.275160
-0.095484 0.099892
-0.176311 2.569695
-0.061190 -1.478964
-0.056179 -1.286981
-0.056179 0.708150
-0.056179 -1.235304
-0.056179 1.391891
-0.056179 1.391891
-0.024930 -7.052695
0.007686 -7.052695
0.141954 -1.426505
-0.090828 -3.293361
-0.073426 -3.293361
0.056136 1.525347
-0.153254 -2.967929
0.049427 2.201483
0.049427 2.201483
-0.173033 2.201483
-0.173033 2.201483
-0.137589 2.181204
-0.259798 -2.944284
-0.259798 -2.944284
0.072319 -2.944284
-0.054772 -0.950760
0.216778 1.009107
0.216778 -1.096590
0.216778 -1.096590
0.216778 -1.096590
0.227178 0.204588
-0.116805 -0.042607
-0.116805 -0.342861
-0.116805 -0.342861
-0.192223 -0.970378
0.088709 -0.970378
-0.149328 -0.970378
-0.149328 -1.892996
-0.149328 -1.892996
0.024969 0.144038
-0.004001 0.144038
-0.156961 0.051716
-0.032891 -0.765968
-0.032891 -1.725571
-0.094391 -1.725571
-0.094391 -0.124219
-0.094391 -0.472820
0.002103 4.171044
0.002103 -0.459214
0.002103 -0.459214
-0.087326 -0.630297
-0.087326 -0.630297
0.014736 -0.630297
0.014736 -0.630297
