-0.182779 -0.587218
-0.153659 -0.584735
-0.395374 -2.264974
0.007217 0.019921
-0.503921 -1.159480
-0.074479 -0.482511
-0.074900 -0.400588
-0.197111 -1.678351
0.025111 0.084655
-0.219932 -0.332506
0.208396 1.989291
0.167835 1.285192
0.042262 0.109961
0.265719 0.938595
0.309719 1.304740
-0.129338 -0.292190
-0.176604 -0.510017
0.158244 0.976229
-0.064514 -0.223000
0.223843 1.059300
-0.084280 -0.419234
0.428714 1.204561
-0.164480 -0.310240
-0.128303 -0.682982
-0.267960 -1.462684
0.271482 1.252831
0.109700 0.447761
-0.178560 -0.575737
-0.009858 -0.031132
0.475204 1.713199
-0.047284 -0.172393
-0.656173 -2.310253
-0.142436 -0.282262
-0.029166 -0.383049
-0.123436 -0.133075
-0.187910 -0.214738
-0.097772 -0.249017
0.293076 1.421215
-0.426823 -1.383275
0.265965 1.629397
0.034753 0.160789
0.248800 0.927894
-0.241555 -0.613894
0.235071 0.806181
-0.063771 -0.127073
-0.118737 -0.495209
0.659270 1.862777
0.028678 0.058891
-0.320357 -1.932511
0.164136 1.785942
