-0.058154 -0.027123
-0.078187 -0.085526
-1.161463 -0.380409
2.705978 2.016225
4.603095 3.785115
-0.074199 -0.036154
-0.186436 -0.136707
-0.130250 -0.064873
-0.130250 -0.064873
-0.130250 -0.064873
2.689448 2.361285
2.404632 2.348842
-0.186230 -0.115471
-0.065459 -0.046141
1.688083 1.417455
-0.183960 -0.139022
-0.145365 -0.050834
-0.191764 -0.052492
0.951903 0.128615
-0.267967 -0.090881
0.190233 0.048117
3.132851 2.083527
-1.378012 -0.683018
-0.134985 -0.090102
0.024663 0.003290
0.000338 0.000045
4.176601 1.856878
4.176601 1.856878
-0.264579 -0.086314
-0.833564 -0.280276
-0.573017 -0.080072
-0.573017 -0.080072
0.137898 0.040922
4.999945 0.708541
-0.051574 -0.009246
-0.859487 -0.366279
-0.557047 -0.201858
-0.557047 -0.201858
-0.529659 -0.196757
-0.529659 -0.196757
-0.529659 -0.196757
-0.529659 -0.196757
-0.529659 -0.196757
-0.529659 -0.196757
-0.529659 -0.196757
-0.529659 -0.196757
-0.529659 -0.196757
-0.042438 -0.019956
-0.042438 -0.019956
-0.042438 -0.019956
-0.042438 -0.019956
4.298378 2.335849
-1.545437 -0.433397
2.500140 0.959166
3.776538 1.917542
-0.056645 -0.024460
-0.056645 -0.024460
-0.056645 -0.024460
-3.034991 -1.040136
-2.742281 -1.069702
-2.742281 -1.069702
-2.742281 -1.069702
5.000000 7.172096
-4.999267 -0.547804
-4.999267 -0.547804
1.380118 0.187517
-4.656234 -0.782313
-4.656234 -0.782313
-0.040671 -0.019875
-0.614976 -4.104386
-0.614976 -4.104386
-0.614976 -4.104386
3.326395 1.214012
3.326395 1.214012
-0.457823 -0.211245
-0.457823 -0.211245
-0.252102 -0.078683
-0.252102 -0.078683
-0.252102 -0.078683
-0.252102 -0.078683
-0.252102 -0.078683
-0.615428 -0.168630
-0.615428 -0.168630
-0.615428 -0.168630
-0.182433 -0.056110
-0.182433 -0.056110
-0.182433 -0.056110
-0.271827 -0.086186
-0.344556 -0.105877
-0.380710 -0.293782
-0.380710 -0.293782
-0.815522 -0.296170
-0.815522 -0.296170
-0.468005 -0.296170
-0.468005 -0.296170
-0.468005 -0.296170
-0.468005 0.388869
-0.468005 0.388869
1.225132 0.388869
1.225132 0.388869
1.225132 0.388869
1.225132 0.388869
1.225132 -0.003754
1.225132 -0.136599
-0.007014 -0.136599
-0.103877 -0.136599
-0.103877 -0.136599
-0.103877 -0.136599
-0.103877 -0.136599
-0.103877 -0.136599
-0.103877 -0.136599
-0.103877 -0.532360
-0.103877 -0.532360
-0.027009 -0.532360
-0.027009 -0.532360
-0.027009 -0.793941
-0.027009 -0.793941
-0.250078 1.253273
-0.250078 1.253273
1.821109 -0.310078
1.821109 -0.310078
1.731831 -0.310078
1.731831 -0.399729
1.731831 -0.189116
-0.331798 -0.295973
-0.331798 -0.295973
-0.331798 -0.295973
-0.378314 -0.295973
-0.184848 -0.991910
-0.390022 -0.479969
-0.390022 -0.479969
-0.390022 -0.395229
-0.390022 -0.395229
-1.174588 -0.395229
-0.664489 -0.729134
-0.664489 -0.729134
-0.399903 0.254187
-0.399903 0.254187
-0.177464 0.254187
-0.177464 0.254187
-0.177464 0.254187
-0.874606 0.254187
-0.874606 0.254187
0.515147 -7.072929
0.515147 -7.072929
0.515147 -0.345394
0.515147 -0.345394
0.515147 -0.345394
0.515147 -0.345394
0.515147 -0.367572
-2.486196 -0.367572
-2.486196 -0.367572
-0.381675 -0.367572
-0.381675 -0.457261
-0.381675 -0.457261
-0.381675 -0.457261
-0.221352 -0.457261
-0.221352 -0.457261
-0.221352 -0.457261
-0.221352 -0.457261
-0.141880 -0.457261
-0.141880 -0.457261
-0.141880 -0.457261
-0.141880 -0.457261
-0.141880 -0.457261
-0.141880 -0.457261
-0.141880 -0.457261
-0.141880 -0.457261
-0.141880 -0.457261
-0.141880 -0.457261
-0.141880 -0.457261
-0.141880 10.633115
-0.141880 -0.197844
-0.141880 -0.190941
-0.141880 -0.190941
-0.141880 -0.190941
-0.141880 -0.660930
-0.141880 -0.660930
0.855373 -0.660930
-1.040944 1.041468
-1.040944 1.041468
