-0.053482 -0.282303
-0.192142 -0.643576
-0.455205 -2.529603
0.161911 0.731045
-0.535653 -1.182319
-0.102173 -0.947878
-0.114708 -0.649729
-0.016237 -0.068320
0.006864 0.025541
-0.252149 -0.423360
0.149188 1.470898
-0.366407 -2.383582
-0.099097 -0.229176
0.244630 0.883090
0.184746 0.702314
0.174731 0.900387
-0.199666 -0.560993
0.091079 0.532364
-0.107609 -0.399228
0.157801 0.692913
-0.121925 -0.604072
-0.382758 -0.504696
0.000451 0.001223
-0.172188 -0.907334
-0.289646 -1.489925
0.240620 1.128643
0.120794 0.591923
-0.203055 -0.405764
-0.067182 -0.217186
0.445014 1.550133
-0.105880 -0.432004
0.596428 1.413954
-0.184687 -0.376717
-0.071801 -0.915141
0.107777 0.557040
-0.613418 -0.858760
-0.149752 -0.383678
0.339766 1.584028
0.126567 0.408405
0.258051 1.550672
-0.061049 -0.196488
0.125538 0.367283
-0.280034 -0.794588
0.262960 0.982127
-0.080395 -0.185274
-0.158408 -0.664276
0.568373 1.664947
0.002768 0.006781
-0.350621 -2.118761
0.146822 1.515441
