-0.178499 -0.880886
0.083724 0.291470
0.720904 1.556704
0.283163 0.804863
-0.084227 -0.325226
-0.415105 -2.396963
0.236584 0.762814
0.308572 0.919216
-0.107566 -0.436828
0.283069 0.792602
-0.167069 -0.758074
0.342997 0.908192
-0.033309 -0.120741
-0.207382 -0.935646
0.087122 0.283059
-0.168439 -0.704007
-0.035629 -0.130610
-0.185417 -0.805066
0.000103 0.000408
-0.098631 -0.379510
0.043918 0.154539
0.391906 0.977749
0.057106 0.205278
-0.408044 -2.375318
-0.036220 -0.130176
0.032989 0.108934
-0.358464 -2.215600
0.024194 0.081191
-0.145454 -0.501144
0.358912 0.659748
0.039731 0.152027
-0.094523 -0.328650
0.444527 0.920980
-0.342988 -2.064597
-0.420981 -2.129946
-0.060842 -0.256120
-0.473313 2.869630
0.099241 -0.210690
-0.129826 8.479673
0.335594 0.500844
0.240860 0.087120
0.025732 -0.034834
-0.009894 1.327977
0.688516 -0.498943
-0.172441 0.392816
0.442219 0.685261
0.298340 -0.008938
-0.002709 0.201778
0.065219 0.074406
0.022797 0.156727
0.049173 0.721150
0.246525 1.417059
0.585614 0.043463
0.015159 -0.707716
-0.213680 0.659045
0.238343 0.125632
0.039451 -1.686597
-0.348203 0.415062
0.137577 -0.062701
-0.017951 -0.603792
-0.149901 0.901707
0.305797 0.632609
0.202148 0.064242
0.017491 0.126722
0.038448 0.891324
0.339699 1.161843
0.598995 -0.270425
-0.115967 0.030536
0.012167 -0.283458
-0.166999 -0.803325
-0.632974 0.100509
0.062134 -0.489103
-0.305663 -0.489103
-0.305663 -0.489103
-0.305663 -0.058506
-0.035705 -1.885133
-1.355481 0.130537
0.079628 0.449257
0.281797 -0.559449
-1.018300 1.247988
0.721575 -0.734001
-0.364551 0.449015
0.208624 0.449015
0.208624 0.449015
0.208624 0.641234
0.280559 0.388764
0.215366 -0.745901
-0.369108 -1.196265
-1.610902 -0.930644
-0.977414 1.169690
0.760368 -0.645208
-0.417079 0.930682
0.493789 -1.195897
-0.563122 -1.926402
-0.111044 -1.926402
-0.111044 -1.926402
-0.111044 -4.960961
-0.145106 5.961354
0.533757 5.961354
0.533757 0.072834
0.027743 -0.027918
-0.012646 -0.027918
-0.012646 -0.027918
-0.012646 1.399854
0.951905 -0.533542
0.518958 1.303259
-0.311254 1.303259
0.716551 1.303259
0.716551 1.303259
0.716551 -0.511087
0.716551 -0.742853
-0.316990 0.083792
-0.393026 0.376952
0.032322 0.060183
0.208770 0.848500
0.039919 -3.451786
0.094703 -0.967343
-0.899556 -0.967343
-1.487205 -0.967343
-1.487205 -4.359056
-1.487205 -0.437615
-0.155780 0.061365
-0.124117 0.061365
0.018784 1.066556
0.018784 -0.882916
0.468127 -0.882916
-0.321398 -7.275594
-0.321398 0.330187
-0.402812 0.330187
0.139129 -1.967797
0.139129 1.062941
-0.175423 -1.165606
0.512092 -0.903942
-0.531090 3.220955
-0.412922 0.253100
0.194434 0.253100
0.128589 -1.075265
0.128589 -1.338353
-0.711946 0.540112
-0.488730 -0.556105
0.198375 -0.556105
-0.153796 -0.556105
-0.153796 -1.160036
-0.153796 -1.160036
-0.255214 -2.220151
-0.255214 -1.124894
-0.396694 0.054098
-0.222680 0.054098
0.029550 2.584163
0.029550 2.584163
0.090850 0.383120
0.090850 -2.367417
0.105023 -2.113785
-0.377517 0.712873
-0.136342 0.438157
0.531834 0.134107
0.224400 0.976519
0.160298 0.976519
0.049961 0.106891
0.505992 0.389454
0.505992 0.228887
0.032907 -0.561356
0.133740 0.273314
0.062197 0.273314
-0.141957 -2.163090
0.082083 -0.919344
0.082083 -0.919344
-0.139945 0.366614
-0.207624 -0.644926
-0.207624 3.675904
0.135751 -0.201195
-0.211783 3.890343
-0.187349 -1.097017
0.048065 9.037239
-0.070598 0.154187
0.088574 -27.571945
-0.301160 11.298160
0.113668 -1.557064
0.088279 -1.194756
-0.329038 -10.538549
0.153290 0.028290
-0.097603 0.359522
-0.206178 0.871996
-0.131443 0.871996
0.011289 0.871996
0.159016 0.334482
0.312007 -1.328656
0.312007 -1.328656
0.312007 -1.328656
0.085709 2.046570
0.085709 2.657129
0.101795 0.389564
