-0.201592 -1.041551
-0.057257 -0.174840
-0.167486 -0.482285
-0.376072 -10.688723
-0.190347 -13.950650
-0.192295 -3.964178
-0.049541 15.487729
0.237180 -0.689380
-0.165128 9.629714
0.141884 -9.435143
-0.124870 -20.307203
-0.206961 -20.307203
-0.206961 15.675831
0.008001 11.506274
0.179888 -11.819416
0.154656 11.965701
-0.142254 11.475979
0.163218 -18.286613
0.186683 -15.961528
-0.248905 -15.961528
-0.168746 12.420311
-0.168746 -18.013539
0.146086 -18.013539
-0.178474 -18.013539
-0.178474 9.929936
-0.178474 14.522257
0.117412 14.522257
0.189171 -7.755715
0.189171 132.905348
-0.088717 -38.032151
0.093738 -38.032151
-0.322917 1.737031
-0.322917 12.283333
0.014072 11.218284
0.112583 11.197283
0.118527 20.484403
0.135339 -13.389532
0.346813 -29.602333
-0.195026 -29.602333
-0.288818 -29.602333
-0.288818 -29.602333
-0.288818 -29.602333
-0.288818 31.092522
-0.288818 28.055424
-0.112086 8.035496
0.346037 -14.617690
0.463011 14.781544
0.159174 -14.249909
-0.241992 9.672377
0.282806 9.672377
-0.229305 -14.060509
-0.015439 8.151735
0.179806 -76.091923
0.179806 -8.113170
-0.214261 48.522955
0.129913 48.522955
-0.209228 48.522955
-0.089883 29.635539
-0.104604 -35.430549
-0.104604 -35.430549
-0.104604 -35.430549
-0.113271 -35.430549
0.243755 -35.430549
0.243755 -35.430549
0.243755 -35.430549
0.459047 -35.430549
-0.369173 -35.430549
-0.369173 -35.430549
-0.369173 14.915017
-0.369173 -0.399304
-0.369173 14.427669
-0.369173 -6.170904
-0.369173 -11.463246
-0.369173 -11.463246
-0.369173 -11.463246
-0.369173 -11.463246
0.168384 65.634584
-0.004559 -1.111957
0.192006 9.375260
-0.078410 9.375260
-0.124656 9.375260
-0.124656 21.102418
-0.124656 21.102418
-0.124656 -407.109223
0.474731 -19.474649
-0.019370 -12.178959
0.179358 33.038674
0.179358 10.038749
0.179358 -23.182162
0.740533 -23.182162
0.740533 12.051103
-0.404358 -8.657216
-0.288741 12.618412
-0.144686 -1.610266
-0.147464 -1.050169
0.463722 19.349757
0.181149 35.990579
-0.304822 -11.392478
-0.304822 -0.012637
0.164373 0.209402
-0.109248 -0.719844
0.184512 -0.396279
-0.024420 1913.316776
-0.015339 -2.840362
0.382828 0.333444
0.248707 -0.612114
-0.019263 0.039089
-0.004368 -0.449067
0.082438 6.758485
-0.182029 6.803528
-0.133952 0.350897
0.173624 0.350897
-0.066920 0.350897
0.248410 0.082013
-0.166536 0.082013
0.018973 -103.109436
-0.176843 0.443042
0.144116 -0.307496
0.151920 0.484499
0.170366 0.484499
0.170366 0.484499
0.170366 1.643974
0.024500 0.334360
0.024500 -0.954563
-0.109030 0.189445
0.173408 -0.649184
-0.079928 -1.003130
0.173378 0.065087
0.173378 -0.635050
0.173378 -165.571186
0.825049 -95.986019
0.094925 -5.762304
-0.300922 -5.576812
0.145700 11.049251
-0.254107 13.250010
-0.208835 0.331676
0.017741 -0.297256
-0.151251 4.300043
-0.179585 4.300043
-0.158008 0.200547
-0.074970 1.263832
-0.106213 0.016827
-0.091275 -0.472008
0.214962 -52.058694
0.365629 -78.644048
0.134305 1.002848
-0.057299 0.172307
-0.094513 0.172307
0.284043 0.508352
0.201839 -1.178742
0.201839 -0.591973
0.057989 0.279959
0.501275 0.312461
0.010109 1.369555
-0.109857 1.380345
-0.077847 1.137365
-0.131925 0.550320
0.347563 -0.193516
0.000633 0.179247
0.000633 -1.147718
0.414390 0.119827
-0.232653 -0.558244
-0.133158 -0.857471
0.190957 1.004767
0.172861 -1.158140
0.552716 -2.016987
0.531605 0.269711
0.552618 0.250585
0.195855 -0.805538
-0.052755 0.538130
0.051723 0.812440
-0.266466 -0.832080
0.033064 0.556824
-0.131540 -1.823186
-0.200083 0.296975
0.353786 0.241798
-0.236828 -1.417826
-0.347574 0.070755
0.109707 1.455158
0.069382 -0.191362
-0.194751 -0.236125
0.162921 -0.219747
0.267265 -0.391034
-0.177939 0.146891
0.243204 0.318752
