0.008412 0.279265
-0.067242 -1.459246
-0.009157 -0.267211
-0.026440 -1.282119
0.001103 0.049420
0.033692 0.573175
0.011449 0.220337
-0.045229 -0.726484
-0.023292 -0.286264
0.069838 0.699809
-0.003088 -0.067475
-0.048064 -0.707303
0.004232 0.119490
-0.071160 -1.076029
-0.051579 -1.148042
0.025882 0.763038
0.108521 0.948948
-0.070609 -0.811316
0.001419 0.081148
-0.032396 -1.151752
0.075349 0.978997
-0.003342 -0.148271
0.092083 0.657395
0.089514 0.654069
-0.100463 -1.464432
-0.057856 -1.327854
-0.070741 -1.041957
0.012721 0.481787
-0.004848 -0.257377
-0.006551 -0.100798
-0.003060 -0.179807
0.001275 0.008531
0.011895 0.270441
0.018155 0.549125
0.029194 0.447333
-0.028166 -0.706671
0.096589 1.175538
0.007362 0.161395
-0.027771 -0.387524
0.030625 0.552907
-0.059707 -1.717601
-0.060410 -1.451644
-0.005152 -0.222598
-0.056823 -1.270198
-0.092841 -1.562670
0.476617 10.410609
-0.013170 -0.936693
-0.034336 -0.891082
0.069933 0.705781
0.031923 0.416779
