-0.828462 -10.934202
-2.598530 -4.174419
-2.567465 -3.962990
-0.734699 -6.186824
-1.936188 -5.305373
-2.734842 -3.812644
-2.679490 -4.117525
-3.760624 -3.228907
-3.919202 -3.160012
-3.772128 -3.567736
-2.689010 -3.843240
-3.171584 -3.783403
-2.266318 -4.291328
-3.593175 -3.269001
-2.969725 -3.997044
-2.209189 -4.670719
-3.276643 -3.459723
-4.075240 -3.092848
-1.721479 -6.200267
-2.276097 -4.304157
-3.031316 -3.916451
-1.946164 -5.242141
-4.489771 -2.977742
-4.833835 -3.425895
-3.218422 -3.729111
-2.654558 -4.173133
-3.198822 -3.763288
-2.069996 -5.053138
-1.893318 -5.489307
-3.320927 -3.712949
-1.778731 -5.512249
-5.758084 -8.510278
-2.640365 -4.186276
-2.228047 -4.370629
-3.038447 -3.582730
-2.436898 -4.101830
-0.693819 -4.450116
-2.850781 -3.697271
-3.754250 -3.240400
-2.739458 -4.043028
-2.459561 -4.423154
-2.349441 -4.510813
-2.110050 -4.588108
-2.804319 -3.996701
-3.056055 -3.816086
-3.775255 -3.577280
-1.999827 -468.323637
-2.652218 -4.173047
-3.511486 -3.649873
-3.377780 -3.782092
