-0.236238 -1.043233
-0.147296 -0.604744
-0.081345 -0.560766
-0.051044 -0.245701
0.062121 0.201756
-0.208480 -2.030691
-0.258528 -1.275539
-0.125224 -1.094456
0.007840 0.041888
0.180279 0.595731
-0.071308 -0.536517
-0.020683 -0.132737
0.094384 0.419706
0.125576 0.466485
0.165417 0.643416
-0.117008 -0.632782
0.220669 0.634611
-0.144002 -0.938669
-0.148230 -1.257508
0.182219 0.702252
-0.201386 -1.851010
0.356665 0.983463
-0.016924 -0.090204
-0.175273 -0.640989
-0.763354 -4.149716
0.132442 0.540922
0.300245 1.063547
0.155580 0.520620
0.039399 0.192929
0.268298 0.881281
0.103608 0.471253
0.633329 1.351681
0.445826 0.999449
-0.236434 -3.294459
-0.203125 -1.046023
0.371921 0.825463
0.142522 0.558313
0.121365 0.505873
-0.236879 0.366438
0.072132 0.377915
0.077204 0.716399
0.198999 0.568893
0.138498 0.175028
0.044458 -0.817920
-0.126540 -0.196378
-0.044538 1.377296
0.598662 0.912280
0.275338 -0.101471
-0.016855 -2.439618
