0.379074 10.722843
0.177777 0.256434
0.070876 0.161086
0.188565 0.371429
0.844118 0.728511
-0.439356 -1.847111
-0.110472 -0.294203
-0.295840 -0.646620
-0.094088 -0.170727
0.583448 0.882995
-0.286335 -0.959860
-0.294737 -0.987217
0.169625 0.230726
0.367021 0.639040
0.359239 0.435600
0.147266 0.299931
0.898153 0.804278
-0.181423 -0.531929
0.031740 0.072363
0.147161 0.208622
-0.258053 -0.573710
0.741503 1.022883
0.050186 0.113055
0.128555 0.271871
-0.278278 -0.667029
0.216578 0.428786
0.034580 0.053999
0.738695 0.714745
0.145081 0.198915
0.608588 0.910453
-0.075556 -0.134996
1.545795 1.078237
1.201870 0.962017
-0.667985 -3.491833
-0.014187 -0.033840
1.763001 1.568973
0.487333 0.784353
0.345675 0.616957
0.287529 0.529933
-0.059257 -0.101368
-0.055871 -0.093679
0.401986 0.455163
0.335806 0.600314
0.380471 0.657272
-0.139629 -0.257000
0.358586 0.632147
0.730055 1.008843
0.440123 0.487262
-0.197990 -0.395038
-0.516115 -2.478435
