-0.066623 -0.811797
-0.005386 -0.042829
-0.180694 -1.603696
-0.102349 -1.447587
-0.069443 -0.811884
-0.132826 -1.054211
-0.151387 -1.022749
-0.945149 -3.404279
0.290497 1.158278
0.189208 0.864432
0.008583 0.064209
0.310721 1.241029
-0.033156 -0.296117
0.221040 0.997277
-0.016619 -0.127753
-0.090939 -1.053181
0.051284 0.283676
0.308263 1.123914
-0.143407 -2.523453
0.019754 0.160272
-0.100265 -0.797325
-0.106087 -1.458271
0.222077 0.783909
-0.378906 -0.414465
0.310381 1.260216
0.049613 0.350793
0.261590 1.117072
-0.419511 -4.215956
-0.149968 -2.513727
0.072034 0.399845
-0.118447 -1.832167
0.599118 1.470559
-0.008603 -0.072279
-0.080729 -0.890404
0.035762 0.219588
-0.068249 -0.617141
-0.051483 -0.416568
-0.735213 -3.779945
0.091350 0.458857
0.032307 0.235781
0.033808 0.271204
0.056342 0.391925
-0.116456 -1.542069
-0.045356 -0.368279
0.182807 0.913606
0.041668 0.221630
-0.089691 -1.093924
0.091275 0.580604
0.111493 0.529041
0.025373 0.157831
