0.098313 1.121135
-0.002502 -0.064704
0.000475 0.017015
0.000230 0.006233
0.090946 1.175039
-0.042178 -2.664794
0.010861 0.329488
-0.015732 -0.888536
0.021874 0.593723
0.007540 0.135318
-0.001160 -0.051805
0.011781 0.393129
-0.026567 -0.812847
0.055698 0.948225
0.015683 0.351567
0.000691 0.019862
0.044464 0.654626
-0.005221 -0.189779
-0.012423 -0.419766
-0.013628 -0.417492
-0.036292 -2.259380
0.011033 0.182064
-0.027859 -1.007676
-0.089018 -1.725411
-0.009498 -0.370124
0.041699 0.852912
0.030558 0.744961
-0.005616 -0.113491
0.009244 0.253899
-0.016982 -0.364652
-0.027993 -0.984072
0.140813 1.329637
0.062862 0.747730
-0.027968 -2.563344
0.018142 0.517055
0.091714 0.978265
-0.004580 -0.113752
0.035012 0.755684
-0.056697 -1.260812
0.009612 0.290425
0.005998 0.195501
-0.005813 -0.136817
0.038091 0.827572
0.044108 0.793579
-0.036847 -1.483891
0.003753 0.090589
0.018000 0.288623
0.038415 0.730209
0.012037 0.386582
-0.025261 -1.829230
