-0.346626 -1.240866
-0.006687 -0.010653
-0.106500 -0.165440
-0.491671 -2.228549
-0.464710 -1.400664
-0.000629 -0.001474
0.133772 0.278119
0.468675 0.472118
0.792488 0.708364
0.699918 0.955845
-0.048062 -0.089378
0.685709 0.965040
-0.185615 -0.537906
0.509590 0.803279
0.092272 0.199548
-0.314592 -0.711283
0.449563 0.728898
0.956730 0.803894
-0.552300 -2.885781
-0.321493 -0.757506
0.061214 0.091524
-0.442209 -1.181108
1.270932 0.917273
1.213562 1.331982
0.530884 0.510680
-0.042862 -0.072919
0.542585 0.829848
-0.425364 -1.188884
-0.508473 -2.402828
0.420446 0.458620
-0.488939 -1.263387
1.801972 1.549824
-0.058114 -0.119152
-0.240185 -0.740925
0.298992 0.374477
0.027945 0.039780
0.050092 0.111481
0.018249 0.041826
0.599079 0.884471
0.116683 0.149195
-0.222617 -0.410513
-0.067409 -0.171304
-0.390473 -1.506761
0.036200 0.082509
0.283575 0.312397
0.490392 0.563762
-0.421215 -1.707399
-0.068185 -0.106977
0.642780 0.924495
0.316342 0.572288
