-0.128685 -1.127411
-0.094368 -0.660918
-0.088714 -0.808801
-0.139337 -1.928635
-0.050195 -0.754389
-0.119747 -0.743888
0.061091 0.455880
0.182456 0.998978
0.088237 0.414033
0.208605 1.018553
0.075005 0.584131
0.317074 1.417886
0.014887 0.147731
0.165336 0.863550
0.104661 0.763234
-0.078425 -0.932992
-0.075131 -0.327088
0.384916 1.422904
-0.091257 -1.799167
0.006302 0.070199
-0.266185 -1.195287
-0.036037 -0.523618
-0.527368 -1.138102
-0.274190 -0.494445
0.272990 1.294018
0.072902 0.585057
0.297658 1.345994
-0.267444 -2.039675
-0.369313 -4.309961
0.127585 0.739034
-0.052093 -0.888633
0.508470 1.465704
-0.032640 -0.311855
-0.078222 -0.880987
-0.070801 -0.372211
0.012321 0.111198
-0.049846 -0.380308
-0.054108 -0.407998
-0.023734 -0.102564
0.088621 0.672486
0.074333 0.690599
0.158071 1.067745
-0.186742 -0.621998
0.122610 0.893990
0.097867 0.650127
0.019083 0.095389
-0.021478 -0.285474
0.057170 0.480828
0.236447 1.110482
-0.499018 -2.056241
