-0.008856 -0.747423
-0.021092 -1.208373
-0.010420 -0.694048
-0.025160 -2.610333
0.024995 1.484877
-0.009088 -0.834578
-0.010381 -0.985411
0.003399 0.242664
0.020232 1.244475
-0.044066 -0.793815
-0.044066 -0.793815
0.019658 0.332263
-0.027398 -0.451516
-0.020450 -0.267276
0.028380 0.637140
0.009718 0.235249
0.009718 0.235249
0.053756 0.798454
-0.121484 -1.215642
0.050910 0.933389
0.050910 0.933389
-0.032899 -4.431371
-0.060403 -0.733179
-0.060403 -0.733179
-0.060403 -0.733179
0.017150 7.826248
0.034906 4.689394
0.034906 4.689394
0.017134 -0.796488
-0.003116 -1.299105
-0.003116 -1.299105
-0.003116 3.377244
-0.003116 3.377244
-0.003116 -2.755431
