-0.160861 -0.709811
0.078216 0.225901
-0.116014 -0.402710
0.151485 0.303962
0.085926 0.224905
-0.257851 -0.984708
-0.412282 -0.759037
-0.008168 20.544202
-0.274380 -0.409094
0.644418 -1.223483
-0.116433 -1.223483
-0.327223 1.393061
-0.327223 -19.943458
0.049708 6.071147
0.029072 6.071147
-0.294521 -7.369135
0.123743 4.001647
0.111280 -4.976662
0.111280 13.724130
-0.118588 -18.869312
0.068678 27.556368
-0.078280 -15.762222
0.277069 3.073533
-0.277346 4.850346
0.006942 20.356326
0.006942 -37.369815
0.675122 -3.336599
-0.281409 3.525651
0.057980 -4.334273
0.099845 11.477008
0.705703 0.499137
-0.137641 0.460503
-0.252697 -3.118884
-0.069955 9.536800
0.080848 0.493675
-0.089011 -0.576099
0.310706 1.342460
0.178337 3.632291
0.179422 12.352023
-0.467102 4.915005
0.241213 0.735735
0.179420 0.011343
-0.198711 -0.457478
0.033544 -0.267535
0.101956 0.254352
-0.108343 -0.981768
0.447870 5.396309
0.219588 -0.950192
0.252360 0.112702
0.009681 0.237143
-0.229923 -10.248582
-0.269097 -0.725864
-0.100115 17.603530
0.165035 -2.347422
-0.211713 8.823667
0.154973 0.171206
-0.282080 -0.815549
0.054599 3.634164
0.109047 -6.380202
-0.199607 6.964361
-0.152681 -5.373116
0.401945 0.735291
-0.023329 25.355892
0.244659 -0.047960
0.051813 7.559212
-0.271489 -0.272340
0.082796 0.532526
-0.127452 -0.058441
0.161648 0.176367
-0.111497 -0.580306
0.474573 -0.580306
0.223600 -0.689628
-0.013467 -0.702185
0.113250 2.825478
-0.092970 -17.361186
-0.077740 -14.740549
0.356405 -6.932445
-0.068013 3.439310
0.145652 -24.399886
-0.015334 -24.399886
0.048344 10.260973
-0.244789 3.804373
-0.005349 0.804990
-0.141982 0.835590
-0.141982 -1.965978
-0.177830 0.049451
-0.171136 0.950401
0.067733 0.325889
-0.294854 0.325889
-0.198956 0.325889
0.322558 0.688492
-0.110272 0.688492
-0.261835 -0.306000
0.175922 -1.348865
0.082772 -1.348865
0.082772 -1.348865
0.286159 -1.348865
0.070882 -1.348865
-0.336074 -1.348865
-0.336074 -1.348865
0.304664 -1.348865
0.222951 -11.718787
0.090337 -11.718787
0.226348 -1.695283
0.437245 -0.468481
-0.346679 0.716084
0.019826 6.499162
0.040232 6.499162
0.535518 -0.003478
0.086383 19.785727
0.086383 19.785727
0.086383 19.785727
-0.132285 19.785727
-0.132285 19.785727
0.200651 -0.061570
0.200651 -0.061570
-0.072564 -0.061570
0.591336 8.758485
-0.240399 0.452176
-0.240399 0.452176
-0.240399 0.452176
-0.240399 -27.078679
-0.240399 -0.230944
-0.240399 -0.230944
-0.240399 -0.230944
-0.240399 0.150015
-0.031688 0.150015
-0.031688 -0.321966
-0.074536 -0.321966
-0.249497 -0.255691
0.244476 -1.156362
0.613068 -1.156362
0.613068 0.117276
0.027197 0.117276
-0.001416 0.117276
-0.132820 3.361060
-0.132820 3.361060
-0.132820 -1.643151
-0.132820 -1.643151
-0.132820 -1.643151
0.234076 -2.439698
0.234076 -2.439698
0.234076 -2.439698
0.234076 0.194530
0.234076 0.194530
-0.024171 0.194530
-0.024171 0.194530
-0.024171 11.503004
0.445099 0.303786
0.198133 0.303786
0.198133 -0.898612
0.198133 -0.898612
-0.387651 0.614049
0.147651 0.614049
0.147651 0.614049
0.147651 36.291540
-0.056960 36.291540
