-0.055071 -0.557889
-0.168699 -1.627438
-0.070441 -1.093999
-0.223745 -8.537787
-0.223309 -7.153193
-0.077290 -11.818640
-0.033482 -0.365760
-0.101640 -0.444353
0.251390 1.373658
0.093746 0.430134
0.077144 0.675315
-0.182771 -1.643012
-0.142486 -1.399790
0.096336 0.492211
-0.162954 -1.696489
-0.100784 -1.083645
0.010821 0.085312
0.213345 1.065054
-0.153582 -3.322043
-0.237743 -7.467800
-0.040880 -0.345376
-0.129265 -9.243241
0.198573 1.148842
0.054984 0.351774
0.205508 1.279151
-0.215625 -3.782442
-0.187771 -1.474116
-0.103740 -1.672725
-0.229135 -8.265108
0.110598 0.833950
-0.216532 -7.227183
0.514177 1.764990
-0.009405 -0.108768
-0.226949 -6.537489
0.025038 0.230193
0.013470 0.150973
-0.064449 -0.457931
-0.097518 -0.598445
0.058036 0.424924
0.085087 0.750015
-0.256685 -8.791271
-0.229206 -4.902389
-0.062910 -0.898901
0.085230 0.751571
-0.218794 -3.074028
-0.022605 -0.155460
-0.086625 -1.329867
-0.203408 -2.900006
-0.005617 -0.042474
0.008453 0.070426
