-0.017865 -1.075800
-0.040398 -0.862874
0.039783 1.419909
-0.012842 -0.350628
0.083706 1.327070
-0.015003 -0.819295
0.008450 0.338694
-0.003630 -0.256397
0.006291 0.237770
-0.060310 -0.883230
0.029629 1.551537
-0.014182 -0.650639
-0.048920 -1.080776
-0.005699 -0.127430
0.004255 0.104071
0.008697 0.280979
-0.044776 -0.616165
0.024243 0.965706
-0.014619 -0.469787
0.005096 0.159524
-0.001639 -0.096319
-0.039541 -0.569581
0.008219 0.289467
-0.089383 -1.273058
0.000711 0.031279
0.008030 0.239225
0.023251 0.787263
-0.072537 -1.111766
0.023996 0.735594
-0.024502 -0.493463
-0.032133 -0.898103
0.044293 0.556182
-0.127743 -1.116781
-0.008379 -0.766285
-0.007110 -0.260517
0.072179 0.840534
-0.005937 -0.150380
0.030925 0.883456
-0.102487 -1.124594
0.005305 0.201931
-0.002116 -0.087311
-0.005657 -0.130503
0.013591 0.412855
0.045462 0.963598
-0.004355 -0.171958
-0.034744 -0.780494
0.002634 0.039831
-0.007507 -0.176807
0.045711 1.558823
0.006754 0.502561
