0.032461 0.516732
0.067851 0.681934
-0.031245 -1.000822
-0.072167 -1.440756
-0.027177 -0.345822
0.022536 0.701268
-0.005485 -0.152852
0.003855 0.183161
-0.034197 -0.900141
0.051854 0.531228
-0.037590 -1.593843
-0.038363 -1.307802
0.020925 0.394593
0.002705 0.039263
-0.036229 -0.667314
-0.025733 -0.624453
0.057987 0.479345
-0.010903 -0.320214
0.052796 0.751216
-0.030508 -0.668218
0.007849 0.313163
0.045168 0.384972
-0.020087 -0.491120
0.050421 0.646800
-0.059922 -1.558637
-0.028149 -0.596787
-0.075206 -1.573844
0.329941 1.678454
-0.017699 -0.417042
-0.042396 -0.658921
-0.013173 -0.336350
-0.148832 -1.367910
0.001182 0.088702
-0.023659 -0.636301
0.702754 2.793505
0.061526 0.652340
-0.043114 -0.917906
-0.027528 -0.483636
-0.037300 -1.003329
0.020446 0.530057
-0.057556 -1.001669
0.004790 0.093866
-0.117941 -1.647922
-0.043900 -1.236504
0.019093 0.318765
-0.039740 -0.494095
0.018576 0.274353
-0.034460 -1.136898
-0.010258 -0.577863
