-0.067308 -0.266057
0.005365 0.022197
-0.182001 -0.712405
-0.112224 -0.496918
-0.112224 -0.496918
-0.252789 -0.318304
-0.078270 0.130645
-0.098823 0.439119
0.084337 -0.828088
0.188660 133.879620
-0.026616 133.879620
-0.182069 133.879620
0.232996 0.183494
0.232996 -0.781622
0.232996 0.304322
0.060494 -1.402543
-0.186053 6.819675
0.138388 -0.229250
0.340468 0.015091
-0.067236 -1.231457
0.020562 -2.280844
-0.057235 0.007598
0.004207 9.379249
0.592236 0.646186
-0.239262 0.401565
-0.375002 11.227285
0.002591 0.525813
0.064902 0.525813
0.437937 0.122590
-0.138709 1.210866
-0.072083 1.012864
0.234790 0.329353
0.120672 0.895610
0.037089 0.660835
0.515576 -2.684688
0.515576 -1.541109
0.049044 0.171436
0.843367 0.171436
0.358272 -1.214806
0.097412 0.561113
0.378508 0.571115
0.215576 0.006472
-0.267079 0.339711
-0.433567 0.273611
-0.329814 0.374768
0.046015 0.052155
0.046015 -1.541461
-0.237966 0.874795
0.273020 0.110159
0.253892 2.253985
0.002145 2.253985
0.125630 -0.023414
0.095044 0.951259
0.120071 -0.274421
0.013986 0.629632
-0.288778 -2.103963
0.387665 -2.389251
0.029793 1.283808
0.334256 -0.215334
0.334256 0.877256
-0.006479 -0.132364
0.341897 -0.615943
-0.071420 0.551397
0.202727 0.527679
-0.378715 0.304929
-0.386105 -0.241091
0.490640 0.005258
-0.052092 -0.581446
0.287798 0.249431
-0.034034 0.178444
-0.158362 0.642881
0.204525 0.202817
0.159615 -1.473878
0.089507 -0.994124
-0.061683 1.344838
0.001423 0.823193
-0.151027 -0.843705
0.071528 -2.157809
0.054208 -0.438413
0.210721 14.653718
0.056449 -1.029880
-0.311690 -1.029880
-0.206606 -0.140003
0.784299 0.846085
0.286572 -0.121926
-0.198126 -0.516807
-0.394261 2.042041
-0.103181 -0.748998
0.366565 -6.188167
-0.229357 -1.627181
-0.229357 -1.874244
-0.039304 1.540873
0.286281 0.141516
-0.037279 0.837469
-0.485679 -0.183482
-0.485679 -2.798713
-0.485679 -0.522276
-0.485679 1.128642
-0.117782 1.128642
2.066498 -0.488586
-0.205401 -0.058695
-3.580269 0.132016
-0.339597 0.132016
-0.351975 0.703651
0.661945 1.375848
0.044139 -0.434033
0.296943 -0.434033
-0.352082 -1.658508
-0.052894 0.822618
-0.108336 -0.086421
-0.103260 -0.083357
-0.419905 0.037042
-0.117117 -0.185369
0.405607 -0.160773
0.405607 -0.284779
-0.116322 -0.284779
-0.019124 0.511028
0.046150 0.158361
0.046150 3.949582
0.257766 -3.494914
0.544726 -0.039827
-0.016012 0.578758
-0.016012 0.578758
-0.334133 0.578758
0.347001 0.578758
-0.024281 -1.406316
-0.021519 0.085743
0.011340 -0.299186
-0.046455 0.542206
-0.040533 -0.251784
-0.080206 0.090604
-0.080206 -0.847349
0.154698 -2.483087
0.051140 -0.879916
0.074831 0.083093
-0.519874 0.142932
0.342374 72.916791
-0.010627 0.038698
0.180373 0.038698
0.180373 -1.100664
0.180373 -6.965638
0.180373 -0.460347
-0.290237 1.252058
0.026829 -0.035575
-0.071387 -1.029985
0.161106 -1.080715
-0.061005 -1.080715
0.024083 0.530411
-0.178893 -0.323187
-0.387760 -0.323187
-0.249692 -0.694868
0.045407 0.457445
0.076560 -0.069908
0.456004 -0.188971
0.013233 0.174439
0.013233 -0.765752
-0.269451 0.207319
-0.031043 -0.711710
-0.105020 0.350099
0.481109 -0.454230
-0.008445 0.328628
-0.236166 -0.475077
-0.218631 0.478862
-0.218631 0.393134
0.483920 0.141263
-0.077079 0.866007
-0.077079 0.533677
0.040842 0.533677
0.040842 -0.403730
-0.151673 0.747912
0.135046 0.747912
0.292164 0.747912
-0.017285 0.827280
-0.060947 -0.963363
0.047054 0.444305
