1.344408 1.895133
0.560816 0.499466
-1.233594 -0.500698
1.244960 1.824539
-1.289979 -1.039222
1.026324 0.772005
-0.692162 -0.253906
-0.624563 -0.310527
3.775673 1.817010
1.278778 0.639059
0.940094 0.420011
0.940094 0.420011
-0.601146 -0.338951
-0.608414 -0.363230
-0.989510 -0.297132
-0.756020 -0.235306
-0.180998 -0.056130
-5.249997 -0.667539
-0.382336 -0.236418
-0.382336 -0.236418
-0.831702 -0.268012
2.680823 -0.208241
-0.329490 -0.165830
-0.224762 1.606191
0.916765 -5.405864
-0.106709 -0.772767
-1.628428 -0.371836
-0.325560 -0.669682
-0.419403 2.348100
-0.374957 2.348100
1.181995 -0.195946
1.181995 -0.251582
-0.173810 2.122933
-0.180665 -1.009157
0.135129 -1.148389
0.609337 -1.148389
-0.343862 -2.861394
-0.435916 -2.861394
-0.435916 -2.074393
-0.756016 -2.074393
-0.756016 -0.402822
-0.692432 -0.402822
-0.692432 -0.462357
-0.168856 -1.588571
-0.168856 -1.588571
-0.318231 1.636016
-0.402412 0.745596
-0.402412 0.745596
0.335226 0.745596
0.198019 -20.468524
0.198019 -1.110682
0.198019 -0.435030
-0.973774 -0.697182
-0.263790 -0.194021
-0.043403 1.608874
-0.274062 -0.812170
-0.094258 -1.104350
-0.447885 1.510679
0.135989 1.337425
0.326998 -0.514306
-0.342194 -0.717326
-0.270269 -0.717326
0.318421 -0.717326
0.309106 -0.509441
-0.199776 -0.509441
-0.324041 -0.475829
-0.324041 -1.898850
-0.324041 -2.873737
-0.250378 -2.873737
-0.250378 -1.182412
-0.495118 -1.182412
-0.495118 -2.027571
-0.390763 -2.027571
-0.358493 -3.234131
-1.470827 -3.234131
-1.470827 -2.715753
-0.895157 -0.799121
-0.895157 -0.799121
-0.459218 -0.090434
-0.459218 -0.966724
-1.004130 -2.970823
-1.004130 -2.970823
-0.781603 -2.970823
-0.319608 -2.970823
-0.319608 -1.778860
-0.039229 -1.778860
-0.396587 -1.778860
-0.339611 -3.314071
-0.339611 -3.314071
-0.339611 0.170704
-0.339611 1.245996
-0.467926 0.311746
-0.467926 0.311746
-0.467926 1.032943
-0.589754 1.032943
-0.589754 1.032943
0.026777 -0.340999
0.241337 -18.401459
0.066751 -18.401459
0.066751 -18.401459
0.064009 -18.401459
0.064009 -18.401459
0.064009 -18.401459
-0.048706 -18.401459
-0.447892 -1.407236
-0.447892 -1.407236
-0.447892 -1.407236
-0.447892 -1.889437
-0.447892 1.297959
-0.447892 1.297959
-0.447892 1.297959
-0.336944 0.162665
-0.336944 0.162665
-0.336944 0.162665
-0.319891 0.068598
0.288689 -15.978587
0.288689 -15.978587
0.288689 -15.978587
0.050663 -15.978587
0.050663 -15.978587
0.050663 -15.978587
0.032369 -6.417243
-0.707507 -6.417243
-0.707507 -6.417243
-0.707507 -6.417243
-0.707507 -6.417243
-0.707507 -6.417243
-0.707507 -6.417243
-0.311678 -6.417243
-0.311678 -6.417243
-0.311678 -6.417243
-0.311678 -6.417243
-0.311678 -6.417243
-0.311678 -6.417243
-0.311678 -6.417243
-0.311678 -6.417243
-0.311678 -6.417243
-0.311678 -6.417243
-0.311678 -6.417243
-0.311678 -6.417243
-0.311678 -6.417243
-0.311678 -6.417243
-0.311678 -6.417243
-0.311678 1.364672
-0.311678 1.364672
-0.311678 1.364672
-0.311678 -2.780893
-0.311678 -2.332499
-0.311678 -2.332499
-0.311678 -0.449283
0.362071 -0.449283
0.362071 -0.449283
0.362071 -0.449283
-0.419133 -21.552564
-0.403136 -21.552564
-0.403136 -21.552564
-0.403136 -21.552564
-0.292170 -21.552564
-0.292170 -21.552564
-0.081325 -21.552564
-0.081325 -21.552564
-0.081325 -21.552564
-0.129422 -21.552564
-0.129422 -21.552564
-0.129422 -21.552564
-0.129422 -21.552564
-0.088861 -21.552564
-0.088861 -21.552564
-0.088861 -21.552564
-0.088861 -21.552564
-0.088861 -21.552564
-0.088861 -21.552564
-0.088861 -21.552564
-0.088861 -0.462027
-0.088861 -0.462027
-0.088861 -0.462027
-0.088861 -0.462027
-0.088861 -0.462027
-0.088861 -0.462027
-0.088861 -0.462027
-0.088861 -0.462027
-0.088861 -0.462027
-0.088861 -0.462027
-0.088861 -0.313945
-0.088861 -0.313945
-0.088861 0.150655
-0.302042 0.915947
