-0.370407 -9.854723
-0.347075 -6.357188
-0.337329 -6.810272
-0.374666 -18.525247
-0.363635 -16.319392
-0.257641 -5.449375
-0.019672 -0.165684
-0.356018 -4.407062
-0.303426 -2.101418
-0.409399 -5.347157
-0.348921 -6.436469
-0.460908 -6.133779
-0.334745 -7.189638
-0.343410 -3.856776
-0.365451 -7.393275
-0.162307 -2.369375
0.097628 0.585590
0.223774 1.014195
-0.321217 -7.399861
-0.344842 -9.909470
-0.074992 -0.692615
-0.346655 -12.005583
0.246376 1.112939
0.094769 -6.050277
-0.396312 -6.613244
-0.343889 -5.917496
-0.435199 -2.068423
-0.147303 -10.633346
-0.334897 0.370701
0.054683 -13.249706
-0.340509 1.233638
0.329370 -5.102565
-0.060199 -4.517765
-0.313874 -1.074962
-0.326697 -0.004175
-0.098666 -5.856065
-0.000501 0.329784
-0.335929 -6.657697
0.051021 -7.702616
-0.350266 -9.674682
-0.334377 -8.802468
-0.412408 -8.527494
-0.331989 -7.363048
-0.399469 0.402631
-0.398938 -1.999261
0.059193 -9.318281
-0.139012 -1.571128
-0.379074 0.512751
