-0.246036 0.530355
0.062277 -0.065656
-0.005956 -2.851734
-0.208943 0.911372
0.144016 -2.900394
-0.122883 -0.186763
-0.015849 -7.534905
-0.229251 -2.715576
-0.193283 0.955267
0.163808 -1.356505
-0.077313 -9.493456
-0.283517 -2.504542
-0.197654 1.269119
0.189415 5.115942
0.103204 0.186142
0.016735 1.038096
0.168977 0.275204
0.026221 -0.163341
-0.013755 -3.475764
-0.225249 1.269477
0.240574 0.115378
0.011505 1.001828
0.147806 -0.011367
-0.001038 0.643339
0.076432 -6.249158
-0.262155 0.382721
0.046566 0.808789
0.092452 0.897309
0.124609 -3.401730
-0.215895 -1.680962
-0.234216 -0.888879
-0.105135 13.774502
-0.061059 0.518082
0.357165 0.297617
0.057474 0.730202
0.031180 -4.624199
0.083026 -3.790613
-0.228271 -3.960641
-0.213579 0.437676
-0.257309 -4.561691
0.050714 -4.936976
-0.288074 0.084121
-0.224722 0.903896
0.007836 -1.187362
0.154142 -5.723671
-0.180882 -5.882585
