-0.012508 -0.777331
-0.067253 -1.453935
-0.009147 -0.266943
-0.026435 -1.281485
0.001097 0.049140
0.033669 0.573341
0.011430 0.219989
-0.045250 -0.726810
-0.023291 -0.286287
0.069792 0.700002
-0.003127 -0.068347
-0.048077 -0.707591
0.004220 0.119162
-0.071071 -1.074437
-0.051692 -1.150072
0.026810 0.784136
0.108490 0.948863
-0.070636 -0.810756
0.001465 0.083834
-0.032389 -1.151880
0.075324 0.978894
-0.003345 -0.148403
0.092012 0.657733
0.089489 0.653927
-0.100481 -1.464454
-0.057856 -1.327013
-0.070760 -1.042237
0.012702 0.481219
-0.004927 -0.261717
-0.006572 -0.101147
-0.003073 -0.180799
-0.095337 -0.718925
0.011878 0.270107
0.018143 0.548833
0.029171 0.447039
-0.028451 -0.712577
0.096566 1.177064
0.007353 0.161208
-0.028256 -0.394723
0.030607 0.552672
-0.059777 -1.717492
-0.060464 -1.452789
-0.005158 -0.222895
-0.056831 -1.270296
-0.092854 -1.562812
0.475613 2.675254
-0.013169 -0.578446
-0.034410 -0.892713
0.069924 0.705651
0.031894 0.416498
