-0.143079 -0.081032
0.309069 0.213007
0.609021 0.789920
0.449574 0.341664
-0.472906 -0.464699
-0.364318 -0.547295
-0.947657 -1.622388
-0.362423 -0.585561
-1.019311 -3.390276
0.520224 1.473496
-1.087748 -1.736129
0.846364 2.026939
-0.321870 -0.357890
-0.553403 -0.367309
0.179954 0.218290
-0.387099 -0.361180
-0.458604 -0.132533
1.439773 0.960779
-0.361883 -0.276480
-1.301781 -0.669178
-0.309004 -0.295535
-0.808553 -0.287287
-0.300286 -1.207634
-0.362620 -0.541220
-1.910352 -5.173980
-0.309703 -0.412212
-0.527485 -0.289177
-0.334956 -0.280582
-0.484886 -0.413793
-0.503131 -0.326152
0.268526 0.036196
0.268526 0.036196
0.268526 0.036196
-0.375873 -0.185926
1.679779 1.157895
-1.026361 -0.303558
-1.026361 -0.303558
-0.552158 -0.075527
-0.377593 -0.230924
-0.512620 -0.374193
-0.512620 -0.374193
0.925567 0.846632
0.925567 0.846632
-0.484635 -0.850557
-0.484635 -0.850557
-0.613798 -0.396469
-0.613798 -0.396469
-0.560091 -0.464518
0.982009 2.103577
-0.407085 -1.145457
-0.314405 -0.768373
-0.409499 -0.577505
-0.274611 -0.682180
0.001893 0.007519
-0.275501 -0.442471
-0.300594 -0.892261
-0.300594 -0.892261
-1.159137 -2.795145
-0.822862 -0.434326
-0.822862 -0.434326
-0.822862 -0.434326
-0.822862 -0.434326
-0.075267 -0.106479
-0.075267 -0.106479
-0.057013 -0.189969
-0.057013 -0.189969
-0.327036 -1.020563
-0.695080 -36.279445
0.007929 0.024581
-0.351667 -0.244907
-0.520036 -0.957782
-0.520036 -0.957782
-0.223430 -0.157461
-0.365884 -0.541689
-0.365884 -0.541689
0.568812 2.724107
-1.179830 -2.826027
-0.619733 -0.873738
-0.216517 -0.220109
-0.336626 -1.198629
-0.354517 -0.458654
-0.288619 -3.947405
-0.261188 -0.986727
-0.226922 -0.896555
-0.699470 -2.331966
0.491030 -0.511828
-0.387588 -1.922304
-0.372621 -1.922304
-0.372621 -2.524446
-0.353156 -0.499436
-0.403028 -0.499436
-0.403028 -0.499436
-0.403028 -0.499436
-0.403028 -0.499436
-0.403028 -0.499436
-0.403028 -2.520573
-0.743776 -2.520573
-0.743776 -2.520573
-0.743776 32.510909
0.623299 0.291090
0.136352 0.291090
0.136352 0.291090
0.136352 -0.692272
-0.321110 -0.558986
-0.046040 -0.558986
-0.046040 -0.558986
-0.046040 -0.558986
-0.046040 4.753737
0.282309 4.753737
0.282309 -1.735173
-0.300329 0.386983
0.149346 -1.600931
-0.511509 -1.600931
-0.511509 -1.600931
-0.511509 -0.438441
-0.196179 -0.438441
-0.196179 -0.438441
-0.196179 -0.438441
-0.196179 -4.105061
-0.660465 -0.114096
-0.148417 -0.943366
-0.498978 -0.533496
-0.419119 -2.260466
-1.127564 -0.452294
-0.212365 2.171769
1.556237 2.171769
1.556237 2.171769
1.556237 2.171769
1.556237 0.735871
0.597406 0.735871
0.597406 0.735871
0.597406 -0.118349
-0.631386 -0.118349
-0.035902 -0.118349
-0.035902 -1.374776
-0.293719 -1.374776
-0.293719 -1.374776
-0.293719 -0.442694
-0.958281 -0.442694
-0.958281 -0.442694
-0.958281 0.702785
-0.523893 0.702785
-0.523893 -0.186007
-0.523893 -0.186007
-0.320132 -0.186007
-0.320132 -0.186007
-0.336661 -0.186007
-0.336661 -0.186007
0.685792 -0.186007
0.685792 -0.183207
-0.636282 -0.183207
-0.636282 -0.183207
-0.636282 1.731389
-0.636282 1.731389
-0.636282 -0.201337
-0.636282 -0.201337
-0.636282 2.145719
-0.257495 2.145719
-0.257495 -0.308688
-0.257495 -0.308688
-0.257495 -1.150557
-0.257495 -1.150557
-0.257495 -1.150557
-0.257495 -1.402511
-0.320042 -1.402511
-0.320042 -1.402511
-0.320042 -1.402511
1.229684 -1.402511
1.229684 -1.402511
-0.563302 -1.402511
-0.563302 -1.402511
2.162781 -1.402511
2.162781 -1.402511
-0.920791 -1.402511
-0.920791 -1.402511
-2.145167 -1.402511
-2.145167 -1.402511
-2.145167 -1.402511
-1.372325 -1.402511
-1.372325 -1.402511
-1.372325 -1.402511
-1.372325 -1.402511
-1.372325 -1.402511
-1.372325 -1.402511
-1.372325 -0.338889
