0.003422 0.095603
0.033762 1.031342
-0.001527 -0.049703
0.037238 1.533525
0.005882 0.164376
-0.074292 -0.924651
-0.031091 -0.537494
0.038145 0.788060
0.045903 0.910570
-0.099315 -0.862571
0.009344 0.209032
-0.012508 -0.331326
0.049255 1.652179
0.022854 0.969147
0.036873 1.533821
-0.061031 -1.027279
-0.046998 -1.102534
-0.016995 -0.647736
0.008505 0.285974
-0.017394 -0.675592
-0.007728 -0.325490
0.002551 0.113852
-0.007307 -0.450422
-0.022238 -1.363022
0.006871 0.679669
0.013736 1.979304
-0.002926 -0.331457
-0.004181 -0.462845
0.011009 1.250069
-0.015820 -0.780700
-0.005343 -0.292617
-0.000478 -0.038267
-0.008559 -0.558769
-0.008443 -0.539120
-0.039523 -1.069267
0.001666 0.102092
0.003560 0.211518
0.001608 0.049951
-0.028633 -0.593003
0.020938 0.420799
0.061143 1.133389
0.077798 1.833549
-0.000312 -0.008439
-0.011924 -0.243151
0.071136 1.873063
-0.178873 -0.747151
-0.009088 -0.069438
0.047663 0.641246
-0.004551 -0.078720
0.036611 0.910017
0.036611 0.910017
-0.029844 -0.645227
0.099211 2.463402
0.012122 0.225477
-0.016205 -0.441597
-0.025418 -0.447651
0.047756 0.006288
0.000221 -0.887149
-0.043260 -3.346411
-0.268721 0.907501
0.032553 0.907501
0.032553 0.755348
0.030117 0.681521
0.028317 -0.167035
-0.004801 0.279323
0.010611 0.279323
0.010611 0.252425
0.016393 0.798007
0.042570 0.618692
0.043122 0.773936
0.048540 -3.403672
-0.661364 -3.878127
-0.606005 -0.124350
-0.013225 0.901631
0.065643 -7.978103
-0.608507 -1.097239
-0.120716 1.792486
0.139728 -0.453901
-0.057726 -0.796014
-0.099528 1.519119
0.133376 -0.814155
-0.693576 -0.989206
-0.576456 1.451513
-0.277212 -0.867675
0.295579 -0.434225
-0.214181 -0.434225
-0.738236 -0.497442
-0.049664 0.607533
-0.049664 -0.355384
-0.069074 -0.502207
0.071624 0.918628
-0.041629 -0.572218
-0.054680 0.330251
0.050678 -0.606805
-0.042814 -0.606805
-0.028142 -0.606805
0.037502 1.444037
-0.108089 0.689018
-0.108089 -0.676645
-0.108089 -3.818705
0.204999 -3.818705
0.027486 -0.223876
0.160730 -0.935812
0.042620 -0.662850
0.020642 -2.823697
-0.565536 -0.205330
-1.631446 -0.205330
-1.631446 0.978058
0.410612 -0.165975
-0.034608 -0.165975
-0.197677 0.875054
-0.155455 1.772324
-0.648974 1.772324
-0.016790 1.772324
-0.016790 1.772324
0.089888 -0.248446
0.020491 -0.248446
-0.015748 -1.105542
-0.015748 -0.192164
0.074766 0.016879
0.111684 0.016879
0.111684 0.016879
0.111684 0.016879
0.111684 0.016879
0.007216 0.016879
-0.019824 -0.051540
-0.019824 0.139020
-0.108714 0.381596
-0.013817 -0.596099
0.001018 -0.596099
0.001018 0.815609
0.001018 -0.154757
0.001018 -0.733429
0.001018 -0.678512
0.001018 0.926532
-0.511081 -0.641710
-0.004056 -0.641710
0.008809 0.696304
0.018489 0.696304
-0.047419 -0.501522
-0.047419 -0.501522
0.033122 0.157907
-0.008111 -0.015217
-0.063343 1.502932
-0.051089 1.502932
0.054590 1.502932
-0.076039 1.502932
-0.076039 1.502932
0.035539 1.502932
0.035539 -0.650636
0.116415 -0.502823
0.116415 -0.120775
-0.262000 -0.700224
-0.262000 -0.700224
-0.190199 0.043079
-0.190199 0.043079
0.036234 0.043079
-0.222297 0.043079
-0.147845 0.043079
-0.147845 0.043079
0.163221 0.818654
0.163221 1.669145
-0.004801 1.669145
0.067916 -0.264416
0.067916 -2.687775
-0.058779 -2.687775
0.296462 -2.687775
0.296462 0.838083
