-0.010012 -0.152804
-0.034041 -0.548247
0.080615 0.793666
0.034029 0.419358
-0.009862 -0.135485
-0.060971 -0.997033
-0.058790 -0.983742
0.005449 -0.675591
-0.041187 0.756988
0.062257 -1.568628
-0.044638 0.388603
0.028483 0.388603
0.028483 -0.532931
-0.030988 -0.766610
-0.050543 0.763626
0.088583 0.763626
0.088583 -0.420457
-0.025110 -1.176460
-0.068467 -0.948052
-0.054430 -10.032399
-0.039553 0.245076
0.025646 -0.080742
-0.007150 -0.508685
-0.040236 0.838070
0.132618 0.586523
0.044779 -0.627779
-0.039753 -1.700021
-0.094633 0.405965
0.053493 -0.714737
-0.038977 0.344007
0.024112 0.585205
0.079632 -0.887438
-0.046709 0.024404
0.002547 0.428248
0.053688 -0.462645
-0.037777 0.731861
0.058001 -0.112511
-0.007061 -0.829698
-0.058619 0.185053
0.020702 0.901577
0.139475 0.276444
0.018781 -0.848630
-0.058187 0.395159
0.045153 -0.139902
-0.012070 -0.653973
-0.036452 1.343854
0.132816 1.343854
0.132816 -0.323100
-0.025600 0.020202
0.029593 0.284148
0.000140 -2.783172
0.020085 8.212263
-0.024359 -0.255224
0.055750 -0.255224
-0.019766 -0.255224
-0.019766 1.384227
-0.019766 1.384227
0.142400 1.384227
0.142400 -1.578768
0.142400 -0.153178
-0.082596 -0.542142
-0.009787 -0.383959
-0.031184 3.921851
-0.022857 0.091322
0.038839 0.557213
0.006152 14.648732
0.067369 14.648732
0.154958 14.648732
0.154958 0.043793
0.154958 0.043793
0.003160 0.531585
0.003160 0.531585
0.038013 0.531585
0.038013 0.531585
0.038013 -2.593215
0.038013 -2.593215
-0.078999 -2.593215
-0.078999 -1.847404
-0.078999 -1.846845
-0.084708 -1.419654
-0.080976 -1.419654
-0.067911 -0.135364
-0.067911 0.658465
-0.015550 -0.393570
0.019097 0.008763
0.019097 0.198310
0.051697 0.198310
-0.060156 0.198310
-0.021277 -1.270993
-0.021277 -0.030401
-0.042050 -0.030401
0.000860 -0.030401
0.025864 -0.030401
0.025864 2.361738
0.025864 2.361738
0.118058 2.361738
-0.058939 2.361738
-0.003344 2.361738
-0.003344 2.361738
-0.003344 0.399147
-0.003344 0.399147
0.368171 -17.147511
0.368171 -17.147511
0.368171 4.955450
0.368171 4.955450
0.368171 4.955450
0.368171 -4.490899
0.038836 -4.490899
0.038836 -4.490899
-0.078811 -4.490899
-0.078811 -4.490899
0.073338 -4.490899
0.073338 -4.490899
0.073338 -4.490899
-0.091646 -4.490899
-0.091646 -4.490899
-0.091646 -4.490899
-0.091646 1.142301
-0.091646 1.142301
-0.091646 1.267419
-0.091646 1.267419
-0.091646 1.267419
-0.091646 1.267419
-0.091646 1.267419
-0.091646 -2.764676
0.361836 -2.764676
0.361836 -2.764676
0.146543 -2.764676
0.146543 -2.764676
0.046937 -2.764676
0.046937 -2.764676
0.046937 -2.764676
0.046937 -2.764676
0.046937 -2.764676
-0.099003 -2.764676
-0.099003 -3.156397
-0.099003 -3.156397
-0.099003 -3.156397
-0.099003 -3.156397
-0.099003 -3.156397
-0.099003 3.449842
-0.099003 3.449842
-0.099003 3.449842
-0.099003 -0.250055
-0.099003 0.387307
-0.105568 0.387307
-0.105568 0.387307
-0.105568 0.387307
-0.105568 0.387307
-0.105568 0.387307
0.095392 0.387307
0.095392 0.387307
0.095392 0.387307
-0.004395 0.387307
0.030397 0.387307
0.030397 0.387307
0.030397 0.623839
0.030397 0.623839
0.030397 1.311642
0.030397 1.311642
0.030397 -8.129953
0.030397 -8.129953
0.030397 2.177477
0.030397 2.177477
0.030397 2.177477
0.030397 2.177477
0.060265 2.177477
0.060265 -14.777754
