0.007300 0.074616
-0.019583 -0.203517
-0.036541 -0.437912
0.001172 0.014563
0.047317 0.485064
-0.164311 -0.812108
-0.625126 -3.765937
0.009431 0.072748
0.118580 0.750835
0.162417 0.838088
-0.838156 -3.571518
0.190036 1.293547
0.158148 0.892306
-0.839579 -3.216846
-0.289006 -0.714025
-0.880118 -2.914540
-0.941410 -2.247991
-0.899480 -1.328338
-0.781849 -0.688475
-1.256664 -2.993162
-0.479259 -1.121132
0.118971 0.344253
0.171186 0.626418
-0.382105 -1.391949
0.481914 1.592983
0.366406 1.199079
0.888374 2.388638
-0.404916 -0.752717
-0.981089 -2.294783
-0.981089 -2.294783
0.617470 1.455169
0.427513 0.665746
0.532065 0.898148
0.192850 0.402685
0.192850 0.402685
0.192850 0.402685
-1.558044 -2.303549
0.295993 0.656997
0.116262 0.144755
0.116262 0.144755
1.356047 1.915921
1.034877 -0.380071
-0.499331 -1.220142
-0.939762 -0.319938
-0.132587 -0.319938
-0.132587 0.972443
0.347197 0.389100
0.147005 0.389100
0.147005 -0.425171
-0.139840 -0.425171
-0.139840 -0.413423
-0.271399 -0.722793
-0.148431 -0.474077
-0.058088 1.359908
0.229047 -0.176455
-0.027230 -0.171923
-0.024997 -0.513113
-0.055238 -0.893928
-0.064812 1.633411
0.242893 -3.860520
-0.550288 0.014377
0.018057 -0.183973
0.001455 -0.371284
-0.028009 -2.224276
-0.278861 0.783250
-0.738826 0.783250
-0.778757 -0.673361
0.141494 -0.618492
0.141494 -0.618492
-0.300054 -0.793219
-0.178679 -5.292826
-0.178679 11.763430
-0.077987 -1.574165
-0.901522 -1.574165
0.162856 0.772304
0.162856 -0.756131
0.162856 0.358776
0.075169 0.016773
-0.240021 0.493940
-0.240021 -0.563240
0.084158 0.024185
-0.082003 -2.056729
0.033674 -1.978522
0.001506 -1.163276
0.042661 -0.900402
-0.034060 -0.383634
0.002057 0.120098
-0.112492 0.373139
-0.088695 0.402706
-0.062527 -0.108133
-0.053595 0.401400
0.016795 1.018148
-0.027934 0.654449
0.011011 0.654449
0.037996 0.250596
0.038256 0.250596
-0.008011 26.817843
0.028132 0.804745
0.110821 0.804745
0.051349 0.446285
0.051349 0.484927
0.017100 -6.911371
0.017100 -7.155435
-0.014781 0.513377
0.063244 0.513377
0.068120 -1.379062
0.068120 -1.379062
0.033922 -1.379062
0.041645 -1.379062
-0.569537 -0.721623
-0.522534 -0.721623
0.046663 4.271161
0.046663 4.271161
-0.087977 0.125293
-0.087977 0.125293
-0.087977 0.503598
-0.087977 0.503598
-0.589523 0.503598
-0.589523 0.503598
-0.589523 0.503598
-0.044278 -0.340495
-0.044278 -0.340495
0.086857 -0.340495
0.086857 -0.340495
0.007902 -0.340495
0.007902 -2.286628
0.043069 -0.208201
0.043069 -0.638271
0.043069 0.213623
0.043069 -0.128513
0.043069 0.519698
-0.021074 -0.942159
-0.021074 0.738387
-0.021074 0.738387
-0.021074 -0.261116
-0.021074 -3.208959
-0.097641 -3.208959
-0.012428 -3.208959
-0.040133 0.363962
0.019614 0.971606
-0.010133 0.086576
0.054845 0.124614
-0.047404 0.931433
0.079874 -0.427537
0.079874 0.750728
-0.019373 0.750728
-0.027208 0.261464
-0.027208 -9.122785
-0.027208 -5.925136
0.037105 -32.143448
0.080983 -0.233416
0.005939 -0.950875
0.008754 -0.719254
0.099461 1.456634
-0.027406 -0.078960
0.064174 0.400815
0.064174 0.810124
-0.012304 -0.745985
0.011150 0.267614
-0.035264 0.267614
-0.069205 0.267614
-0.043094 -0.243755
-0.013996 1.026096
-0.055203 -0.024590
-0.038101 -2.470842
0.072060 -2.470842
-0.041283 -8.128369
0.030450 1.163035
-0.004764 1.163035
0.016425 -0.174446
-0.044160 0.515503
0.039972 0.192805
-0.035070 0.274211
-0.006842 0.773521
0.064494 0.885874
-0.039362 0.885874
0.024466 1.290525
