-0.120701 -1.597088
-0.680578 -3.797615
-0.561617 -4.351057
-0.111940 -0.708594
0.099015 0.472693
-0.429553 -5.391088
-0.587622 -4.257621
-0.506228 -5.032583
-0.031440 -0.257736
0.172611 0.785852
-0.068342 -0.781553
-0.628586 -4.209571
0.005586 0.039272
0.017623 0.093886
0.037625 0.220969
-0.603914 -3.915275
0.182959 0.748412
-0.131742 -1.251415
-0.544235 -4.214740
-0.018775 -0.135530
-0.487040 -5.248642
0.255938 0.959512
-0.651995 -4.024364
-0.552433 -3.082657
-0.621942 -4.201748
0.043798 0.275679
0.023826 0.174996
0.019240 0.096510
-0.697552 -3.914953
0.160963 0.751302
-0.685922 -3.922220
0.274737 0.917425
-0.909527 -2.988791
-0.392530 -6.550574
-0.593156 -4.168659
-1.047127 -3.003719
-0.674732 -3.663361
-0.044956 -0.323709
-0.721675 -3.716816
-0.054383 -0.465613
-0.569502 -4.378233
0.129980 0.659304
-0.007375 -0.052206
-0.853464 -3.622175
-0.039228 -0.350594
-0.617439 -3.628028
0.159275 0.698950
-0.034704 -0.206359
-0.611819 -4.272874
-0.159309 -2.712692
