-0.329453 -1.863953
-0.012231 -0.049190
0.001590 0.012976
-0.008024 -0.074016
0.008589 0.101536
-0.089414 -0.536851
-0.122437 -0.810715
0.216620 1.240248
-0.252310 -0.674575
0.216742 1.092144
-0.221705 -0.945642
0.350859 1.803427
-0.018970 -0.121363
0.167715 0.840994
-0.061127 -0.360342
-0.202367 -1.627896
-0.349346 -1.151053
0.191440 0.690674
-0.045501 -0.620694
0.115174 1.481569
-0.097892 -0.724755
0.065261 0.996817
-0.318505 -0.858498
-0.205317 -0.660601
0.383354 1.995557
0.115779 0.952733
0.277983 1.504233
-0.098272 -0.709305
-0.151002 -1.794867
0.132194 0.705419
0.061533 1.174437
0.308385 0.857020
-0.218963 -1.432715
-0.193572 -1.516184
-0.147285 -0.299485
-0.307360 -2.117754
-0.101601 -0.483591
-0.132540 -0.946924
-0.130550 -0.211236
0.043451 0.271114
0.139474 1.628237
0.260196 2.070954
-0.151637 -1.236901
0.265976 1.996711
0.201234 1.421949
-0.181663 -0.949263
0.082563 1.140515
0.094336 0.798101
-0.160304 -0.612999
-0.201321 -0.608827
