0.086917 0.295638
0.077845 0.290880
-0.045503 -0.233504
0.036068 0.144402
0.200492 0.578646
-0.178865 -1.648384
-0.085850 -0.539407
-0.184345 -1.716983
-0.094477 -0.632198
0.156080 0.517024
-0.189203 -1.886651
-0.150004 -1.218232
-0.032494 -0.171617
0.146718 0.474753
0.065441 0.252279
-0.013981 -0.068521
0.276155 0.715918
-0.081325 -0.472067
-0.044944 -0.224605
-0.020822 -0.103376
-0.166759 -1.427556
0.301863 0.733471
-0.046855 -0.249999
0.059485 0.275083
-0.060604 -0.316984
0.099668 0.338813
-0.012416 -0.068876
0.222294 0.583164
0.031480 0.125999
0.183141 0.516584
-0.057411 -0.321546
0.457433 1.093024
0.410462 0.819940
-0.210719 -2.173251
-0.043682 -0.308902
0.622748 0.988296
0.072692 0.282080
0.022732 0.097943
0.051521 6.960322
-0.044008 -0.228046
-0.049814 -0.250358
0.077275 0.292202
0.018194 0.080585
0.076815 0.293947
-0.050496 -0.264859
0.050722 0.215551
0.324252 0.744100
0.101675 0.362953
-0.107438 -0.678151
-0.208011 -2.352061
