-0.098173 -1.067097
-0.081995 -0.683308
0.083913 1.109062
0.006539 0.087405
-0.152917 -1.089810
-0.398980 -1.398024
-0.429305 -2.099068
0.039792 0.489700
0.036966 0.772908
0.009481 0.166475
-0.043718 -0.693747
0.097837 1.920943
0.063725 0.894552
0.078108 0.917367
0.031341 0.342756
0.061229 0.559462
-0.009169 -0.071712
-0.530963 -1.685644
0.029873 0.219554
0.122366 0.847972
0.048700 0.331747
0.048700 0.331747
-0.605924 -2.738211
-0.016148 -0.190791
0.058096 0.822572
0.103836 1.318758
-0.036771 -0.472071
-0.140409 -1.014253
0.040615 0.758572
-0.051930 -0.533461
-0.023942 -0.303570
-0.013360 -0.139286
0.103785 0.808973
0.032011 0.238971
-0.148931 -0.508112
0.094529 0.468990
-0.137017 -0.689733
0.127281 2.128116
0.037861 0.551420
0.057015 0.819347
0.013831 0.258129
0.057457 1.572416
-0.003488 -0.099328
0.028593 0.713531
-0.061108 -0.429200
-0.014218 -0.217759
-0.059561 -0.581950
0.017687 0.425901
0.012665 0.337912
0.002546 0.040482
-0.017250 -0.293504
-0.069211 -0.588538
0.153737 1.176800
-0.358613 -1.170887
0.109017 0.670278
0.016708 0.109318
0.015102 0.191051
0.045183 0.479532
0.076854 0.785189
0.085569 0.847503
-0.041710 -0.277387
0.113543 1.107225
0.160963 1.431939
0.183380 1.475367
-0.158382 -0.898601
-0.486099 -1.727684
0.119205 0.531950
0.015794 0.086602
0.226711 1.217466
-0.107512 -0.734658
-0.699631 -3.470748
-0.149644 -0.895936
0.077859 0.783988
-0.067642 -0.278534
0.276768 1.608942
0.163902 0.928744
0.101302 0.592767
0.076915 0.497702
-0.288293 -1.129367
0.025697 0.090727
0.254538 1.066422
-1.090177 -2.120180
0.075179 0.275513
0.056716 0.281585
-0.195020 -0.450657
-0.001080 -0.003513
0.000483 0.001475
0.115965 0.587528
-0.607784 -1.777102
-0.172687 -0.404341
0.229328 1.263432
-0.412401 -0.869387
0.284502 1.072461
0.080473 0.298637
-0.264346 -0.888647
-0.874288 -1.961216
-0.176015 -0.450042
0.085506 0.356055
0.368590 1.680276
0.139531 1.078044
0.242843 2.281074
-0.184382 -0.758000
0.088801 0.912066
-0.030268 -0.289459
-0.045927 -0.349348
0.119636 1.082999
-0.068516 -0.503607
0.000554 0.007619
0.083729 1.436619
-0.004695 -0.082921
0.027303 0.465187
-0.139583 -1.009490
-0.506045 -3.777858
0.045079 0.480013
-0.415550 -1.415661
-0.195850 -1.277995
-0.049608 -0.435120
-0.082612 -0.805622
-0.277044 -1.671282
-0.077412 -0.515852
0.031506 0.302728
-0.013540 -0.127792
0.036218 1.066757
0.135614 0.945936
0.114368 0.673653
0.021838 1.146491
0.088950 -3.372248
-0.794844 -3.586621
-1.072489 -0.409029
-0.126116 -0.849544
-0.359482 2.322437
0.332009 -10.841579
0.332009 -0.605680
-0.536458 0.618910
-0.536458 0.935592
0.138768 0.935592
-0.856683 1.870616
-0.869369 -1.157862
-0.170123 -0.919107
0.142972 -0.919107
0.210023 1.632618
0.210023 1.691043
-0.100943 1.691043
-0.100943 -3.785928
0.244383 -0.291317
-0.347805 -0.291317
-0.037660 1.517022
-0.037660 2.165626
0.089013 -11.238370
0.232027 -5.242130
0.232027 0.080480
-0.523069 9.511600
-0.025343 -0.926591
-0.025343 -3.012389
0.019620 -3.012389
0.024559 -3.012389
-0.221011 -25.190548
-0.039613 -0.687497
0.003082 -0.687497
0.051513 -0.687497
-0.008762 -0.687497
-0.034060 0.561402
-0.171402 0.561402
-0.171402 18.730009
-0.171402 0.512176
-0.191442 0.570945
-0.024973 1.186692
-0.024973 -0.985997
-0.024973 -0.832117
-0.024973 1.038781
0.016881 -0.714887
0.016881 0.027304
0.024857 0.477244
0.007228 -0.058428
0.008944 0.369877
0.026259 -11.367754
-0.022496 -16.240208
-0.014841 1.236261
0.008671 1.045511
-0.008114 -0.456436
0.000320 -0.456436
0.006490 1.490219
-0.000649 -3.350771
0.003827 0.738772
-0.004966 0.720208
-0.010504 -0.733015
-0.094575 1.368415
0.010598 -0.392506
0.009991 -3.302996
-0.005511 0.986489
