-0.043807 -0.691225
-0.019659 -0.303430
0.003239 0.039548
0.095558 0.860446
-0.026884 -0.296970
-0.017420 -0.265012
-0.000684 -0.022747
-0.008633 -0.106855
0.000976 0.030112
0.023947 1.159546
0.010034 1.060006
0.012444 1.262849
0.009351 0.755795
0.002975 0.408950
0.002260 0.252549
-0.000276 -0.077402
-0.001612 -0.322231
-0.001022 -0.124927
-0.001022 -0.124927
-0.002534 -0.405777
-0.004040 -0.860807
-0.003612 -1.245594
-0.008250 -1.495141
-0.017302 -1.458309
0.012001 1.008709
0.006412 0.511116
0.002509 0.344205
-0.003921 -0.364080
-0.061000 -1.105256
0.021768 1.365010
0.021768 1.365010
0.021768 1.365010
-0.075616 -0.484101
-0.000199 -0.001916
-0.075070 -0.385384
-0.028308 -0.222771
-0.061207 -0.702396
0.066430 0.696184
0.066430 0.696184
-0.003031 -0.118405
0.006385 0.331347
0.020429 0.798953
0.020429 0.798953
0.020939 0.861887
0.020939 0.861887
-0.035575 -0.931009
0.042518 0.849267
0.042518 0.849267
0.031485 0.816160
0.031485 0.816160
