-0.811429 -8.515183
-0.901562 -16.465432
-0.861187 -12.447025
-0.831139 -9.905336
-0.739712 -5.753299
-0.932245 -27.671789
-0.864663 -12.784571
-0.928419 -25.837019
-0.871287 -13.557337
-0.736067 -5.646712
-0.906529 -19.609272
-0.903142 -18.514937
-0.840813 -10.581289
-0.791033 -8.118321
-0.721260 -5.779820
-0.900496 -17.172047
-0.693923 -4.634613
-0.871278 -13.783757
-0.868410 -13.887689
-0.828507 -9.780753
-0.911469 -20.837708
-0.772764 -6.920359
-0.839466 -10.554167
-0.832508 -9.904453
-0.876814 -14.292417
-0.806371 -8.435288
-0.817611 -9.848594
-0.783288 -7.293780
-0.831909 -9.958130
-0.745084 -5.895736
-0.881016 -14.578348
-0.554421 -2.555308
-0.668098 -4.314816
-0.944709 -34.198586
-0.878230 -14.197186
-0.531357 -2.323208
-0.805395 -8.576127
-0.808899 -8.541083
-0.841686 -10.514481
-0.870279 -13.439091
-0.872087 -13.698425
-0.804685 -8.309130
-0.761376 -7.041262
-0.757995 -6.820018
-0.876079 -14.294687
-0.836414 -10.226004
-0.773633 -6.728661
-0.774927 -7.438721
-0.857118 -12.140356
-0.919678 -22.992295
