0.022169 0.449418
-0.100680 -1.090780
0.340564 1.560322
0.339345 1.194968
0.785316 1.399167
-1.830113 -2.666466
0.035737 0.201516
0.007915 0.027642
0.143940 0.760129
0.007762 0.011121
0.636255 1.089623
0.582421 1.424103
0.272634 0.765465
-0.852071 -0.714120
0.128430 0.409706
0.097680 0.293025
-0.515749 -1.122282
0.105224 0.192093
-0.182729 -0.266474
0.176904 0.261911
0.133457 0.429164
-0.168435 -0.529928
-1.853761 -2.524559
-0.516898 -1.057878
0.501041 1.406075
0.410113 1.256355
0.059243 0.117404
-0.211102 -0.985215
-1.143190 0.852564
0.471509 0.852564
0.471509 -0.890118
-1.220747 -0.159714
-0.063510 -1.501719
-0.511992 -0.158479
-0.050141 -0.685385
-0.444548 -0.964391
-0.254881 -0.520208
-0.332593 -0.363843
-0.119302 -0.628419
-0.025308 1.207304
0.263484 1.207304
0.263484 0.605766
0.124355 1.259766
0.355635 -0.566928
-0.107068 -0.929516
-0.213658 0.491973
0.054390 0.820720
0.117479 1.694675
0.927582 -0.517166
