-0.224086 -1.444404
-0.001978 -0.011809
-0.094850 -0.853714
-0.052192 -0.538776
-0.190749 -1.680902
-0.136328 -0.950871
0.010423 0.059966
0.197282 1.146417
0.021584 0.059379
0.265987 1.377854
0.074368 0.571455
0.303212 1.565105
-0.093010 -0.467432
0.086673 0.392883
-0.016908 -0.098727
0.006354 0.065752
-0.108847 -0.254502
0.273167 1.119245
-0.160907 -1.507295
-0.225185 -1.810451
-0.143118 -1.114469
0.010447 0.143825
-0.327998 -1.083870
-0.217972 -0.590533
0.319760 1.712094
0.071962 0.583775
0.166567 0.879243
-0.176354 -1.523351
-0.131038 -1.374123
-0.012574 -0.036481
0.019746 0.368313
0.405130 1.212935
-0.172712 -0.637879
0.013574 0.136652
-0.189858 -0.633249
0.096172 0.850077
-0.147652 -0.663365
-0.177239 -0.697575
0.004136 0.013603
0.085650 0.710133
0.071350 0.843372
0.196849 1.642446
-0.131259 -0.779625
0.085984 0.658539
0.119434 0.803343
-0.268572 -0.853795
0.010865 0.129790
0.054673 0.466271
-0.172717 -0.726873
0.006323 0.024937
