-0.301957 -6.703581
-0.345547 -4.685859
-0.237026 -10.142660
-0.295540 -6.272838
-0.366325 -3.185170
-0.306999 -8.176389
-0.310907 -6.741422
-0.253102 -16.928360
-0.265158 -9.047138
-0.352787 -3.389518
-0.256797 -16.731045
-0.251815 -12.129124
-0.302779 -5.927443
-0.308619 -4.942179
-0.329305 -4.771326
-0.295287 -6.533424
-0.394369 -3.256761
-0.278609 -9.384772
-0.319915 -6.272014
-0.237340 -6.952552
-0.281525 -10.688673
-0.435621 -3.297509
-0.328499 -5.111702
-0.366011 -4.366699
-0.289180 -8.280064
-0.259823 -6.991803
-0.220488 -6.965839
-0.410115 -3.985652
-0.300805 -6.246313
-0.270030 -5.017551
-0.290814 -7.223337
-0.208352 -2.613872
-0.434282 -3.022676
-0.268055 -18.724508
-0.551999 -5.719912
-0.253648 -2.855178
-0.366917 -3.979274
-0.339833 -4.188586
-0.326347 -10.017921
-0.223038 -8.028283
-0.282242 -8.958646
-0.253612 -5.931820
-0.311281 -5.602431
-0.280536 -5.370929
-0.291438 -7.861166
-0.377587 -3.964477
-0.295131 -3.891277
-0.228971 -5.333577
-0.263317 -11.607473
-0.264324 -17.175774
