-0.457947 -2.227702
-0.241216 -1.539606
-0.276038 -2.407754
0.239881 1.723402
-0.495570 -2.200696
-0.117119 -1.649101
-0.214139 -1.784914
-0.199540 -2.433686
-0.288740 -2.193679
-0.439094 -1.983602
-0.242429 -2.616579
0.195086 1.989190
-0.362239 -2.220295
0.240698 1.311668
-0.461699 -2.348233
-0.316485 -2.189375
-0.304112 -1.101018
-0.226829 -1.942980
-0.173155 -1.515000
0.194300 1.452293
-0.169356 -2.169100
0.396556 1.641181
-0.330025 -2.349683
-0.174536 -1.311513
-0.322650 -2.528746
0.286437 1.812011
-0.343734 -2.333743
-0.411170 -1.890088
-0.254027 -1.756314
-0.567813 -2.443754
-0.210384 -1.432616
-0.556879 -1.869229
-0.511718 -1.641331
-0.084017 -1.547010
0.205981 1.711607
0.392026 1.330585
-0.341707 -1.959472
-0.415607 -2.433762
-0.433371 -2.361152
0.163905 1.479965
-0.259974 -2.134594
-0.518082 -2.436217
-0.354147 -2.269271
-0.557874 -2.442331
-0.265070 -2.190146
-0.224342 -1.433623
-0.689679 -2.468195
-0.334989 -1.730602
-0.257653 -2.385888
-0.196400 -2.498684
