0.087423 -0.042829
-0.005386 -1.603696
-0.180694 -1.447587
-0.102349 -0.811884
-0.069443 -1.054211
-0.132826 -1.022749
-0.151387 -3.404279
-0.945149 1.158278
0.290497 0.864432
0.189208 0.064209
0.008583 1.241029
0.310721 -0.296117
-0.033156 0.997277
0.221040 -0.127753
-0.016619 -1.053181
-0.090939 0.283676
0.051284 1.123914
0.308263 -2.523453
-0.143407 0.160272
0.019754 -0.797325
-0.100265 -1.458271
-0.106087 0.783909
0.222077 -0.414465
-0.378906 1.260216
0.310381 0.350793
0.049613 1.117072
0.261590 -4.215956
-0.419511 -2.513727
-0.149968 0.399845
0.072034 -1.832167
-0.118447 1.470559
0.599118 -0.072279
-0.008603 -0.890404
-0.080729 0.219588
0.035762 -0.617141
-0.068249 -0.416568
-0.051483 -3.779945
-0.735213 0.458857
0.091350 0.235781
0.032307 0.271204
0.033808 0.391925
0.056342 -1.542069
-0.116456 -0.368279
-0.045356 0.913606
0.182807 0.221630
0.041668 -1.093924
-0.089691 0.580604
0.091275 0.529041
0.111493 0.157831
