-0.046262 -2.284718
0.045038 0.563740
0.013887 0.238297
-0.020350 -0.818344
0.029542 0.394790
0.059122 0.689327
-0.023756 -0.457706
-0.037543 -0.539966
0.067156 0.477150
0.039596 0.345992
0.001752 0.030264
-0.061155 -0.874155
-0.066690 -2.037570
-0.063650 -0.917168
-0.071146 -1.619472
0.011338 0.226514
0.056354 0.498804
0.103841 0.723950
-0.017573 -0.758870
-0.019961 -0.611943
0.074907 0.773478
-0.029687 -1.150045
0.196711 1.010579
0.135904 0.861973
-0.068021 -1.082425
-0.070616 -1.700411
-0.097652 -1.471342
0.006331 0.159139
-0.026717 -1.207420
0.064418 0.520154
-0.055220 -3.183480
0.069573 0.325945
0.014517 0.223811
-0.043063 -1.556798
0.278556 1.783086
-0.053035 -1.287294
0.111853 1.135252
0.029092 0.412120
0.052441 0.541352
-0.067457 -1.607000
-0.064435 -2.238175
-0.094638 -2.274695
-0.027682 -1.035206
-0.066941 -1.526945
0.012065 0.160469
0.236320 1.174800
-0.028875 -1.369713
-0.063403 -1.678846
0.133971 1.164354
0.013652 0.155812
