-0.250650 -7.752669
-0.307299 -6.000618
-0.208178 -7.324981
-0.192426 -4.742652
-0.160906 -2.503528
-0.261595 -15.826696
-0.230595 -8.622662
-0.238567 -16.061538
-0.246311 -9.312150
-0.250786 -4.562941
-0.208191 -9.091041
-0.206336 -7.452407
-0.256395 -7.609112
-0.206568 -4.463432
-0.171297 -3.397726
-0.205495 -5.857788
-0.247979 -3.893602
-0.224006 -8.856781
-0.274941 -9.035118
-0.206721 -5.669489
-0.241467 -14.501160
-0.219477 -3.606347
-0.253819 -8.777298
-0.323134 -5.514202
-0.242301 -10.483536
-0.186009 -4.353219
-0.191444 -5.126403
-0.292519 -5.042386
-0.220830 -6.747289
-0.212380 -4.445997
-0.237536 -8.578049
-0.098137 -1.036498
-0.282674 -3.478819
-0.242019 -23.180866
-0.246168 -9.652686
-0.177771 -2.078194
-0.254476 -6.255966
-0.205920 -5.676344
-0.322872 -5.149473
-0.187043 -5.239371
-0.239181 -9.680604
-0.212104 -5.093450
-0.172751 -3.670032
-0.165932 -2.990792
-0.222978 -8.463401
-0.249647 -6.471197
-0.218102 -3.670034
-0.183830 -3.822640
-0.217985 -8.754561
-0.232931 -16.405767
