0.109910 1.723513
-0.071512 -0.866867
0.354101 1.675418
-0.046205 -0.193838
0.232164 0.787106
-0.245071 -0.555391
-0.096685 -0.304705
-0.065658 -0.192857
-0.398422 -0.997811
0.444903 0.778493
-0.582651 -0.653527
0.553576 0.923966
0.512823 0.764183
0.342069 0.590610
0.243597 0.430646
-0.080511 -0.132356
-0.193404 -1.153396
-0.208040 -0.521518
-0.028075 -0.242357
0.067782 -1.236401
-0.151658 -0.833892
-0.083104 -1.002220
-0.086200 -1.147174
-0.200861 0.683014
0.045914 1.149347
0.031295 0.910274
0.014274 -1.000088
-0.009209 0.741963
0.005044 0.741963
0.005044 0.697280
0.002859 0.347327
0.001167 0.435343
0.002024 0.435343
0.002024 -0.493401
-0.002191 0.757292
0.002994 -0.232025
-0.000938 0.437578
0.000828 -0.025962
-0.000032 0.377782
0.000739 0.898548
0.001519 0.724165
0.001511 -0.816773
-0.002596 0.719875
0.002483 0.165162
0.000244 -0.419121
-0.000732 1.081507
0.002118 -2.215829
-0.003487 0.711099
0.002293 0.719947
