0.023895 0.261880
0.010003 0.117458
-0.008647 -0.115978
0.017935 0.205762
0.155163 1.008047
-0.094721 -2.827089
-0.020757 -0.301977
-0.080621 -2.019750
-0.015575 -0.232486
0.128124 0.901339
-0.076766 -1.876615
-0.059400 -1.167418
-0.010979 -0.146320
0.032284 0.335940
0.016416 0.197765
-0.029520 -0.446943
0.154472 1.074776
-0.028634 -0.444031
-0.021139 -0.302786
0.029496 0.315056
-0.075904 -1.923364
0.137107 0.938159
-0.010449 -0.141426
0.014099 0.161295
-0.030480 -0.473558
0.043760 0.437103
0.037579 0.387847
0.041166 0.428276
0.005358 0.065173
0.093518 0.747071
-0.013272 -0.183223
0.272717 1.342858
0.191990 1.109853
-0.113424 -4.791221
-0.056588 -1.060734
0.291111 1.331597
-0.007618 -0.098092
0.060466 0.556801
-0.010585 -0.138374
-0.000687 -0.009135
-0.018613 -0.265281
0.070288 0.620711
0.031389 0.333178
0.071719 0.625392
-0.036596 -0.590347
-0.044322 -0.713561
0.177600 1.076662
0.057703 0.539499
-0.013734 -0.190908
-0.080764 -2.203464
