-0.316473 -7.347499
-0.231849 -3.856484
-0.287590 -9.199839
-0.319168 -6.302936
-0.352343 -4.510506
-0.227074 -7.483047
-0.282269 -7.868451
-0.268029 -13.307758
-0.263704 -7.242235
-0.346214 -4.707183
-0.299859 -11.168770
-0.327876 -8.227990
-0.306227 -6.816131
-0.359854 -5.169345
-0.368093 -5.418960
-0.301733 -7.113741
-0.364179 -4.115295
-0.272331 -8.080521
-0.216691 -4.471843
-0.358128 -5.895399
-0.264050 -11.774971
-0.385374 -4.284641
-0.282327 -7.146823
-0.236284 -3.582367
-0.304709 -8.269608
-0.354610 -5.910617
-0.342756 -6.665420
-0.194611 -2.049104
-0.288030 -6.780118
-0.293814 -4.577646
-0.344928 -6.567729
-0.419929 -3.684231
-0.291332 -2.644248
-0.267044 -18.708750
-0.268507 -7.257598
-0.328966 -3.038583
-0.278692 -5.173344
-0.263689 -5.547730
-0.238423 -3.761682
-0.298700 -7.702463
-0.310126 -7.995095
-0.372726 -5.337113
-0.339035 -6.155362
-0.433725 -4.729089
-0.329532 -7.537230
-0.272056 -5.385915
-0.315832 -3.985869
-0.329592 -5.427569
-0.299324 -8.973835
-0.260036 -15.268847
