0.025806 0.222057
-0.535436 -2.664198
-0.063106 -0.416778
-0.025279 -0.263698
0.024650 0.260303
-0.008512 -0.102715
-0.060996 -1.137937
-0.010933 -0.161337
-0.104495 -2.501839
0.085955 0.878733
-0.007717 -0.750502
0.049368 0.573026
-0.012368 -0.180641
0.029297 0.361755
0.005892 0.080187
-0.060689 -1.109911
0.040343 0.472944
0.116310 1.238676
-0.054018 -0.897177
-0.008916 -0.126451
-0.053362 -0.972007
0.064582 0.709711
0.028220 1.870577
-0.128571 -3.295358
0.046515 0.530218
0.161089 1.547950
-0.028110 -2.322943
-0.070586 -1.368031
0.194667 1.488432
-0.078313 -1.471030
-0.087733 -1.897356
-0.087733 -1.897356
0.041925 0.528123
-0.043225 -0.801455
-0.020862 -0.316536
0.010556 0.146180
0.155241 1.308363
0.155241 1.308363
0.155241 1.308363
0.155241 1.308363
0.155241 1.308363
0.155241 1.308363
0.149212 1.285156
0.062472 0.760344
0.062472 0.760344
0.062472 0.760344
0.120321 14.921946
0.120321 14.921946
0.120321 14.921946
0.032067 0.319007
0.027972 0.326984
0.027972 0.326984
0.027972 0.326984
0.027972 0.326984
0.027972 0.326984
0.027972 0.326984
0.049478 0.485468
0.034813 0.333831
0.034813 0.333831
0.047399 1.661392
0.047399 1.661392
0.047399 1.661392
0.047399 1.661392
0.117281 0.965934
-0.040865 -0.658704
-0.139498 -1.935263
-0.139498 -1.935263
-0.037885 -1.720420
0.014686 0.187713
0.014686 0.187713
0.014686 0.187713
0.086009 0.842088
0.086009 0.842088
0.086009 0.842088
0.086009 0.842088
-0.058463 -0.562245
-0.077259 -0.816991
-0.014310 -0.165090
-0.014310 -0.165090
-0.014310 -0.165090
-0.014310 -0.165090
-0.096310 -1.756316
-0.083648 -1.641733
-0.083648 -1.641733
-0.083648 -1.641733
-0.083648 -1.641733
-0.083648 -1.641733
-0.073446 -10.150946
-0.079506 -7.761204
-0.079506 -7.761204
0.019838 0.229817
0.019838 0.229817
0.025204 22.539742
0.025204 22.539742
0.025204 22.539742
0.025204 22.539742
0.039898 10.509904
0.039898 10.509904
0.039898 10.509904
0.039898 10.509904
0.039898 10.509904
0.015533 0.192286
0.015533 0.192286
0.015533 0.192286
0.263443 1.855208
-0.080868 -1.644046
0.080803 7.668582
0.080803 7.668582
-0.044383 -3.930560
-0.070019 -1.301432
0.021551 0.268499
0.104624 1.184210
-0.020011 -1.587952
-0.020011 -1.587952
-0.020011 -1.587952
-0.024129 -3.770090
-0.024129 -3.770090
0.025563 0.381190
-0.036942 -5.177636
-0.036942 -5.177636
-0.036942 -5.177636
-0.012701 -0.180670
0.176921 1.842366
-0.030026 -0.580093
-0.030026 -0.580093
-0.030026 -0.580093
-0.030026 -0.580093
-0.030026 -0.580093
-0.030026 -0.580093
-0.030026 -0.580093
-0.013936 -0.170789
-0.013936 -0.170789
0.223118 1.553633
0.223118 1.553633
-0.151750 -0.477332
-0.151750 -0.477332
-0.151750 -0.477332
-0.151750 -0.477332
-0.151750 -0.477332
-0.151750 -0.477332
-0.151750 -0.477332
-0.151750 -0.477332
-0.151750 -0.477332
-0.151750 -0.477332
-0.151750 -0.477332
-0.151750 -0.477332
-0.151750 -0.477332
-0.151750 -0.477332
-0.151750 -0.477332
-0.077446 -2.591070
-0.077446 -2.591070
-0.077446 -2.591070
-0.077446 -2.591070
-0.027424 -0.288275
-0.027424 -0.288275
-0.027424 -0.288275
-0.027424 -0.288275
-0.027424 -0.288275
-0.027424 -0.288275
-0.027424 -0.288275
-0.027424 -0.288275
-0.027424 -0.288275
-0.027424 -0.288275
-0.027424 -0.288275
-0.027424 -0.288275
-0.027424 -0.288275
0.152174 14.729769
0.077073 0.634974
0.077073 0.634974
0.077073 0.634974
0.077073 0.634974
0.077073 0.634974
0.077073 0.634974
0.229478 1.166671
0.229478 1.166671
0.229478 1.166671
-0.049275 -1.548630
-0.049275 -1.548630
-0.049275 -1.548630
-0.049275 -1.548630
-0.049275 -1.548630
0.029889 0.778500
0.029889 0.778500
0.029889 0.778500
0.029889 0.778500
0.029889 0.778500
0.029889 0.778500
0.029889 0.778500
0.029889 0.778500
0.029889 0.778500
0.029889 0.778500
0.029889 0.778500
0.029889 0.778500
0.029889 0.778500
0.029889 0.778500
0.029889 0.778500
0.029889 0.778500
0.029889 0.778500
0.029889 0.778500
0.029889 0.778500
