0.010763 0.256468
-0.058168 -0.897351
0.040526 0.706603
-0.007633 -0.147739
0.032402 0.794702
-0.067437 -1.088836
-0.012712 -0.628746
0.006852 0.386842
0.000834 0.067279
0.031629 0.747861
0.020540 1.159031
0.020297 0.813386
0.009407 0.438313
0.001461 0.042558
0.018759 0.573188
-0.004958 -0.286134
-0.069849 -1.346853
0.008917 0.174241
-0.034359 -0.916086
0.022452 0.609020
0.018773 0.448415
-0.017041 -0.455015
-0.040746 -0.932443
-0.011595 -0.616543
0.008549 0.333157
0.057529 1.607604
0.023018 0.989389
-0.016659 -1.208202
-0.096841 -2.425532
-0.165109 0.507487
0.081869 0.731743
0.117601 -0.458192
-0.048074 0.050161
0.022069 0.050161
0.022069 0.050161
0.022069 0.050161
0.022069 -3.912644
-0.244848 1.159627
0.486775 1.159627
0.486775 1.283595
0.509045 1.283595
0.509045 1.283595
0.509045 0.141562
0.089701 0.471982
0.250965 -0.645073
-0.605379 -0.645073
-0.605379 0.891304
0.597005 0.806539
0.565187 0.806539
