-0.492340 -1.874462
-0.178904 -0.438021
-0.427287 -1.776460
-0.175990 -0.508536
0.232636 0.374563
-0.629292 -4.068479
-0.349710 -1.287358
-0.577996 -2.710301
-0.327797 -0.957832
0.300326 0.449501
-0.601866 -2.957578
-0.462802 -1.678057
-0.155607 -0.359598
0.022803 0.044472
-0.044773 -0.092200
-0.335900 -1.035374
0.308139 0.513579
-0.417957 -1.427872
-0.321153 -0.946534
-0.168026 -0.391180
-0.558445 -2.476024
0.392129 0.675187
-0.311102 -1.073146
-0.095699 -0.211496
-0.316716 -1.123582
-0.050846 -0.104023
-0.131969 -0.287083
-2.125735 -4.728726
-0.233341 -0.725093
0.040993 0.094469
-0.247081 -0.641348
0.744247 0.837438
0.538873 0.842332
-0.735915 -5.609032
-0.308920 -0.879058
0.752345 0.857366
-0.049046 -0.123424
-0.129914 -0.288462
-0.033946 -0.084324
-0.274470 -0.718311
-1.636809 -6.442978
-0.025181 -0.055674
-0.137846 -0.381605
0.236938 0.365598
-0.373832 -1.175705
-1.899861 -5.273045
0.283559 0.528083
-0.119037 -0.321821
-0.359492 -1.065005
-0.597879 -2.853959
