-0.111257 -1.012553
-0.018809 -0.118066
-0.090597 -0.729254
-0.189228 -2.417970
-0.152962 -1.666712
-0.208310 -1.690458
-0.007522 -0.046109
0.262381 0.930150
0.251788 0.921579
0.377790 1.199339
0.062492 0.339647
0.308104 1.014011
-0.024335 -0.166293
0.258309 0.914206
0.035530 0.204660
-0.133052 -1.237341
0.114972 0.508001
0.194732 0.700864
-0.194148 -2.649941
-0.075179 -0.578683
-0.050710 -0.343613
-0.148030 -1.523754
0.381349 1.113444
0.242277 0.776086
0.334238 1.072160
0.021001 0.125249
0.353692 1.159697
-0.226324 -3.085234
-0.195586 -2.491484
0.152507 0.640971
-0.201250 -2.797251
0.590565 1.385366
-0.049435 -0.340997
-0.129275 -1.175798
0.123895 0.578022
-0.051284 -0.365379
-0.130562 -1.012702
0.052019 0.290836
0.218994 0.815428
0.069344 0.356414
-0.094833 -0.803184
-0.026771 -0.173511
-0.147816 -1.478622
0.100437 0.506891
0.132497 0.622775
0.192344 0.781722
-0.129959 -1.282124
0.025462 0.144826
0.273980 0.979589
0.088148 0.429745
