0.447013 1.283090
-0.822328 -1.178697
-0.677158 -1.984156
0.744969 2.041049
-0.421299 -1.029028
-0.393936 -0.828635
-0.026297 -0.559892
-1.121203 -4.152754
-0.134895 -0.692508
0.024837 0.155535
-0.008879 -0.085991
-0.049568 -0.410810
0.029393 0.270245
0.005167 0.063660
0.056935 0.641621
-0.087041 -1.687857
-0.011562 -0.156591
-0.039778 -0.604947
0.101468 8.776221
0.052644 0.496444
0.102226 0.637919
0.097772 0.582829
-0.228374 -0.692196
0.088376 0.465918
-0.164424 -1.466449
0.066234 0.657409
0.152929 4.780835
-0.035085 -0.190534
-0.066446 -0.605357
-0.074022 -0.926623
-0.074022 -0.926623
0.156215 1.282732
-0.027166 -0.246783
-0.015049 -0.205193
-0.036728 -0.523650
0.157361 1.231225
-0.037283 -0.322667
-0.087247 -0.609794
0.076635 0.346512
0.163996 0.913112
0.294830 1.091688
0.247011 1.003904
-0.430378 -1.155237
0.120513 2.389788
0.040753 1.352818
0.040753 1.352818
-0.607729 -1.162055
-0.607729 -1.162055
-0.607729 -1.162055
-0.063611 -0.324813
-0.146858 -0.854422
0.063555 0.814656
0.423594 -0.716074
-0.164527 4.402573
0.261278 -0.848305
-0.228141 0.171420
0.027222 -0.660742
-0.067730 7.405750
0.103457 0.317649
0.037132 -0.670594
-0.075797 0.156343
0.021018 0.588326
0.085600 1.209871
0.235686 1.209871
0.235686 -0.742381
-0.167342 1.070170
0.145468 1.070170
0.145468 1.304585
0.245408 -1.225915
-0.285608 -1.225915
-0.285608 -1.225915
-0.285608 -5.084618
-0.829453 -5.084618
-0.829453 -2.981674
-0.774968 0.507749
0.159070 -0.308037
-0.196479 -0.290332
-0.208591 0.138255
-1.742436 0.280234
0.099629 0.683626
0.285686 0.273265
0.692914 0.678896
0.382336 -3.702867
0.755736 -0.085797
-0.226664 -0.085797
-0.226664 -3.678927
-0.226664 -0.262689
-2.099941 1.772115
-0.056881 1.772115
-0.056881 -1.208762
-1.491111 -0.654725
-0.375316 -1.697617
1.019432 -1.697617
1.019432 -1.697617
-0.594529 0.273499
-0.313666 0.273499
-0.136411 0.273499
-0.136411 0.273499
-0.136411 -0.126389
0.076883 -0.126389
0.076883 0.294931
0.076883 0.294931
0.076883 0.294931
-0.046597 0.294931
-0.046597 -1.367548
0.066618 -0.377882
0.066618 -3.412909
0.066618 0.386559
0.066618 0.386559
-0.189910 0.386559
-0.784408 -2.516640
-0.054735 0.504221
-0.670353 -1.701815
0.051965 -1.701815
0.051965 -1.701815
0.051965 -1.701815
-0.718002 -0.016988
0.117764 -0.016988
-0.302790 -0.016988
-0.302790 0.237655
-0.302790 0.220939
-0.302790 -1.440479
-0.004808 -30.788384
-0.004808 -30.788384
-0.004808 -30.788384
0.077179 -30.788384
0.055233 -30.788384
-0.677044 -1.894341
-0.779979 -1.894341
-0.779979 -5.083029
-0.779979 -5.381251
-0.779979 -5.381251
-0.779979 -5.381251
-0.468454 0.111373
-0.468454 0.111373
-0.542030 -33.810916
-0.017181 -33.810916
-0.017181 -33.810916
-0.017181 -3.491570
0.015753 -4.260083
0.015753 1.468740
-0.808197 0.791281
-0.808197 -0.025484
-0.808197 1.998587
-0.047438 1.998587
-0.624168 1.998587
-0.624168 1.998587
-0.618944 1.998587
0.031152 -2.731106
0.018170 -2.731106
-0.001731 -2.731106
0.016465 -2.731106
0.016465 -0.175644
0.016465 -0.175644
0.016465 -0.175644
0.016465 -0.175644
-0.054824 -0.175644
-0.054824 -0.175644
-0.054824 -0.175644
-0.054824 -0.175644
-0.013997 -0.219916
-0.013997 -0.219916
-0.013997 -0.219916
-0.013997 -0.219916
-0.013997 -0.219916
-0.013997 -0.479382
-0.013997 -0.479382
-0.013997 -0.479382
-0.017655 -2.280892
-0.017655 -2.280892
-0.017655 -2.280892
-0.017655 -2.280892
-0.017655 -2.280892
-0.027381 -2.280892
-0.006261 -0.049844
-0.006261 -7.284333
-0.006261 -7.284333
-0.036884 -7.284333
-0.036884 0.310364
-0.036884 1.098118
-0.036884 0.309340
-0.036884 0.309340
-0.036884 0.309340
-0.000949 1.041340
-0.080598 1.041340
-0.080598 1.041340
