-0.258064 -0.726592
-0.022845 -0.050161
-0.240500 -8.311862
-0.034192 -0.085477
0.613069 0.913737
-0.522141 -2.309461
-0.199661 -0.528787
-0.481232 -1.935861
-0.097063 -0.257369
0.561496 0.865372
-0.473223 -1.863265
-0.353957 -1.311094
0.021343 0.050815
0.306542 0.490831
0.247379 0.480217
-0.056729 -0.127328
0.673889 0.962842
-0.187810 -0.555374
-0.092760 0.263542
0.148397 -1.490707
-0.414476 1.168908
0.923811 -0.420112
-0.164858 0.235943
0.108529 -0.456424
-0.180581 0.385154
0.192394 0.274717
0.129438 0.738330
0.443810 0.014100
0.006842 0.730710
0.438014 -0.157827
-0.061451 1.194961
1.311866 1.107487
1.096563 -4.141765
-0.662527 -0.403088
-0.162063 1.378238
1.305331 0.372007
0.212874 0.270114
0.126040 0.411546
0.246963 -0.085973
-0.034364 -0.538165
-0.205262 0.432509
0.218684 0.246957
0.136795 0.841251
0.533636 -0.542022
-0.205001 0.191888
0.086873 0.909627
0.783470 0.675054
0.387024 -0.626738
-0.233803 -2.248896
