-2.220992 -4.667024
-0.488911 -65.720822
-1.628630 -6.226970
-2.826149 -4.044516
-3.744703 -3.501750
-1.850945 -5.528024
-2.524723 -4.277823
-2.016430 -4.768788
-2.471113 -295.004520
-3.045046 -3.535818
-2.046390 -4.707680
-2.112019 -4.849196
-2.874482 -3.645838
-2.871634 -3.638889
-2.519487 -4.268444
-3.797061 -3.526960
-2.312011 -4.474012
-2.280164 -4.668386
-2.439667 -4.028292
-1.971828 -5.330539
-3.569534 -3.285245
-2.454689 -4.309458
-2.808443 -3.935836
-2.377974 -4.435934
-2.915265 -3.922878
-2.631924 -273.705350
-3.398990 -331.769814
-2.592849 -4.193504
-3.452882 -3.338833
-4.287204 -237.394342
-1.521546 -6.883829
-2.403562 -4.391958
-0.320152 -1.361294
-2.942356 -3.611267
-3.047918 -3.555190
-2.361830 -4.464394
-2.386828 -4.121663
-3.046999 -3.867317
-2.868505 -3.954840
-3.139475 -3.477332
-2.451420 -4.053816
-2.883480 -3.951958
-3.644612 -3.280414
-2.124530 -4.510483
-1.748950 -5.902967
