-0.036985 -1.273689
-0.047247 -1.257094
0.050435 1.464009
0.008690 0.417468
0.055071 2.027519
-0.022242 -0.684734
0.004375 0.478049
0.008016 0.724480
-0.000289 -0.056812
-0.000030 -0.007614
-0.006210 -0.572432
0.004358 1.088558
0.001325 0.316709
-0.002358 -0.519922
-0.001473 -0.246301
0.003196 0.737426
-0.002337 -0.516055
-0.001291 -0.341440
-0.000393 -0.175947
0.000914 0.566890
-0.001846 -0.874778
-0.002358 -1.051416
-0.001885 -0.767377
-0.002988 -1.369531
-0.000001 -0.000900
0.001132 0.714577
0.001959 1.179399
0.000648 0.427003
-0.004477 -0.764772
-0.006342 -1.082176
0.001129 0.401424
0.003793 0.826736
0.007701 1.312699
0.002950 0.800303
-0.003450 -0.948165
-0.000553 -0.125880
0.004308 0.339399
-0.051395 -0.929809
-0.055796 -1.189232
0.002172 0.261956
0.022860 1.271995
0.009293 0.692964
-0.011561 -0.465353
0.123659 1.521731
0.020466 0.361763
-0.064988 -1.229380
-0.064988 -1.229380
-0.002586 -0.368171
0.011204 0.737976
0.006205 0.327508
