-0.015312 -0.107338
-0.490641 -1.259014
0.008267 0.056969
-0.036626 -0.169548
0.382512 1.138698
-0.330991 -1.464981
-0.109350 -1.125705
0.025357 0.150603
0.233047 0.783861
0.048533 0.354252
0.086663 0.544061
0.033997 0.175100
0.057893 0.214537
0.207549 0.852277
-0.040604 -0.217124
0.214312 0.610955
-0.576826 -7.057589
-0.223459 -0.627293
0.019502 0.092808
-0.088541 -0.800157
0.171514 0.482437
-0.121625 -0.540292
-0.311447 -0.836462
-0.144900 -0.690082
0.226769 0.979606
0.163185 0.800529
0.002132 0.006363
0.141817 0.710544
0.357069 1.165931
0.048424 0.273251
0.717385 1.528694
-0.756919 -1.033297
-0.158127 -2.276906
-0.382556 -1.886240
0.273756 0.591687
-0.042594 -0.154713
0.051264 0.253670
0.049270 0.196286
0.007883 0.048255
-0.017193 -0.115275
0.269253 1.017862
0.072817 0.358629
0.118828 0.450936
-0.034514 -0.222208
-0.342303 -0.676306
0.567801 1.480636
-0.012059 -0.045096
0.093512 0.584383
-0.078035 -0.839460
