0.055427 0.158653
0.141062 0.397169
-0.327062 -1.202524
0.146604 -0.646377
-0.190150 -1.469345
-0.162013 -1.484440
-0.298697 0.766512
0.297842 0.554947
0.199552 0.829493
0.329757 0.126275
0.037893 1.158102
0.443258 1.158102
0.443258 0.621873
0.230630 0.531055
0.186977 -1.895687
-0.361907 -0.166958
-0.048074 -0.166958
-0.048074 -0.805508
-0.196352 0.787955
0.323286 -62.035146
-0.312402 -0.182403
-0.045943 1.100112
0.387681 -0.801763
-0.191366 0.796644
0.322191 0.217854
0.065908 0.305768
-0.076147 -0.533688
0.091324 0.762577
-0.136396 0.762577
0.262122 0.981213
0.262122 0.371955
0.385167 -2.026581
0.168385 1.090912
-1.795952 1.090912
0.510069 1.283934
0.510069 1.010139
0.723752 1.010139
0.252249 1.010139
0.252249 20.827286
0.252249 0.804669
0.958325 0.804669
0.463316 0.267584
0.463316 0.267584
0.083492 -0.260839
0.083492 -0.260839
-0.428011 -0.550870
-0.428011 -0.550870
-0.371288 0.194364
-0.371288 -1.632038
0.029914 1.145739
-0.275276 1.236094
1.132773 -0.578603
1.493661 1.411174
-0.828941 5.626761
1.184492 -3.276569
0.982998 0.968165
-1.921648 -1.467650
1.008956 -2.046710
-2.428939 -0.569057
-3.442280 -0.926058
-0.244756 1.193502
-1.371280 -0.140815
0.344739 -0.947081
-0.146528 -2.998945
-0.978457 2.574331
-2.118435 0.849143
0.491915 -6.273852
0.387847 -6.273852
-0.275576 0.286776
-0.275576 0.174310
0.106836 -0.727686
0.065927 0.825144
-0.199225 -0.246453
0.347371 -0.594100
-0.077364 2.795053
-0.183894 0.314867
0.181292 -1.153332
0.124598 0.248616
-0.715854 0.248616
0.107987 -0.803696
0.107987 -0.573617
-0.383793 -0.573617
-0.701017 -0.573617
-0.701017 -0.316485
-0.701017 -0.316485
-0.165341 -0.456113
-0.165341 -2.065869
-0.170525 -0.017848
-0.460203 -0.620009
-0.004971 0.653142
-0.162057 0.052372
0.221646 -2.039751
0.016440 7.685968
-0.449366 -0.747100
0.149588 0.096555
-0.067278 0.096555
0.027791 -0.632492
0.027791 -0.632492
-0.037558 -0.632492
-0.037558 -0.632492
-0.037558 0.295372
-0.037558 -4.673837
0.091456 -1.498943
0.068901 0.636094
-0.265853 0.109082
-0.297014 -0.385246
0.253345 1.658842
0.030321 0.647926
-0.105776 -2.554886
1.046314 1.058964
0.286632 -0.588482
-1.817147 -1.557098
0.530196 1.754720
-0.213071 0.592316
-0.558186 -2.578255
1.159497 -0.869677
0.282260 0.949119
-1.841187 1.459119
-0.615197 0.408591
0.495207 0.408591
1.156107 0.089811
0.266126 1.819186
0.266126 -0.161163
0.063544 1.276598
1.419641 -2.074855
-0.239079 -0.257375
1.969239 0.995464
-2.355155 -0.444578
-0.253741 0.268551
1.131319 1.963173
-0.743104 -0.869647
0.185862 -0.936908
1.696420 0.305910
-2.545515 -0.258631
-1.499307 -1.199527
0.253842 -0.237218
-0.378939 -1.893123
-1.176538 1.018496
-0.096839 -0.538245
-0.742744 14.314980
0.443263 0.286303
-0.142920 0.443602
0.766040 0.015181
0.109722 0.624271
0.172650 -0.698585
0.005665 -0.407391
0.261916 -0.291296
-0.272106 0.559544
-0.140822 -0.347584
-0.086204 -0.208026
0.203172 0.422843
-0.097533 0.982725
-0.057867 0.409134
0.152061 -0.565579
0.455496 -7.093078
0.260270 0.998126
-0.238276 0.998126
-0.277946 -0.685250
0.427760 0.370744
0.427760 -0.727622
-0.255300 -0.385596
0.146305 0.060522
-0.464974 0.572370
-0.131842 -0.997785
0.012690 -0.997785
0.258750 1.218060
-0.384968 -0.081751
-0.384968 1.003953
0.684392 -0.098658
-0.035582 0.065575
0.481181 0.670401
-0.037734 1.399909
0.039677 1.361544
0.447030 -0.363331
1.166566 -0.473860
1.089161 0.922449
-0.225064 0.388240
-0.260991 -0.314052
0.843875 -0.316732
0.372917 -0.316732
-0.542396 -1.797988
-0.852737 2.276757
-0.852737 -0.995149
1.839715 0.366972
1.839715 -1.472558
1.839715 -3.856583
-3.847994 -2.648075
0.117293 -0.232386
-1.215446 1.307109
0.305483 -1.191691
-1.937004 0.812278
-2.806280 -4.209086
-2.310707 -4.209086
