0.051741 0.512155
-0.072177 -0.878305
-0.040748 -0.574637
-0.116204 -3.525209
-0.118435 -3.107106
0.003499 0.332690
0.050344 0.492533
-0.071385 -0.671327
0.101794 0.500701
0.076067 0.532206
0.003591 0.036576
-0.152252 -2.054028
-0.088988 -1.244555
-0.009119 -0.070942
-0.029328 -0.217829
-0.057322 -0.949565
0.061106 0.545368
0.088712 0.593656
-0.102737 -1.956944
-0.153054 -5.093365
0.007912 0.073962
-0.069234 -0.831657
0.160841 0.871503
0.097856 0.655089
-0.058842 -0.452907
-0.181664 -4.389042
-0.113580 -1.153775
-0.096090 -1.978235
-0.102420 -1.711722
0.173648 1.053621
-0.119449 -3.638313
0.346470 1.072364
0.038590 0.289096
-0.131645 -3.654994
0.043641 0.391905
0.088325 0.882291
-0.015070 -0.129694
-0.002796 -0.025625
0.056034 0.426208
-0.054937 -0.580764
-0.119840 -2.735960
-0.138743 -3.073179
-0.086422 -1.541961
0.176578 1.557235
-0.087475 -1.013992
0.057008 0.469833
-0.050675 -0.526707
-0.175209 -4.441434
-0.007143 -0.059039
0.029489 0.122800
