-3.726876 -3.286938
-2.565821 -4.061034
-2.296566 -4.278286
-2.497042 -3.988335
-3.386589 -3.729574
-1.765394 -5.600063
-2.241418 -4.444939
-0.872972 -13.218131
-2.126424 -4.598984
-3.051133 -3.721891
-1.868523 -5.222039
-1.885342 -5.125256
-2.508940 -4.119557
-2.765813 -4.040923
-2.823925 -3.826533
-2.416515 -4.147767
-3.390134 -3.430493
-2.113608 -4.570705
-2.334016 -4.251432
-2.528642 -4.003268
-1.922908 -5.164165
-3.244599 -3.467713
-2.344753 -4.473681
-2.550455 -4.714669
-2.073526 -3.897615
-2.638227 -4.304831
-2.326506 -3.568131
-0.643150 -4.044914
-2.437009 -3.524233
-3.094072 -4.438683
-2.190066 -3.253190
-4.260874 -3.211806
-3.885209 -7.802465
-1.446431 -4.412673
-2.236739 -3.174450
-4.185574 -3.723331
-2.904288 -4.183005
-2.607296 -3.751268
-2.815295 -4.662201
-2.207935 -4.610350
-2.243082 -3.902917
-2.692581 -3.881594
-2.684869 -3.994290
-2.783852 -4.454787
-2.164714 -4.036208
-2.498096 -3.501333
-3.298683 -3.661942
-2.933996 -4.688091
-2.080878 -19.838636
