0.149324 0.763563
-0.099973 -0.556310
-0.301282 -0.548926
0.126374 0.291761
0.308136 1.105513
-0.227159 -0.793106
-0.183942 -0.308308
0.117956 0.452850
-0.299846 -0.656945
0.693455 1.792506
-0.456084 -0.854075
0.522773 2.310856
-0.054909 -0.118990
-0.199847 -0.449471
-0.156848 -0.400049
-0.196617 -0.376434
-0.196617 -0.376434
0.124190 1.874047
-0.194844 -0.650472
-0.146903 -0.197596
-0.222267 -0.472306
-0.072986 -0.121677
-0.415462 -0.200961
-0.149638 -1.126951
0.266513 0.335438
0.120084 0.312988
0.120084 0.312988
-0.210034 -7.609908
-0.210034 -7.609908
0.567733 0.978854
-0.657706 -0.705676
-0.397430 -0.412060
-0.397430 -0.412060
0.126416 -0.322087
0.126416 -0.456586
0.126416 -0.059551
-0.018835 4.216301
-0.092616 4.216301
-0.102031 4.216301
-0.177717 -0.279217
0.120245 1.120879
0.120245 0.095571
0.120245 0.095571
-0.097146 0.095571
0.242295 0.095571
0.106888 0.095571
0.106888 -0.918368
0.106888 -0.918368
0.106888 -0.918368
0.106888 -0.918368
-0.139702 -0.918368
-0.139702 -0.918368
-0.139702 -0.918368
-0.139702 0.106504
-0.139702 -0.257018
-0.139702 -0.257018
-0.139702 -0.257018
0.109846 -0.106881
-0.163597 -0.341391
-0.163597 -0.341391
-0.163597 -0.341391
-0.109702 -0.341391
-0.393900 -0.341391
-0.393900 -2.201240
-0.393900 -2.201240
-0.393900 -2.201240
-0.393900 -0.556171
-0.150972 -0.556171
-0.150972 -0.494688
-0.150972 -0.494688
-0.201843 -0.117418
-0.201843 -0.183235
-0.319983 -0.287428
-0.319983 -0.287428
-0.107942 1.798430
-0.132933 -0.289125
-0.241551 -0.446053
-0.241551 -0.446053
0.841581 -0.732748
-0.153887 0.042074
-0.172548 -0.445945
-0.172548 -1.239180
-0.096188 -0.421726
0.011594 -0.421726
0.359474 -0.421726
-0.270221 -0.421726
-0.406835 -0.421726
-0.424692 -0.421726
-0.424692 -0.941250
-0.225186 -0.941250
-0.225186 -0.941250
-0.225186 -0.941250
-0.225186 -0.941250
-0.225186 -0.941250
-0.225186 0.563380
-0.201965 0.563380
-0.201965 0.563380
-0.201965 0.148684
-0.201965 0.148684
-0.201965 0.148684
-0.201965 0.148684
0.337012 1.302467
0.337012 1.302467
0.337012 -1.440784
0.297572 -1.440784
0.297572 3.586411
0.297572 3.586411
0.297572 3.586411
1.262754 3.586411
1.262754 3.586411
-0.450424 3.586411
-0.450424 3.586411
1.672586 3.586411
1.672586 0.028823
1.672586 0.028823
1.672586 0.028823
1.672586 0.028823
1.672586 0.028823
1.672586 0.028823
1.672586 0.028823
0.105483 0.028823
0.105483 -0.186457
0.105483 -0.186457
0.105483 -0.186457
0.105483 -0.186457
0.105483 -0.186457
0.105483 -0.186457
0.105483 -0.186457
-0.211108 -0.186457
-0.211108 -0.186457
-0.211108 -0.186457
-0.211108 -0.186457
-0.211108 -0.186457
-0.211108 -0.186457
-0.211108 -0.186457
-0.211108 -0.186457
-0.211108 -0.186457
-0.211108 -0.186457
-0.211108 -0.186457
-0.211108 -0.186457
-0.211108 -0.186457
-0.211108 -0.186457
-0.211108 -0.186457
-0.211108 -0.186457
-0.211108 -0.186457
-0.211108 -0.186457
-0.211108 -0.186457
-0.211108 -0.186457
-0.211108 -0.186457
-0.211108 2.485105
-0.211108 2.485105
-0.211108 2.485105
-0.211108 2.485105
-0.211108 2.485105
-0.211108 2.485105
-0.211108 2.485105
0.477267 2.485105
0.477267 2.485105
0.477267 2.485105
0.477267 2.485105
0.477267 2.485105
0.477267 2.485105
0.477267 2.485105
0.477267 2.485105
0.477267 2.485105
0.477267 2.485105
0.477267 2.485105
0.477267 -0.021019
0.477267 -0.021019
0.477267 -0.021019
0.477267 -0.021019
0.477267 -0.021019
0.477267 -0.021019
0.477267 -0.021019
-0.005102 -0.021019
-0.005102 -0.021019
-0.005102 -0.021019
-0.005102 -0.021019
-0.005102 -0.021019
-0.005102 -0.021019
-0.005102 -0.021019
-0.005102 -0.021019
-0.005102 -0.021019
-0.005102 -0.021019
-0.005102 -0.021019
-0.005102 -0.021019
-0.005102 0.497818
-0.005102 0.283917
-0.005102 0.283917
-0.005102 0.283917
-0.005102 0.283917
-0.005102 0.283917
-0.005102 0.283917
