-0.140881 -0.634465
0.035977 0.132554
0.844338 1.720604
-0.271777 -1.342424
0.180949 0.561082
-0.112027 -0.493068
-0.369300 -2.118119
0.069515 0.211415
-0.300751 -1.416590
0.408808 1.155060
-0.028231 -0.093644
-0.262260 -1.107127
0.429486 1.167939
-0.022680 -0.073281
-0.515882 -3.378556
-0.119974 -0.482783
0.048155 0.149709
0.048155 0.149709
-0.015854 -0.054131
-0.008609 -0.732361
-0.178680 0.443970
0.202206 0.443970
0.202206 -0.472719
-0.129095 0.427912
0.175404 0.575029
0.176984 -0.213842
-0.056780 -0.213842
-0.056780 -0.872796
-0.193493 -48.177874
-0.171934 0.014688
0.007255 0.014688
0.007255 0.287881
0.178974 1.075143
0.566725 -0.396983
-0.094958 -0.396983
-0.094958 0.201095
0.057889 -1.253651
-0.250330 -1.253651
-0.250330 0.531892
-0.016448 -0.435027
0.184387 0.853003
-0.276241 -0.369952
-0.127618 0.204653
0.539694 0.855893
-0.086236 -0.723300
0.061738 0.387553
0.306575 -0.498447
-0.328353 -0.795887
-0.035455 -0.093292
0.129867 0.619387
-0.124107 0.921256
-0.193655 -0.290654
-0.034305 -0.656041
0.334472 -1.253789
0.352073 -1.253789
-0.067680 0.445009
-0.149468 0.409481
-0.263706 -0.171666
-0.263706 -12.183103
0.203170 0.684672
0.136779 17.673486
-0.046363 17.673486
0.094521 0.981514
-0.040690 0.981514
0.237181 -3.024190
0.352674 1.627348
0.352674 0.596946
0.628353 -0.378782
0.628353 0.800995
-0.429475 -0.839246
0.668153 -0.839246
0.196644 -0.839246
-0.086830 2.255810
0.256096 -0.031737
-0.192267 1.086189
-0.192267 0.938901
-0.192267 -0.625497
0.119313 -0.894305
-0.008081 0.768320
0.380736 0.768320
0.318027 2.440133
-0.044870 -1.835502
-0.209189 -0.615365
0.193931 -37.914401
0.193931 -37.914401
0.300658 1.219648
-0.346060 -0.737408
-0.153016 6.135084
-0.100479 -0.278430
-0.100479 -7.562789
0.481125 -7.562789
-0.166001 -0.428532
-0.079982 0.752764
-0.079982 -10.010574
-0.079982 -2.561722
0.017557 -7.956734
-0.027192 -0.010345
-0.319872 -0.010345
-0.319872 -0.010345
-0.116723 0.520411
-0.135559 -2.455998
0.284295 0.156295
-0.355316 0.156295
-0.135978 -0.513040
-0.113864 -0.513040
-0.011099 0.280241
-0.011099 0.280241
-0.011099 0.280241
0.846428 0.280241
-0.429693 0.202704
0.113108 -0.153883
0.113108 -0.153883
-0.170894 991.525063
-0.170894 991.525063
0.078934 991.525063
0.078934 -0.130036
0.078934 -0.130036
0.078934 -0.130036
0.125690 -0.130036
-0.034888 -0.130036
-0.034888 -0.316769
0.671505 -0.316769
0.671505 1.776303
0.671505 1.209223
-0.035472 -0.789508
-0.035472 -0.789508
-0.035472 -1.628189
-0.035472 -1.628189
-0.035472 -0.109135
-0.072666 -1.059451
-0.072666 -1.059451
0.822178 1.214847
-0.198641 0.166436
-0.198641 0.166436
-0.198641 0.166436
0.261829 -83.359052
-0.129706 -83.359052
-0.129706 -83.359052
-0.293086 -83.359052
-0.293086 -5.619690
0.008919 -5.619690
-0.011337 -5.619690
0.172717 -5.619690
0.172717 -1.468285
0.068202 0.222522
0.068202 0.222522
-0.110247 -0.369341
-0.110247 -0.369341
-0.257183 -38.829887
-0.257183 -38.829887
0.146604 -0.996660
-0.312331 -0.996660
0.479522 -4.232458
0.143675 -0.628779
0.024995 13.230182
0.024995 13.230182
0.024995 13.230182
-2.356094 13.230182
-2.356094 -0.868888
-2.356094 -0.868888
-2.356094 -0.868888
-0.193076 -0.868888
-0.193076 -0.868888
-0.193076 -0.868888
-0.193076 -0.868888
-0.066382 -0.868888
0.075122 37.162390
0.075122 37.162390
-0.109377 3.537860
-0.109377 3.537860
-0.142481 3.537860
