-0.021442 -0.028962
-0.097218 -0.076793
0.413639 0.391081
0.471936 2.091031
-0.032186 -0.123721
-0.037377 -0.191063
-0.155222 -0.346104
-0.426616 -1.431474
-0.383237 -0.822503
-0.449553 -1.070340
-0.124186 -0.230775
-0.482371 -2.227573
-0.558006 -2.014562
0.236690 0.686038
0.496328 2.070581
-0.188765 -0.632293
-0.021691 -0.101086
-0.123145 -0.226229
-0.042999 -0.203769
-0.066197 -0.153698
-0.051883 -0.357678
0.360712 2.369283
-0.070176 -0.213422
-0.036334 -0.062471
-0.399186 -1.520981
-0.027046 -0.086020
0.093024 0.116617
-0.099221 -0.359779
-0.099221 -0.359779
-0.089261 -0.311078
0.411761 1.393997
0.411761 1.393997
-0.082908 -0.179671
0.204767 0.290046
-0.043995 -0.025486
0.104098 0.088370
-0.882860 -1.617863
-0.691436 -1.270262
-0.691436 -1.270262
-0.691436 -1.270262
-1.314506 -1.007722
-0.157742 -0.335409
-0.157742 -0.335409
-0.157742 -0.335409
-0.364145 -0.194686
-0.083614 -0.141268
-0.639729 -38.966430
-0.639729 -38.966430
-0.639729 -38.966430
-0.639729 -38.966430
-0.639729 -38.966430
-0.639729 -38.966430
-0.639729 -38.966430
-0.639729 -38.966430
-0.639729 -38.966430
-0.639729 -38.966430
-0.639729 -38.966430
-0.639729 -38.966430
-0.639729 -38.966430
-0.639729 -38.966430
-0.639729 -38.966430
-0.639729 -38.966430
-0.100803 -0.045291
-0.100803 -0.045291
-0.100803 -4.522856
-0.064609 -75.894005
-0.064609 -0.160332
-0.868713 -0.160332
-1.150801 -0.160332
-0.133543 -0.160332
-0.133543 -0.160332
-0.133543 -0.160332
-0.133543 -0.160332
-0.133543 -0.160332
-0.133543 -0.160332
-0.133543 -0.160332
-0.133543 -0.160332
-0.133543 -0.160332
-0.133543 -0.049298
-0.133543 -0.049298
-0.133543 -0.049298
-0.100502 -0.995233
-0.100502 -0.995233
-0.100502 -0.377877
-0.994160 -0.354722
-0.994160 -0.354722
-0.590098 -0.263751
-0.744581 -0.298725
-0.744581 -0.185465
-0.161935 -0.185465
-0.336039 -0.185465
-0.089648 -0.272148
-0.089648 -0.272148
-0.089648 -0.272148
-0.089749 0.052401
-0.089749 0.052401
-0.089749 -0.179210
0.027992 -0.179210
0.027992 -0.235875
-0.460389 -0.108154
-0.460389 -0.087902
-0.107323 125.343703
-0.083693 125.343703
-0.083693 -0.397902
-0.083693 -0.397902
-0.046728 -1.663701
-0.038410 -0.360603
0.563840 -0.360603
0.563840 -0.360603
-0.168025 -0.360603
-0.168025 -0.360603
-1.036379 -0.360603
-0.174949 -0.360603
-0.174949 -0.360603
-0.174949 -0.360603
-0.174949 -0.360603
-0.174949 -0.360603
-0.174949 -0.360603
-0.174949 -0.360603
-0.174949 -0.360603
-0.174949 -0.360603
-0.174949 -0.330840
-0.174949 1.481693
-0.174949 1.481693
-0.174949 1.481693
-0.174949 1.481693
-0.174949 1.481693
-0.135358 1.481693
0.937853 1.481693
0.937853 -2.012018
0.937853 -0.311937
0.937853 -0.199710
0.937853 -0.333388
0.937853 -0.333388
0.937853 -0.333388
-1.026894 -0.117109
-0.172864 -0.117109
-0.211610 1.223682
-0.205351 0.266791
-0.205351 0.266791
-0.205351 0.266791
-0.314025 0.266791
-0.314025 0.266791
0.987131 0.266791
0.595033 0.266791
0.595033 0.215710
0.595033 -0.195094
0.595033 -0.064645
0.595033 -0.374610
0.595033 -0.374610
0.595033 -0.374610
0.223582 -0.374610
-0.102561 -0.456582
-0.030660 -0.007241
-0.102941 -0.811322
-0.102941 -0.474683
-0.102941 -0.474683
-0.102941 -0.327011
-0.311139 -0.195792
-0.009789 -0.195792
-0.532484 -0.807926
-0.108854 -0.807926
-0.108854 -0.807926
-0.289715 -0.653674
-0.065364 -0.653674
-0.065364 -0.653674
-0.156978 -0.653674
-0.156978 -1.656698
-0.156978 -1.656698
-0.186936 -1.656698
-0.186936 0.238874
-0.186936 -0.144299
-0.186936 -0.144299
-0.335537 -0.144299
-0.335537 -0.364966
-0.335537 -1.453203
0.078690 -1.453203
-0.026177 -1.453203
-0.026177 -1.453203
-0.026177 -1.453203
-0.074021 -1.453203
-0.443493 -2.376496
-0.443493 -0.959887
-0.443493 -0.959887
-0.443493 -0.959887
-0.443493 -0.959887
-0.443493 -0.959887
-0.041966 -0.450327
-0.605416 -0.598537
-0.605416 -0.598537
-0.605416 -0.598537
-0.605416 -0.598537
-0.605416 -0.598537
-0.453598 -0.598537
