-0.306748 -1.424874
-0.474120 -1.429601
0.091414 0.510621
0.093751 0.483136
0.028490 0.173386
-0.142566 -0.703508
-0.006506 -0.052481
0.099384 0.838387
0.076796 0.546290
0.026445 0.248203
0.037077 0.359007
-0.037520 -0.507014
-0.124265 -2.791491
-0.053473 -0.951987
-0.000458 -0.006308
-0.041636 -0.685372
0.024552 0.298373
-0.007125 -0.099435
0.004593 0.060263
0.025904 0.370785
-0.021920 -0.346123
0.007567 0.099507
-0.005542 -0.082573
-0.024979 -0.380368
0.057419 0.626504
0.049885 0.565948
-0.062265 -1.135275
0.046078 0.526189
0.083317 0.858644
0.114029 1.157384
0.008222 0.071469
-0.023586 -0.203988
-0.500322 -3.367561
0.008538 0.053138
0.107200 0.693078
-0.289277 -0.426745
0.119636 0.683701
0.064010 0.471363
-0.360763 -0.930083
-0.046577 -0.569599
-0.074639 -0.934072
-0.039447 -0.534757
0.112293 1.093148
0.270207 1.723563
0.010308 0.047787
-0.353314 -0.683762
0.443701 1.035686
0.443701 1.035686
1.936731 2.947416
-0.383121 -0.217787
0.522702 0.653539
0.522702 0.653539
0.523257 0.527375
0.523257 0.527375
0.209760 0.249486
-0.757941 -0.634625
-0.966879 -0.995433
0.103440 0.108864
-0.191521 -0.092618
0.567051 0.775012
-0.648507 -0.943116
-0.516818 -0.971150
0.614538 1.243602
0.099427 0.112429
-1.239208 -1.113952
-0.296525 -0.161985
-0.351836 -0.083691
-0.351836 -0.083691
-0.593211 -0.535558
-0.448313 -0.581899
-0.592237 -0.481371
-0.592237 -0.481371
0.590844 1.622797
-0.374392 -0.132131
0.177668 0.383949
-0.065144 -0.091259
0.338984 0.859506
0.282110 0.694491
-0.305561 -0.327861
0.235939 0.599992
0.235939 0.599992
-0.505584 -0.603983
-0.505584 -0.603983
-0.524808 -0.443726
1.088002 1.371990
-0.707174 -0.771070
0.496873 1.164481
0.968641 2.095923
-0.458846 -0.802256
-1.086095 -0.706547
-0.492310 -0.231794
-0.690797 -0.229636
-0.655907 -1.290462
-0.504449 -0.692740
0.878084 2.056743
-0.977456 -1.155051
-0.582382 -0.774802
0.518567 0.470477
-0.237481 -1.204404
-0.237481 -1.204404
-0.237481 -1.204404
-0.237481 -1.204404
-0.237481 -1.204404
0.274343 4.527437
0.274343 4.527437
-0.938681 -1.146655
-0.938681 -1.146655
-0.828236 -1.303539
-0.828236 -1.303539
-0.828236 -1.303539
-0.437918 -1.190037
-0.005666 -0.004951
-0.134108 -0.087496
0.298143 0.399198
-0.470457 -1.043978
-0.470457 -1.043978
-0.463881 -1.097877
-0.370825 -0.237515
-0.410493 -1.266522
0.057991 0.082218
0.057991 0.082218
0.057991 0.082218
1.733672 1.684646
0.146116 1.425532
0.146116 1.425532
-0.619987 -0.734176
-0.619987 -0.734176
-0.619987 -0.734176
-0.619987 -0.734176
-0.711170 -1.602917
-0.711170 -1.602917
-0.711170 -1.602917
-0.711170 -1.602917
-0.606730 -1.585516
-0.754091 -0.387496
-0.754091 -0.387496
-0.804539 -0.990566
-0.804539 -0.990566
-0.656591 -1.852751
-0.811597 -1.327625
-0.811597 -1.327625
1.129233 4.081494
1.129233 4.081494
-0.588982 -1.983165
-0.588982 -1.983165
-0.588982 -1.983165
-0.588982 -1.983165
0.242569 0.655859
-0.343836 -0.520016
0.236598 6.881076
0.236598 6.881076
0.376082 0.630292
0.376082 0.630292
-0.596168 -2.315163
-0.604321 -1.142631
-0.604321 -1.142631
-0.604321 -1.142631
-0.604321 -1.142631
-0.604321 -1.142631
-0.789129 -0.835455
-0.647043 -1.211852
-0.227355 -0.188538
-0.227355 -0.188538
-0.447000 -0.260910
-0.501626 -0.368358
-0.501626 -0.368358
-0.501626 -0.368358
-0.501626 -0.368358
1.120379 2.285338
1.120379 2.285338
1.120379 2.285338
-0.312679 -0.102277
-0.312679 -0.102277
0.642803 9.509253
0.642803 9.509253
-0.564765 -1.317512
-0.564765 -1.317512
-0.564765 -1.317512
-0.564765 -1.317512
-0.564765 -1.317512
-0.147045 -0.554140
-0.147045 -0.554140
-0.147045 -0.554140
-0.147045 -0.554140
-0.147045 -0.554140
-0.623909 -0.317990
-0.623909 -0.317990
-0.623909 -0.317990
-0.623909 -0.317990
-0.623909 -0.317990
-0.623909 -0.317990
-0.623909 -0.317990
-0.623909 -0.317990
-0.623909 -0.317990
-0.623909 -0.317990
-0.472923 -1.377579
-0.510048 -1.262283
-0.510048 -1.262283
-0.510048 -1.262283
-0.510048 -1.262283
