-0.045841 -0.962114
-0.040400 -0.862962
0.039779 1.420027
-0.012821 -0.350152
0.083653 1.314463
-0.015004 -0.819480
0.008451 0.338711
-0.003630 -0.256396
0.006291 0.237767
-0.060318 -0.883059
0.029609 1.552752
-0.014180 -0.650506
-0.048883 -1.081463
-0.005695 -0.127331
0.004255 0.104063
0.008697 0.280978
-0.044776 -0.616164
0.024265 0.965916
-0.014608 -0.469454
0.005096 0.159525
-0.001637 -0.096194
-0.039612 -0.570136
0.008250 0.290560
-0.089391 -1.272193
0.000712 0.031314
0.008030 0.239224
0.023204 0.789325
-0.072553 -1.111640
0.023995 0.735576
-0.024502 -0.493467
-0.032133 -0.898105
0.044310 0.556367
-0.127743 -1.116780
-0.008379 -0.767201
-0.007182 -0.263074
0.072182 0.840565
-0.005936 -0.150378
0.030926 0.883465
-0.102529 -1.125580
0.005298 0.201723
-0.002186 -0.090167
-0.005650 -0.130377
0.013591 0.412854
0.045462 0.963595
-0.004355 -0.171957
-0.034743 -0.780497
0.002590 0.039144
-0.007505 -0.176758
0.045711 1.558814
0.006754 0.502546
