0.000399 0.016859
-0.012919 -0.436834
0.001101 0.033887
0.023821 0.527036
-0.016749 -0.202886
-0.084153 -1.063703
-0.101597 -1.091223
0.023614 0.337352
-0.001329 -0.024943
-0.001683 -0.025554
-0.000413 -0.009105
0.115633 1.475254
0.018088 0.122166
-0.045760 -0.380745
0.013193 0.469401
-0.007328 -0.236306
-0.007328 -0.236306
-0.007328 -0.236306
-0.013676 -0.684300
-0.003295 -0.143923
-0.034987 -1.128541
-0.011670 -0.476963
-0.019271 -0.927398
-0.019271 -0.927398
-0.019271 -0.927398
0.002053 0.286229
0.011738 1.088383
0.001292 0.268530
0.009761 1.055862
0.003486 0.237167
-0.005213 -0.289468
0.010797 0.638986
-0.008830 -0.485244
-0.014231 -0.719595
0.001533 0.265746
0.003839 0.473599
-0.002029 -0.516378
0.002650 0.944428
-0.001697 -0.691191
0.001191 0.701107
0.002818 1.328099
0.002818 1.328099
0.000186 0.083854
0.012867 1.549851
-0.001551 -0.279896
-0.002636 -0.408859
0.017938 1.282231
-0.009003 -0.799715
0.004737 1.056190
0.002581 0.822677
