0.285355 0.917748
-0.020976 -0.081956
-0.175068 -0.796878
0.186690 0.574037
0.093898 0.313338
0.285939 0.890831
-0.114110 -0.464694
-0.202342 -0.914396
-0.283314 -1.397571
0.410257 0.918810
-0.305416 -1.516203
0.198989 0.477756
0.548512 1.429258
-0.009171 -0.032052
0.122351 0.420487
-0.209758 -0.934567
0.067519 0.252869
-0.156979 -0.646951
-0.123758 -0.483846
-0.154675 -0.605071
0.050715 0.152654
0.050682 0.156142
0.075441 0.221183
-0.054229 -0.189652
-0.026244 -0.086600
0.067101 0.199330
-0.069410 -0.238485
-0.478406 -3.663110
0.366215 1.018140
0.244327 0.769252
0.337478 1.000874
0.219517 0.686839
0.270097 0.725302
-0.172344 -0.749563
-0.433354 -2.651313
0.246781 0.608707
0.039257 0.149892
0.169706 0.476815
0.429840 1.212612
0.193434 0.618971
0.321897 0.911380
0.321897 0.911380
0.294610 0.773869
0.549999 1.197811
0.549999 1.197811
0.549999 1.197811
0.549999 1.197811
0.272475 0.576972
-0.871725 -1.194592
0.025177 0.066899
-0.347643 -1.224033
-0.090178 -0.532688
0.271522 1.024739
0.271522 1.024739
-0.257601 -0.723821
0.098347 0.290286
0.205932 8.856089
0.205932 8.856089
0.205932 8.856089
-0.197762 -0.602281
-0.230057 -0.931061
-0.230057 -0.931061
-0.230057 -0.931061
-0.230057 -0.931061
-3.069494 -5.912207
-3.069494 -5.912207
0.111808 0.309022
-0.445352 0.120563
-0.445352 0.120563
0.046038 -1.765221
0.046038 0.945899
-0.484813 0.945899
0.363893 0.945899
0.363893 0.945899
0.363893 -0.645641
0.363893 -4.370094
-0.218084 -224.920514
-0.418382 -224.920514
-0.384189 7.061829
-0.384189 1.329751
0.286775 1.329751
0.594675 1.329751
0.594675 -0.962303
0.594675 -0.016796
-0.256069 -2.222067
-0.005886 -2.222067
-0.573410 0.917375
-0.573410 -0.274953
0.404464 0.804026
-0.106079 -1.158964
0.363075 -1.158964
-0.436100 -1.024508
-0.436100 -0.393513
-0.487214 -5.318593
-0.183121 -5.892437
-0.598991 -5.892437
-2.822976 1.340939
-2.822976 1.340939
0.591538 1.340939
0.591538 -126.738257
0.591538 -1.832145
-2.526332 -1.832145
0.143193 -0.475537
0.143193 -2.153077
0.143193 -1.180366
0.143193 0.411167
-0.682161 -0.427690
-0.682161 -0.427690
-0.085833 -13.455773
-0.348144 -0.592812
-0.231882 -0.592812
0.095842 0.100639
-0.080200 0.100639
-0.080200 -0.317953
-2.116363 -0.317953
-0.129217 -0.317953
-0.129217 -0.317953
0.031696 -0.317953
0.031696 -1.197481
-0.074457 0.730195
-0.074457 0.730195
-0.074457 0.058742
-0.074457 -1.391139
-0.074457 -1.391139
-0.053882 -16.622331
0.224599 -16.622331
0.224599 0.347952
0.015080 0.347952
-0.255708 0.631270
-0.255708 -10.296121
-0.314066 -0.449216
-0.314066 -20.014612
0.216797 -0.236228
0.216797 -0.256524
0.329755 1.121986
-1.706726 0.201184
0.181672 1.020137
0.181672 -2.420183
0.181672 0.223217
0.181672 0.065586
0.181672 1.064640
-0.103795 -0.327856
-0.248598 16.247629
-0.059821 16.247629
-0.065618 -23.033221
0.445514 -0.398754
-0.357938 0.439069
-0.270720 0.337743
0.114054 -1.883892
0.623670 0.014434
-0.377661 1.117201
0.084835 0.482759
0.022572 -0.626539
0.523965 0.358246
-0.078528 0.781436
0.563860 -0.780329
0.563860 0.072546
-0.399298 -0.630166
-0.096105 0.111430
0.135396 -1.152289
0.012750 0.163194
-0.189737 13.489732
0.003683 -0.788383
-0.163342 -0.529146
0.027359 -2.963345
0.179081 -4.413566
-0.150292 10.228509
0.123743 0.531752
0.253444 5.330278
-0.160164 5.330278
0.020685 5.190184
-0.109933 0.467403
-0.131310 0.467403
0.018213 0.467403
-0.166633 -0.095216
0.049886 -0.095216
-0.293959 -0.095216
0.068069 -0.095216
0.716708 -0.095216
-0.035790 -1.024537
-0.184758 -1.024537
