0.133786 3.251123
0.006520 0.010481
0.077663 0.119185
-0.105445 -0.161256
0.327538 0.354751
-0.351833 -0.799270
-0.112650 -0.192155
-0.389510 -1.012304
-0.000910 -0.001200
0.356187 0.312210
-0.412062 -1.065664
-0.282605 -0.593163
-0.126146 -0.242813
0.277861 0.321923
0.026151 0.031805
-0.063295 -0.100997
0.356260 0.398686
-0.352074 -0.941412
-0.116918 -0.139150
-0.045313 -0.073231
-0.372841 -1.021416
0.224770 0.287767
-0.133629 -0.247524
0.153431 0.190806
-0.200518 -0.437020
0.103134 -0.130741
-0.073640 0.559769
0.599694 0.223187
0.200734 0.452687
0.438418 0.143187
0.099188 1.127847
1.054336 1.032071
0.905115 -1.684797
-0.502222 -0.310514
-0.161956 0.744249
1.019657 0.464730
0.370362 0.148691
0.107553 0.161635
0.129222 -0.358703
-0.190966 -0.439668
-0.208026 -0.048047
-0.034750 0.268473
0.195647 0.149132
0.113319 -0.173679
-0.102423 0.087011
0.060626 0.505594
0.516271 0.093211
0.067551 -0.799864
-0.342167 -1.188158
