-2.087728 -1.556440
-1.108472 -0.808069
-2.437686 -1.393101
0.996989 0.406386
-1.496568 -0.444477
-0.915207 -0.281424
-1.413584 -0.381843
1.587042 0.518493
2.127439 0.784299
2.607762 1.150438
-1.274354 -0.463729
0.741530 0.336926
-1.340062 -0.319709
-0.947510 -0.131675
-1.722795 -0.241655
1.174201 0.428870
0.537428 0.211425
0.494953 0.134258
-1.128558 -0.628235
-3.400636 -1.348065
-3.400636 -1.348065
3.557518 -0.764107
3.557518 -0.764107
-1.193423 1.683898
-1.193423 1.683898
3.216087 -0.716021
3.216087 -0.716021
-5.999996 0.583937
-5.999996 0.583937
3.999700 0.583937
3.999700 -0.204930
3.999700 -0.204930
-1.479017 -1.002143
-1.479017 -1.002143
-1.210801 -1.002143
-1.210801 -1.002143
-1.210801 -0.545858
-1.210801 0.172595
-1.446942 -4.206211
0.443077 -4.206211
-2.707458 -3.783859
-2.707458 -3.783859
-2.306600 -1.946164
-2.306600 -27.441490
-1.045667 -27.441490
-1.825614 -1.631420
-1.825614 -1.631420
-0.970778 -1.631420
-0.970778 -1.631420
-0.970778 -6.668859
-0.970778 4.538739
-1.876352 4.538739
0.373009 4.538739
0.373009 -7.582640
0.373009 0.527929
-1.824256 0.527929
0.201125 0.527929
0.201125 -7.760417
0.201125 -1.883591
-1.893013 -1.883591
-0.348176 0.910133
-0.348176 0.910133
0.299337 -0.301158
0.299337 0.414069
0.159990 -7.505649
-0.076537 -7.505649
0.130909 -7.505649
-2.036411 -7.505649
-2.036411 -7.505649
-2.036411 -7.505649
-2.036411 -7.505649
-2.036411 -7.505649
-2.036411 -7.505649
-2.036411 -1.266227
-2.036411 -1.266227
-2.036411 76.169145
-0.293311 -1.941090
-0.293311 0.177755
0.254890 0.177755
-0.352757 0.303373
0.046054 0.303373
0.046054 0.949238
0.129767 0.098187
0.129767 0.098187
0.334135 0.098187
0.033092 -76.395404
0.033092 -76.395404
0.033092 -76.395404
-0.464761 -1.864136
-0.464761 1.803374
-0.464761 -0.104872
-0.080909 -1.207977
0.851825 -1.207977
-0.035669 -1.207977
-0.684903 -1.085341
-0.684903 -1.085341
-0.684903 -0.569974
-0.211320 0.855159
-0.211320 0.855159
-0.108998 0.852782
0.188096 0.869903
0.188096 -1.224393
0.302472 -1.224393
0.366399 -0.041526
-0.119273 -0.041526
-0.119273 -0.262740
-0.012088 -0.262740
-0.012088 -1.967235
-0.076783 -0.693864
-0.076783 -0.693864
-0.173151 -0.693864
0.373563 0.824010
-0.293033 0.824010
-0.293033 0.824010
-0.293033 0.004307
0.482855 -1.222838
0.393416 -1.222838
0.393416 -0.290847
0.393416 -0.290847
0.001892 0.985172
-0.078874 -0.777184
-0.078874 -0.777184
-0.092368 -0.641169
-0.092368 -0.641169
0.504154 -0.641169
-0.286102 -0.641169
-0.286102 -0.641169
-0.030899 -1.362767
-0.030899 -17.264852
-0.030899 -17.264852
-0.030899 -116.614658
-0.030899 1.775763
-0.328521 -6.214601
-0.214604 -6.214601
-0.214604 -6.214601
-0.137022 -2.233076
0.205218 -2.233076
-0.085061 -2.233076
-0.085061 -2.233076
-0.085061 -2.233076
-0.032226 -2.233076
-0.032226 18.206464
-0.032226 18.206464
-0.032226 1.078230
-0.032226 1.078230
-0.032226 1.078230
0.180016 1.078230
0.180016 1.078230
0.644828 1.078230
0.644828 1.078230
0.644828 1.078230
0.644828 1.078230
0.644828 1.078230
0.644828 1.078230
0.644828 -3.317129
0.644828 -3.317129
0.644828 -3.317129
0.644828 -3.317129
0.644828 -3.317129
-0.299361 -3.317129
-0.299361 -3.317129
-0.299361 -3.317129
-0.299361 -3.317129
-0.299361 -187.754718
-0.299361 -187.754718
-0.299361 -47.199785
-0.299361 -0.716088
-0.299361 -0.716088
-0.191487 -0.716088
-0.191487 -0.716088
-0.229027 -0.716088
-0.159879 -0.716088
-0.159879 -0.716088
-0.159879 -0.716088
-0.159879 0.731225
-0.159879 0.731225
-0.159879 0.731225
-0.159879 -1.456584
-0.159879 1.261664
-0.066807 1.261664
-0.066807 -7.279102
