-0.055500 -0.217788
-0.353944 -1.107659
0.057828 0.417725
0.007906 0.032789
0.205071 0.613038
-0.256088 -0.756231
-0.200391 -0.675150
-0.036288 -0.366336
0.102572 0.613866
0.174851 0.546032
-0.488780 -3.606998
0.097275 0.721921
-0.247975 -0.893392
0.068242 0.224064
0.042306 0.159846
-0.059867 -0.233084
-0.115989 -0.156190
0.063005 0.404083
-0.299688 -1.057232
-0.056197 -0.179142
-0.220575 -0.698880
0.207583 0.559364
-0.017106 -0.080796
-0.291799 -1.216114
-0.040683 -0.214735
0.232961 1.071897
0.242865 1.195125
-0.514996 -1.031799
0.141004 0.735727
0.255231 0.924984
0.104266 0.590057
0.644750 1.446978
-0.366983 -0.634785
-0.109391 -1.366512
-0.003683 -0.019793
0.024191 0.034578
-0.262432 -0.409337
0.107061 0.516484
0.146030 0.595678
0.032846 0.197478
-0.139345 -0.560805
0.139418 0.555901
0.023205 0.101911
0.371405 1.329693
0.012478 0.076877
-0.269695 -1.138643
0.363611 1.046716
-0.254693 -0.678473
0.112747 0.770298
-0.074466 -0.819940
