0.113335 1.158490
-0.012233 -0.049199
0.001590 0.012970
-0.008026 -0.074177
0.008583 0.101439
-0.089414 -0.536862
-0.122447 -0.810822
0.216636 1.240417
-0.252355 -0.674780
0.216738 1.092135
-0.222634 -0.957644
0.350829 1.806178
-0.018970 -0.121365
0.167699 0.840880
-0.061139 -0.360408
-0.202363 -1.627875
-0.349340 -1.154515
0.191404 0.690502
-0.045508 -0.620813
0.115171 1.476603
-0.097902 -0.724807
0.065279 0.994905
-0.318502 -0.858502
-0.205315 -0.660619
0.383192 1.991280
0.115948 0.954320
0.277953 1.504001
-0.098979 -0.717117
-0.151000 -1.788514
0.132225 0.705612
0.061750 1.167891
0.308592 0.857328
-0.218870 -1.430727
-0.193572 -1.517784
-0.147284 -0.299494
-0.307359 -2.117700
-0.101610 -0.483648
-0.132538 -0.946928
-0.130359 -0.211096
0.043702 0.274017
0.139392 1.627767
0.260442 2.068619
-0.151614 -1.228458
0.265996 1.997081
0.201357 1.421307
-0.181661 -0.949267
0.082423 1.146793
0.094334 0.798797
-0.160281 -0.612951
-0.201334 -0.608906
