-0.196731 -2.346824
-0.012465 -0.125296
-0.124730 -1.142571
-0.118738 -1.187571
-0.155390 -2.865882
-0.051179 -1.244125
-0.080865 -0.494545
-0.085033 -1.588711
-0.103553 -2.256106
-0.097579 -2.171071
-0.095702 -2.682377
-0.081449 -1.849250
-0.062231 -0.720446
-0.058863 -0.585874
-0.030046 -0.362330
0.100723 1.015529
-0.052998 -0.264683
-0.056069 -0.337275
-0.126069 -0.730286
-0.351864 -2.256579
-0.122276 -0.907172
0.132634 0.781874
-0.373260 -3.363695
-0.064819 -0.822940
-0.216144 -2.535266
0.117906 1.138942
0.187687 2.389383
0.156844 1.498333
-0.320403 -2.442161
-0.206692 -0.997654
0.132989 1.337044
0.078230 0.645753
0.049257 0.284633
0.107975 1.031721
-0.171760 -1.507315
-0.270468 -1.910626
-0.199174 -0.928083
-0.639833 -2.749428
0.273732 1.070922
0.018736 0.039069
-0.859013 -2.316767
0.592884 1.953199
-0.655970 -0.748529
-0.157004 -0.315207
0.435621 1.722894
-0.396693 -0.869011
-0.422259 -0.076178
-0.035355 -0.046977
-0.035355 -0.046977
0.331880 6.140257
0.331880 6.140257
-0.300811 -1.052131
0.318658 1.130655
-0.318100 -0.527987
-0.318100 -0.527987
0.214359 0.969437
0.164127 0.622016
-0.192754 -0.322231
-0.192754 -0.322231
-0.248425 -0.321585
-0.726051 -1.433669
-0.140103 0.015446
0.009418 -0.271852
-0.203311 -0.271852
-0.203311 -0.271852
-0.203311 -0.271852
-0.203311 -0.271852
-0.203311 -1.069677
0.006251 0.673566
-0.310785 0.673566
0.124994 -259.725389
0.124994 3.558539
-0.396613 3.558539
0.185726 -9.433317
0.185726 0.027822
-0.161604 0.027822
0.008256 0.027822
0.008256 0.027822
0.008256 0.027822
0.008256 -1.040354
0.008256 -1.040354
-0.120431 0.101978
-0.120431 -0.444123
0.015386 -0.918678
-0.150870 -0.918678
-0.201970 -0.414473
-0.201970 -0.414473
-0.063038 -2.351018
-0.063038 -0.209929
-0.356299 -0.209929
-0.065169 -0.209929
-0.065169 0.121717
-0.065169 -0.818443
0.117129 -0.818443
0.117129 -0.287713
0.045028 -0.287713
-0.145064 -0.287713
-0.145064 -0.287713
-0.771688 -2.704472
-0.771688 1.624647
-0.771688 -0.065475
-0.771688 -0.065475
-1.294983 -0.065475
0.874002 -0.065475
-0.345383 -0.149051
-0.345383 -1.047647
-0.345383 -6.438823
-0.345383 -2.047144
-0.192093 -2.047144
-0.688837 -2.047144
-0.446881 0.296618
-0.683436 -0.638612
-0.531245 -0.638612
-0.531245 -0.331547
-0.531245 -0.369863
0.176013 -0.369863
-0.298329 1.114265
-0.298329 1.114265
-0.251749 -1.146650
-0.204818 -1.146650
-0.204818 0.597326
0.460456 0.597326
0.506136 0.597326
0.506136 -0.743068
-0.466868 -0.743068
-0.466868 -0.743068
0.348537 1.194659
0.348537 1.194659
0.348537 -0.895981
-0.363484 -1.856285
-0.363484 -0.787515
-0.363484 -0.955716
0.308464 -1.058220
0.308464 -1.249008
-0.354314 -1.249008
-0.490860 -1.249008
-0.256079 -1.189571
-0.338953 -0.674394
-0.323078 -0.105056
-0.263474 -0.317316
-0.263474 0.611675
-0.263474 -3.522051
-0.321166 1.053904
0.217301 -1.163751
-0.229023 -0.596111
-0.068333 0.750582
-0.332848 0.695744
-0.177081 -0.942700
0.153607 -1.567085
0.216711 -0.774668
-0.531937 -0.774668
0.357778 -0.233942
-0.364365 -0.233942
-0.161158 -0.772251
0.207532 -0.772251
0.211944 -0.772251
-0.263113 -0.155401
-0.184456 -0.155401
-0.028087 -0.155401
-0.028087 -0.155401
0.128361 -0.897374
-0.128311 -0.897374
-0.128311 -0.897374
-0.194867 -0.897374
-0.194867 -1.597537
-0.161833 -0.703638
-0.161833 -0.703638
-0.161833 -0.703638
-0.162051 -2.501125
-0.162051 -2.501125
-0.162051 -0.344054
-0.162051 -0.344054
-0.119553 -0.344054
-0.119553 -0.344054
-0.119553 -0.344054
-0.119553 -0.344054
-0.081176 0.972673
-0.117218 -0.637577
-0.117218 -0.637577
-0.117218 -7.511272
-0.304024 -7.511272
-0.304024 -7.511272
-0.016460 -7.511272
-0.016460 -7.511272
-0.016460 -7.511272
-0.016460 -7.511272
-0.016460 -7.511272
-0.016460 -7.511272
