-2.808624 -4.174419
-2.598530 -3.962990
-2.567465 -6.186824
-0.734699 -5.305373
-1.936188 -3.812644
-2.734842 -4.117525
-2.679490 -3.228907
-3.760624 -3.160012
-3.919202 -3.567736
-3.772128 -3.843240
-2.689010 -3.783403
-3.171584 -4.291328
-2.266318 -3.269001
-3.593175 -3.997044
-2.969725 -4.670719
-2.209189 -3.459723
-3.276643 -3.092848
-4.075240 -6.200267
-1.721479 -4.304157
-2.276097 -3.916451
-3.031316 -5.242141
-1.946164 -2.977742
-4.489771 -3.425895
-4.833835 -3.729111
-3.218422 -4.173133
-2.654558 -3.763288
-3.198822 -5.053138
-2.069996 -5.489307
-1.893318 -3.712949
-3.320927 -5.512249
-1.778731 -8.510278
-5.758084 -4.186276
-2.640365 -4.370629
-2.228047 -3.582730
-3.038447 -4.101830
-2.436898 -4.450116
-0.693819 -3.697271
-2.850781 -3.240400
-3.754250 -4.043028
-2.739458 -4.423154
-2.459561 -4.510813
-2.349441 -4.588108
-2.110050 -3.996701
-2.804319 -3.816086
-3.056055 -3.577280
-3.775255 -468.323637
-1.999827 -4.173047
-2.652218 -3.649873
-3.511486 -3.782092
