-0.522248 -1.534298
-0.153659 -0.584737
-0.395613 -2.266266
0.007218 0.019925
-0.503760 -1.158413
-0.074477 -0.482681
-0.074900 -0.400591
-0.197206 -1.676070
0.025109 0.084646
-0.219957 -0.332570
0.208424 1.988653
0.167821 1.285830
0.042263 0.109965
0.265717 0.938583
0.309286 1.289844
-0.129259 -0.291547
-0.176661 -0.510169
0.158242 0.976215
-0.064515 -0.223004
0.223844 1.059318
-0.084280 -0.419237
0.428715 1.204556
-0.164658 -0.312177
-0.128303 -0.682983
-0.268260 -1.465459
0.271483 1.253729
0.108691 0.441496
-0.178560 -0.575738
-0.009871 -0.031170
0.475292 1.715257
-0.047285 -0.172396
-0.654940 -1.213277
-0.142392 -0.282181
-0.029166 -0.383052
-0.127218 -0.149284
-0.187805 -0.214487
-0.097773 -0.249020
0.293065 1.421139
-0.428550 -1.389779
0.265945 1.629220
0.034290 0.158157
0.248797 0.927882
-0.241554 -0.613884
0.235138 0.806372
-0.063780 -0.127057
-0.118738 -0.495211
0.659251 1.862761
0.028528 0.058960
0.168908 1.232351
0.164139 1.785959
