-1.227732 -12.566766
-1.261615 -10.722756
-1.195975 -13.669217
-1.294883 -9.953117
-1.512076 -6.762196
-1.122622 -20.069175
-1.244063 -11.494820
-1.153693 -17.171205
-1.237823 -11.768550
-1.472010 -7.264491
-1.149360 -17.565999
-1.200922 -13.813775
-1.335220 -9.123676
-1.435799 -7.533331
-1.374344 -8.388392
-1.217442 -12.428663
-1.496959 -6.876793
-1.226375 -12.413341
-1.249102 -11.503169
-1.318422 -9.595479
-1.147082 -17.626449
-1.506112 -6.864014
-1.277940 -10.351357
-1.382402 -8.276607
-1.245767 -11.726423
-1.352309 -8.749552
-1.340914 -8.985699
-1.401165 -7.918941
-1.287908 -10.225267
-1.428364 -7.633645
-1.255703 -11.605910
-1.737070 -5.702191
-1.596365 -6.189139
-1.087134 -27.965255
-1.229332 -12.111132
-1.702808 -5.566494
-1.350972 -8.746346
-1.335348 -9.058553
-1.347459 -8.984243
-1.251156 -11.349763
-1.192897 -13.759903
-1.394026 -8.102162
-1.394966 -8.102715
-1.477543 -7.101898
-1.234705 -11.912152
-1.314020 -9.384825
-1.444184 -7.363187
-1.345718 -8.836234
-1.226368 -12.507498
