-0.024055 -0.614276
-0.019396 -0.412889
0.112124 1.648460
0.033700 0.393990
-0.003533 -0.036517
-0.184810 -1.409903
-0.004214 -0.086160
-0.012413 -0.319493
-0.036153 -0.684928
0.058000 1.064182
0.000318 0.006271
0.095355 2.233211
0.025737 1.091107
-0.020796 -0.842366
-0.029608 -1.060250
-0.039024 -1.169002
-0.081229 -1.564262
-0.057199 -1.116756
-0.037841 -1.325946
0.017485 0.919258
-0.018388 -0.882971
-0.002931 -0.154915
-0.004020 -0.203721
-0.031421 -1.493049
-0.001486 -0.057745
0.000309 0.009970
0.022448 0.768330
-0.023210 -0.898083
0.016779 0.707777
-0.027246 -1.032381
-0.002252 -0.148758
-0.016036 -0.994543
-0.002806 -0.244857
-0.004984 -0.467044
0.032909 1.845302
-0.019832 -1.246792
0.017446 1.194382
-0.004513 -0.167414
-0.027565 -0.648360
0.068295 1.625151
-0.026408 -1.292311
-0.006898 -0.429152
0.012186 0.600618
0.055975 1.454445
-0.043455 -1.023610
-0.073090 -1.714553
-0.063391 -1.147013
0.017534 0.440392
0.021803 0.658068
-0.012748 -0.417461
-0.005991 -0.209497
-0.017979 -0.540403
0.025473 0.864879
-0.007190 -0.260806
-0.003626 -0.131589
-0.003649 -0.172545
-0.026260 -0.716959
0.027873 0.757917
0.036198 1.538344
-0.016658 -0.971845
0.012369 0.709380
0.022404 0.895377
0.075998 2.142742
-0.004360 -0.119888
-0.018455 -0.464754
-0.012835 -0.315151
-0.017623 -0.457016
0.031257 0.777229
-0.041230 -1.002914
0.017605 0.560937
0.010998 0.417258
-0.029089 -1.223154
0.023667 0.850704
0.002281 0.084277
-0.011141 -0.406289
0.031257 1.079692
-0.073895 -1.829593
0.022622 0.910021
-0.011853 -0.451080
0.050792 1.980716
0.019274 0.862717
-0.027066 -1.358298
0.006591 0.344495
-0.011051 -0.410461
0.004897 0.271359
0.007396 0.458085
-0.038329 -2.133937
0.006618 0.566537
-0.029228 -1.459349
0.004112 0.339629
0.004112 0.339629
-0.000541 -0.038984
0.009353 0.705985
0.009353 0.705985
-0.006001 -0.484829
-0.006001 -0.484829
-0.014759 -1.060255
0.009569 0.793820
0.009569 0.793820
-0.001529 -0.203732
-0.001529 -0.203732
0.005861 0.921240
-0.005692 -0.708512
0.002763 0.302495
0.011211 0.829060
0.011211 0.829060
-0.023791 -1.326135
-0.023791 -1.326135
0.018479 1.250395
-0.002567 -0.221022
-0.002567 -0.221022
-0.001311 -0.092239
-0.001311 -0.092239
0.019147 1.606134
-0.029931 -1.781384
-0.009497 -0.871022
-0.009497 -0.871022
-0.009497 -0.871022
-0.012018 -10.380829
-0.012018 -10.380829
-0.012018 -10.380829
-0.012018 -10.380829
-0.012018 -10.380829
-0.012018 -10.380829
-0.012018 -10.380829
-0.012018 -10.380829
-0.012018 -10.380829
-0.012018 -10.380829
0.021310 -0.977854
0.021310 -0.977854
-0.014722 -2.646338
-0.014722 -2.646338
0.000510 -2.646338
-0.014312 0.829533
-0.014312 0.829533
-0.014312 0.829533
0.019800 0.829533
0.019800 0.829533
0.008079 19.387222
0.008079 19.387222
0.008079 -1.086370
0.008079 -1.086370
0.008079 0.352756
0.009117 0.352756
0.009117 0.352756
-0.011701 0.352756
-0.011701 0.351587
0.003284 -1.066663
0.003284 -1.066663
0.003284 0.958051
0.003284 0.958051
0.003992 0.958051
-0.011167 0.958051
-0.011167 0.958051
0.007581 0.958051
0.007581 -0.844306
0.007581 -0.844306
0.007581 -0.844306
0.007581 -0.560634
0.007581 -1.831808
-0.006111 -1.831808
-0.006111 -1.831808
-0.006111 -1.831808
-0.002590 -1.831808
-0.002503 -1.831808
-0.002503 -1.831808
-0.002503 -1.831808
-0.002503 -1.831808
-0.002503 -1.983189
-0.002503 -1.983189
-0.002503 -1.983189
-0.002503 -1.983189
-0.002503 -1.983189
-0.006613 -1.983189
-0.006613 -1.983189
-0.006613 -1.983189
-0.006613 -1.983189
-0.006613 -1.983189
-0.006613 -1.983189
-0.006613 -1.983189
-0.006613 -1.983189
-0.006613 -1.983189
-0.006613 -1.983189
-0.006613 -1.983189
-0.006613 -1.983189
-0.006613 -1.983189
-0.006613 2.082381
-0.006613 2.082381
-0.006613 2.082381
-0.006613 2.082381
-0.006613 2.082381
0.007560 2.082381
