0.001085 0.024724
0.012323 0.278074
-0.018214 -0.422019
-0.003029 -0.069625
0.027851 0.601136
-0.104284 -2.425520
-0.014474 -0.358771
-0.029084 -0.819423
-0.017385 -0.459554
-0.022247 -0.643950
-0.035692 -1.046783
0.024679 0.656084
0.080473 1.821853
0.000571 0.014712
0.002653 0.069352
-0.036585 -1.003218
-0.034933 -0.924410
-0.028381 -0.778621
-0.017372 -0.477325
-0.066923 -2.121008
-0.091968 -3.325713
0.022316 0.623055
-0.029057 -0.940677
-0.008648 -0.274271
0.006492 0.190054
-0.008294 -0.253644
0.005238 0.151419
0.020941 0.590560
0.040426 1.066275
-0.039526 -1.245437
0.079141 1.863845
-0.030009 -0.794630
0.054723 1.234633
-0.019599 -0.531522
0.009806 0.261202
0.020941 0.531519
0.025734 0.624698
-0.011382 -0.289767
0.059340 1.281419
0.026958 0.599700
-0.004813 -0.108411
0.027338 0.570230
0.040299 0.772594
0.084290 1.331654
-0.041363 -0.600574
0.052019 0.711819
-0.086682 -0.816096
-0.069702 -0.760789
-0.023606 -0.284609
0.058361 0.722384
-0.002092 -0.028371
-0.041426 -0.576293
0.052527 0.769430
-0.050178 -0.577218
0.115077 1.610316
-0.034122 -0.497804
0.075097 0.916072
0.067328 0.899583
-0.042453 -0.425974
0.117772 1.338608
0.007784 0.102145
-0.083028 -1.097913
0.007284 0.115412
0.063400 0.932636
0.063400 0.932636
-0.140409 -1.825718
-0.033187 -0.602752
-0.005923 -0.114015
-0.005923 -0.114015
-0.005923 -0.114015
-0.089441 -1.746419
-0.051870 -0.949697
-0.011532 -0.227771
-0.106096 -1.647768
0.043299 0.820456
-0.011063 -0.212083
-0.011014 -0.211529
0.050108 0.914317
0.003515 0.062196
-0.067806 -1.129875
-0.002131 -0.040680
-0.080714 -1.482829
-0.109409 -1.975204
0.045723 0.867070
-0.029871 -0.555113
-0.000362 -0.006685
-0.082620 -1.540332
0.025238 0.539431
0.036472 0.707450
0.011266 0.224000
-0.003735 -0.072688
-0.003735 -0.072688
0.023662 0.472232
0.023662 0.472232
-0.002860 -3.490213
0.013447 0.280802
0.013447 0.280802
0.119110 2.216182
0.119110 2.216182
-0.029136 -0.657033
0.015592 0.335728
0.000977 0.019738
0.003455 0.076035
0.017075 0.359258
-0.031906 -0.512218
0.058919 1.077051
0.058919 1.077051
-0.097745 -2.185138
-0.034402 -0.821006
-0.020819 -0.461519
-0.020819 -0.461519
-0.020819 -0.461519
-0.009227 -0.233318
0.033229 0.764763
0.006933 0.156712
0.049231 1.046891
0.049231 1.046891
-0.002177 -0.047257
-0.002177 -0.047257
-0.002177 -0.047257
0.031077 1.724329
-0.039882 -2.792648
-0.015518 -0.384697
-0.010279 -0.253839
-0.010279 -0.253839
0.026331 0.591067
0.039972 0.812105
0.052213 0.986687
-0.009674 -0.190682
-0.032340 -0.600333
0.074218 1.313887
0.045167 1.601759
0.066764 1.126338
-0.074659 -2.879714
-0.074659 -2.879714
-0.025965 -0.467535
-0.025965 -0.467535
-0.048584 -0.908299
-0.048584 -0.908299
-0.058122 -1.250793
0.025584 0.532961
0.000214 0.004567
0.014240 0.329602
0.014240 0.329602
-0.005414 -0.125277
0.003508 0.080651
0.087391 1.813517
0.087391 1.813517
0.087391 1.813517
-0.053346 -1.176055
-0.010654 -0.242912
0.019079 0.405643
0.066913 1.346934
0.010532 0.195271
0.010532 0.195271
0.014740 21.745937
0.005195 0.089499
0.005195 0.089499
0.005195 0.089499
0.005195 0.089499
0.005195 0.089499
0.005195 0.089499
0.005195 0.089499
0.005195 0.089499
-0.019687 -0.324790
-0.019687 -0.324790
-0.058351 -1.048721
-0.058351 -1.048721
-0.058351 -1.048721
-0.058351 -1.048721
-0.001709 -0.040201
0.009704 0.193692
0.009704 0.193692
0.009704 0.193692
0.009704 0.193692
0.009704 0.193692
0.009704 0.193692
0.009704 0.193692
0.009704 0.193692
-0.032553 -1.458558
-0.084113 -5.101656
-0.084113 -5.101656
-0.029630 -0.629162
-0.029630 -0.629162
-0.029630 -0.629162
-0.029630 -0.629162
0.019780 0.437878
0.003690 0.085485
0.003690 0.085485
0.002971 0.068043
0.002971 0.068043
0.002971 0.068043
-0.030624 -0.830330
0.074807 1.715580
-0.029881 -0.721504
-0.029881 -0.721504
-0.059151 -1.542002
0.019632 0.484460
0.019632 0.484460
0.019632 0.484460
