0.196087 0.732435
-0.125650 -0.466395
-0.224256 -0.362087
0.522583 2.282280
-0.142431 -0.347736
0.328912 1.015071
0.545642 2.233862
0.545642 2.233862
-0.117579 -0.304243
-0.117579 -0.304243
-0.123997 -0.212973
0.280775 0.891366
0.290256 0.876792
-0.110310 -0.153307
0.595116 2.862056
0.132280 1.777254
-0.020678 -0.614927
0.420908 -17.805104
-0.100439 -0.753420
-0.308160 2.344878
-0.179735 2.344878
0.455010 2.344878
0.455010 2.344878
0.455010 -0.854701
0.455010 -0.854701
-0.257500 -1.131266
-0.257500 -4.441956
-0.249215 -4.441956
-0.219865 -4.441956
-0.219865 -0.709167
-0.219865 -1.162195
-0.295601 -1.162195
-0.305884 -2.306010
-0.305884 1.723025
-0.093682 0.037361
-0.093682 0.037361
-0.147092 -0.225042
0.266954 -0.225042
0.018437 -0.225042
0.018437 -0.225042
-0.094137 -0.225042
-0.094137 -0.688390
-0.094137 -0.688390
-0.094137 1.752227
-0.094137 1.752227
-0.342184 -11.709791
-0.342184 -11.709791
0.371891 -11.709791
0.371891 2.290992
-0.331768 0.237773
-0.331768 0.237773
-0.331768 0.004464
0.459814 0.496202
0.104834 -2.199765
0.104834 -1.656747
0.002970 1.268083
0.152894 -3.533055
-0.466449 -3.533055
-0.398357 -3.533055
0.044565 4.420792
-0.124848 4.420792
-0.124848 4.420792
-0.124848 4.420792
0.557976 0.939695
0.557976 0.939695
0.557976 -0.620506
0.557976 -0.409038
0.219329 -0.210941
0.219329 -0.210941
-0.187748 1.336893
-0.157684 1.336893
-0.209689 -2.053439
-0.209689 -2.053439
0.353731 -2.053439
0.353731 -2.053439
-0.309135 -2.053439
-0.309135 -2.053439
-0.309135 -1.557120
-0.309135 -1.557120
-0.309135 -1.557120
-0.309135 -1.557120
-0.147195 -1.557120
-0.147195 -1.557120
-0.147195 -1.557120
-0.147195 -0.156502
-0.147195 -0.156502
-0.147195 -0.156502
-0.147195 -0.156502
-0.114920 -0.156502
-0.114920 -4.037321
-0.114920 -4.037321
-0.114920 -4.037321
-0.114920 -4.037321
-0.417289 -4.037321
-0.417289 -4.037321
-0.417289 -2.005612
-0.417289 0.163909
-0.417289 0.163909
-0.417289 1.629414
-0.499346 0.038389
0.066880 0.038389
0.066880 0.038389
0.143853 0.038389
0.017745 0.038389
0.017745 0.038389
0.017745 0.038389
0.017745 0.038389
0.017745 0.038389
0.017745 -0.754934
0.017745 1.750616
0.017745 1.750616
0.017745 1.750616
-0.127722 0.299757
0.298247 0.299757
0.298247 -1.339646
0.298247 -1.339646
0.090278 -1.339646
0.090278 -1.339646
-0.312731 0.006183
-0.312731 0.006183
-0.312731 0.006183
-0.312731 -0.622044
0.001003 -0.622044
0.001003 -0.622044
0.001003 -0.622044
-0.133739 -0.622044
-0.133739 -0.622044
-0.133739 1.304475
-0.133739 1.304475
-0.133739 1.304475
-0.133739 1.304475
0.134257 1.304475
0.134257 1.304475
0.134257 1.304475
0.134257 1.304475
0.134257 1.304475
0.134257 1.304475
0.134257 1.304475
0.134257 1.304475
0.134257 -1.839864
0.134257 -1.839864
0.134257 -1.839864
0.134257 -1.839864
-0.168802 -1.839864
-0.168802 -1.839864
-0.168802 -1.839864
-0.168802 -1.839864
-0.168802 -1.839864
-0.168802 -3.890917
-0.168802 -3.890917
-0.168802 -0.971981
-0.168802 -0.971981
-0.124203 -0.971981
-0.124203 -0.971981
-0.275527 -0.971981
-0.275527 -0.971981
-0.275527 -0.971981
-0.117270 0.389975
-0.117270 0.389975
-0.117270 0.389975
-0.117270 0.389975
-0.117270 -0.229637
-0.117270 -0.229637
-0.117270 -0.229637
-0.102265 -0.229637
0.016980 -0.229637
0.016980 -0.229637
0.016980 -0.519281
0.016980 0.159413
-0.011848 0.159413
-0.011848 0.159413
-0.011848 0.159413
-0.011848 0.159413
-0.011848 0.159413
-0.011848 0.159413
-0.176253 -0.604638
0.055237 -0.604638
0.055237 -0.604638
0.055237 -0.604638
0.055237 -0.604638
0.055237 0.165290
0.055237 0.165290
0.055237 0.165290
-0.114873 0.165290
-0.114873 0.165290
-0.114873 0.165290
-0.114873 -1.816395
-0.114873 -1.816395
0.049908 -1.816395
0.049908 -6.003362
0.049908 -1.428504
0.049908 -0.637641
