0.021302 0.242074
0.001202 0.014036
-0.033614 -0.399101
-0.042871 -0.523458
-0.061461 -0.755327
0.016031 0.182702
-0.068602 -0.838378
0.022466 0.253937
-0.028129 -0.333413
0.093850 1.007851
0.056234 0.618954
0.085185 0.912419
0.055776 0.597090
-0.092362 -1.132974
-0.190471 -2.718709
-0.054487 -0.687633
0.195929 1.927591
-0.065092 -0.822914
-0.088326 -1.167252
-0.018033 -0.218513
-0.002686 -0.032418
0.127074 1.327215
-0.027877 -0.328778
-0.146035 -19.445862
0.066073 0.737524
-0.010917 -0.130153
0.029705 0.337530
-0.021904 -0.264585
-0.014913 -0.184049
-0.024385 -0.299982
0.018660 0.219977
-0.014615 -0.179139
0.026435 0.303989
-0.024710 -0.298022
0.037391 0.429980
0.040021 0.452213
0.047795 0.528157
-0.008515 -0.100198
-0.031832 -0.398531
0.060863 0.667852
0.038498 0.433913
0.036135 0.424785
0.097596 1.054420
0.096177 0.980353
0.010787 0.117420
-0.056975 -0.687376
-0.032256 -0.368985
0.014542 0.164697
0.077849 0.836863
0.036962 0.390696
-0.131320 -1.609305
-0.060696 -0.715362
0.073787 0.782766
0.063851 0.669641
-0.020360 -0.227350
-0.125672 -1.557325
-0.204223 -2.809041
-0.069947 -0.872713
-0.003407 -0.039884
-0.027735 -0.358149
-0.046868 -0.578034
0.177541 1.751138
0.230051 2.176870
-0.009251 -0.105771
0.070118 0.752924
-0.005647 -0.063248
0.016952 0.188412
-0.047343 -0.560809
-0.055128 -0.649829
0.065364 0.698495
-0.033087 -0.383767
-0.105998 -1.317930
-0.126450 -1.621271
0.203071 1.974431
0.033413 0.364707
-0.001347 -0.015484
0.001051 0.011742
-0.059321 -0.701930
0.007927 0.095386
-0.051080 -0.628459
0.055221 0.602543
0.057166 0.663643
-0.109005 -1.356186
-0.030184 -0.357495
-0.005076 -0.057870
-0.053791 -0.649874
0.084454 0.907399
0.056429 0.606420
0.111780 1.147032
-0.056587 -0.704480
-0.109260 -1.355776
-0.190381 -2.785384
-0.087369 -1.088864
0.029549 0.326654
0.029549 0.326654
0.048001 0.516575
0.058461 0.636207
-0.099938 -1.268183
0.197991 1.885934
-0.160550 -2.105476
0.107748 1.159296
0.025780 0.285311
0.025780 0.285311
0.043969 0.476747
0.012784 0.157573
-0.127014 -1.624653
0.210723 2.052761
0.020496 0.226141
0.065359 0.690331
0.226773 2.107260
-0.050409 -0.572557
0.061258 0.670134
-0.008652 -0.095743
-0.007031 -0.076282
0.034422 0.365087
0.139502 1.354416
-0.016066 -0.174770
-0.040966 -0.458232
-0.034327 -0.381743
0.053325 0.544419
0.015262 0.161113
-0.086204 -0.991116
0.018916 0.200101
-0.068250 -0.787601
-0.031538 -0.352117
-0.011999 -0.133332
-0.052508 -0.595790
0.004889 0.053637
0.167981 1.606481
0.108386 1.061318
0.041995 0.430340
-0.008911 -0.094118
0.178690 1.711494
0.034890 0.350413
0.115165 1.106703
-0.010568 -0.107839
-0.166272 -1.920594
0.039683 0.398857
-0.129325 -1.477459
0.090994 0.894037
-0.014425 -0.153261
-0.013878 -0.148364
-0.119636 -1.403615
0.003306 0.036920
-0.175488 -2.218341
-0.062605 -0.719094
-0.006254 -0.068331
0.199588 1.861786
0.073922 0.752109
-0.057515 -0.643607
-0.000633 -0.007091
0.041514 0.428071
-0.061098 -0.687942
-0.095199 -1.110736
0.017121 0.185554
0.031105 0.326255
0.111600 1.093846
-0.003248 -0.036248
-0.001459 -0.015451
0.115926 1.114694
0.037787 0.381516
0.160369 1.428731
-0.055166 -0.593090
-0.122905 -1.397788
-0.235149 -2.996552
0.151644 1.431180
-0.084441 -0.953084
0.007959 0.083402
0.085365 0.878909
-0.011110 -0.123365
-0.029446 -0.319500
-0.083028 -0.305357
-0.027719 -0.089610
-0.008281 1.070754
0.109704 0.787947
0.079065 0.322513
-0.042586 -0.054182
0.031725 0.522778
-0.005175 -1.119406
0.052479 -0.381382
-0.098626 0.280448
-0.035266 0.396374
0.027181 -2.472453
0.038565 0.010147
-0.195422 0.099194
0.000941 1.458424
0.009318 0.408661
0.153062 -0.125082
0.039505 -0.125082
-0.011598 1.733242
-0.011598 1.384778
0.187450 0.726380
0.073338 0.687978
0.074343 0.208802
0.069592 -2.506324
0.021188 0.611497
-0.201967 1.157666
0.059572 -1.010669
