0.098152 0.590984
-0.369908 -1.764219
0.308142 1.683718
0.136078 0.700146
-0.135570 -0.576322
-0.135570 -0.576322
0.026932 0.217167
-0.023715 -0.150719
-0.084645 -0.586157
-0.015704 -0.130731
-0.562227 -1.779069
0.134947 0.841983
-0.000299 -0.001925
0.028137 0.240071
0.208197 2.880121
-0.126564 -0.817830
0.048474 0.479141
-0.134637 -0.763163
-0.056674 -0.393984
-0.086980 -0.495460
0.164681 1.491215
-0.086217 -0.436740
0.024114 0.145813
-0.420772 -1.055260
-0.295281 -0.516596
0.040249 0.225401
-0.100126 -0.484408
-0.459931 -1.203831
0.031160 0.330729
0.063668 0.654605
0.083545 0.838098
-0.068396 -0.382644
-0.262817 -0.768030
-0.294964 -1.155075
-0.304332 -0.597391
-0.354481 -2.291719
-0.354481 -2.291719
-0.221686 -0.852900
0.296741 2.522373
0.072243 0.500942
0.020103 0.138965
-0.365259 -1.324947
-0.473191 -0.917730
-0.009057 -0.057390
-0.051462 -0.280070
-0.148187 -0.356960
0.054943 0.902916
-0.270081 -0.240274
0.243907 1.495209
-0.376504 -1.245922
-0.021235 -0.085854
-0.364898 -1.591593
0.598913 3.086878
0.026744 0.054702
0.237377 0.750225
0.256221 2.225942
0.439618 1.974372
-0.339759 -0.876260
-0.385712 -1.122196
0.075330 0.181170
0.075330 0.181170
-0.029888 -0.063534
0.033017 0.086433
0.570517 2.669080
-0.436238 -0.791952
-0.411471 -1.438441
0.011112 0.026872
-0.688368 -1.199243
0.380939 1.326044
0.045030 0.091343
-0.674564 -1.476106
0.426676 2.692497
0.351993 5.206732
0.040780 0.126945
0.512694 2.566152
0.512694 2.566152
0.512694 2.566152
0.337721 2.761354
0.051184 0.338381
0.036859 0.076257
-0.492945 -0.602812
-0.137481 -0.233474
-0.150094 -0.283025
0.165700 0.681000
-0.049781 -0.146589
-0.334466 -0.703632
-0.365375 -1.387411
-0.283569 -13.466181
-0.283569 -13.466181
-0.283569 -13.466181
-0.283569 -13.466181
-0.012736 -0.044901
-0.494011 -4.334261
-0.494011 -4.334261
-0.494011 -4.334261
-0.494011 -4.334261
0.052792 0.217745
0.197910 0.379096
0.197910 0.379096
0.042223 0.181794
0.042223 0.181794
0.042223 0.181794
0.042223 0.181794
0.042223 0.181794
0.056511 0.230432
-0.122963 -0.408142
-0.282225 -11.591665
-0.118156 -0.408001
-0.118156 -0.408001
-0.118156 -0.408001
-0.118156 -0.408001
-0.109829 -1.165007
-0.109829 -1.165007
-0.109829 -1.165007
0.126114 1.192785
0.189822 1.694942
0.189822 1.694942
-0.122234 -0.588556
-0.069602 -0.423010
-0.069602 -0.423010
0.053820 0.343519
-0.386295 -1.005983
0.138586 0.859726
0.138586 0.859726
0.075507 0.673469
0.245400 1.734778
0.245400 1.734778
0.245400 1.734778
0.245400 1.734778
-0.027929 -2.592279
-0.027929 -2.592279
-0.027929 -2.592279
-0.027929 -2.592279
-0.027929 -2.592279
-0.027929 -2.592279
-0.110387 -2.592279
-0.110387 -2.592279
-0.110387 -2.592279
-0.110387 1.005460
-0.110387 3.347767
-0.110387 3.347767
-0.110387 3.347767
-0.110387 3.347767
-0.110387 3.347767
0.166852 3.347767
0.241502 3.347767
0.241502 3.347767
0.241502 3.347767
0.241502 3.347767
0.241502 -1.778967
0.241502 -1.778967
0.241502 -1.778967
0.241502 -1.778967
0.241502 -1.778967
0.241502 -1.778967
-0.595115 -1.778967
-0.595115 -1.778967
-0.595115 0.183559
-0.595115 0.183559
-0.595115 -3.744121
-0.595115 -3.744121
-0.595115 -3.744121
-0.595115 4.287272
0.040468 -2.400000
0.040468 -2.400000
-0.366137 -2.400000
-0.366137 -2.400000
-0.366137 -2.400000
0.163961 -0.047551
-0.348258 -0.047551
-0.348258 -0.047551
-0.348258 -0.047551
-0.348258 -0.047551
-0.348258 -0.047551
-0.005995 -0.047551
-0.005995 -0.047551
-0.005995 -0.047551
-0.005995 -0.047551
-0.005995 -10.022455
-0.005995 -10.022455
-0.005995 -10.022455
-0.005995 -10.022455
-0.005995 -10.022455
-0.005995 -10.022455
-0.491283 -10.022455
-0.491283 -10.022455
-0.491283 -10.022455
-0.491283 -10.022455
-0.491283 -10.022455
-0.491283 -10.022455
-0.491283 -10.022455
-0.491283 -10.022455
-0.491283 -10.022455
-0.491283 -10.022455
