-0.099003 -0.489047
-0.094498 -0.829431
0.114047 3.376185
0.097946 0.910342
-0.077574 -0.817628
0.059600 0.468671
0.059600 0.468671
0.059600 0.468671
-0.067541 -3.252916
-0.178609 4.607214
0.180648 -1.661321
-0.204175 -0.073680
-0.017670 -1.644527
-0.206210 -1.644527
-0.206210 -1.644527
-0.206210 -1.644527
-0.206210 -1.644527
-0.206210 -1.644527
-0.206210 -1.644527
-0.206210 -1.644527
-0.206210 -0.210707
-0.046067 -0.210707
-0.046067 -4.431492
-0.320959 -2.248238
-0.219990 -2.248238
-0.219990 -2.248238
-0.219990 -4.781713
-0.206785 -4.781713
-0.206785 2.490492
0.153343 2.490492
0.153343 -0.565012
-0.073450 -0.565012
-0.073450 -0.368417
-0.076715 -0.578218
-0.089589 -0.455859
-0.069635 -0.455859
-0.069635 -0.521906
-0.105271 -0.713744
-0.115183 1.053173
-0.077857 1.271637
-0.077857 1.271637
-0.077857 1.271637
0.012899 -0.767707
0.202782 -0.767707
0.202782 -0.767707
0.202782 -0.767707
-0.081993 -0.767707
-0.081993 -3.754279
-0.081993 0.929316
-0.081993 -1.003780
-0.081993 -1.003780
-0.109286 -1.003780
0.064706 5.220367
-0.129230 -1.861735
-0.129230 -1.861735
-0.129230 -1.290310
0.207359 -1.290310
-0.058233 -1.290310
-0.058233 -1.290310
-0.041935 -1.290310
-0.041935 -1.290310
-0.041935 -1.290310
-0.041935 -1.290310
-0.041935 -1.383220
-0.041935 -1.383220
-0.041935 -1.383220
-0.041935 -1.383220
-0.145496 -1.383220
-0.145496 -1.383220
-0.145496 -1.383220
-0.145496 -1.383220
-0.145496 -1.021853
-0.145496 -1.021853
-0.145496 -1.021853
-0.145496 -1.021853
-0.081600 -3.072140
-0.081600 -3.072140
-0.081600 -3.072140
-0.081600 -2.650061
-0.282763 -2.650061
-0.282763 -2.650061
-0.282763 -0.475199
-0.256749 -2.043741
-0.256749 -2.043741
-0.256749 0.523918
-0.069343 -0.485529
-0.218639 -0.485529
-0.218639 -0.485529
0.080045 -0.669083
0.163969 0.185894
0.163969 0.185894
0.163969 0.185894
0.163969 0.185894
0.163969 0.185894
-0.116718 0.185894
-0.116718 -2.764731
-0.116718 -2.764731
-0.054243 -2.764731
0.060742 3.511770
0.060742 2.307889
0.060742 2.307889
0.060742 -2.405675
0.060742 -2.405675
0.060742 -2.405675
-0.260132 -2.405675
-0.260132 -2.405675
-0.260132 -2.405675
0.127016 -2.405675
0.034598 -2.405675
0.034598 -2.405675
-0.042280 -2.405675
-0.042280 -2.405675
-0.042280 -2.405675
-0.042280 -2.405675
-0.042280 -2.405675
-0.042280 -2.405675
-0.042280 -2.405675
-0.042280 -2.405675
-0.042280 -2.405675
-0.042280 -2.405675
-0.042280 -2.405675
-0.042280 -2.405675
-0.042280 -2.405675
-0.042280 -2.405675
-0.042280 -2.405675
-0.042280 -2.405675
-0.042280 -2.405675
-0.042280 -2.405675
-0.042280 -2.405675
-0.042280 -2.405675
-0.042280 -2.405675
-0.042280 -2.405675
-0.042280 -2.405675
-0.042280 -2.405675
-0.042280 -2.405675
-0.042280 -2.405675
-0.042280 -2.405675
-0.042280 -2.405675
-0.042280 -2.405675
-0.042280 -2.405675
-0.042280 -2.405675
