0.145294 3.535450
0.066467 1.522936
-0.457477 -7.215417
0.002530 0.050272
-0.001303 -0.022383
-0.033777 -0.542280
-0.035412 -0.541244
0.008876 0.155661
0.037602 0.910062
0.046604 0.955679
-0.032479 -0.540667
0.000942 0.014768
0.012188 0.190093
0.002466 0.033911
-0.043255 -0.501354
-0.036322 -0.417640
0.005086 0.073557
0.001200 0.019806
0.003526 0.046780
-0.456546 -5.013179
-0.030423 -0.497671
-0.019833 -0.336541
-0.053278 -0.861920
0.043315 0.741349
-0.041149 -0.620057
-0.008611 -0.162624
0.028868 0.637688
-0.126909 -1.591521
0.008208 0.172077
0.053471 1.261102
0.068109 1.380097
-0.033068 -0.512833
0.022032 0.362680
0.022629 0.375739
0.023203 0.339704
-0.027653 -0.250670
-0.049329 -0.362098
0.136668 2.048283
0.182971 2.284565
0.039491 0.357996
-0.170630 -0.422128
-0.013596 -0.117891
-0.120323 -0.780207
-0.120323 -0.780207
-0.034839 -0.332320
-0.343350 -2.433755
-0.227589 -4.768733
-0.164107 -3.528792
0.013720 0.144597
0.104219 1.737506
-0.096386 -0.942647
0.062361 0.802999
-0.061092 -0.473295
-0.464295 -3.518441
0.034792 0.346893
0.028378 0.227130
0.015306 0.122220
0.098645 1.051937
-0.386672 -2.643851
-0.307827 -1.707828
-0.380719 -1.908047
-0.380719 -1.908047
0.053364 0.490163
-0.022157 -0.146612
-0.164470 -0.987756
-0.164470 -0.987756
-0.164470 -0.987756
0.143275 1.438722
0.084578 1.022913
0.050108 0.765942
-0.071311 -0.688787
-0.062861 -0.809809
-0.455672 -4.473214
-0.455672 -4.473214
0.008745 0.125237
0.030950 0.476775
-0.037913 -0.494567
-0.079942 -0.813071
-0.058551 0.059390
0.003901 -0.853434
-0.065393 -0.239670
-0.011557 -1.379025
-0.107004 1.085407
0.075214 0.004483
0.000404 -0.403886
-0.039721 -0.246347
-0.021664 -0.974936
-0.098210 -0.179393
-0.017237 -0.057501
-0.006453 -0.489445
-0.047534 -0.449459
-0.090097 -0.449459
-0.090097 -0.046319
-0.004157 0.425489
0.037745 0.942867
0.076058 -1.342624
-0.198902 0.247800
0.022753 2.053462
0.157903 2.177430
0.178048 0.374962
0.040755 0.411349
0.051025 0.086780
0.014051 0.088552
0.012407 -0.041599
-0.005979 -0.317642
-0.058559 0.491709
0.054869 0.099204
0.015288 0.157715
0.018262 -0.080160
-0.010607 -0.080160
-0.010607 -1.510590
-0.293434 1.211035
0.116571 0.251516
0.027821 -0.365626
-0.109797 0.663506
0.077552 -0.738419
-0.202131 -1.081891
-0.328708 1.286038
0.147203 -1.626566
-0.242288 0.927967
0.102018 1.281503
0.115109 2.262124
0.169578 2.262124
0.169578 1.341117
0.110468 -0.468898
-0.044968 -2.110171
-0.122712 1.121544
0.117623 -0.787994
-0.167596 0.175966
0.022101 0.175966
0.022101 -0.434267
-0.065813 -0.434267
-0.065813 2.142661
0.193715 2.142661
0.193715 -0.507379
-0.104401 -2.354709
-0.334336 2.753125
0.187657 -0.218535
-0.023358 -3.129315
-0.377521 -3.129315
-0.377521 -3.129315
-0.377521 -3.129315
-0.377521 -3.129315
-0.377521 2.119451
0.094713 2.119451
0.094713 2.119451
0.094713 14.590377
0.122702 0.594045
0.042112 0.594045
0.042112 -2.075213
-0.057201 -0.131795
-0.006431 0.188099
0.019617 0.188099
0.019617 -0.684654
-0.114444 0.538470
0.053508 2.029666
0.170991 0.164665
0.019659 0.190281
0.007002 0.190281
0.007002 1.352527
0.136323 1.352527
0.136323 0.093883
0.009495 0.093883
0.009495 -0.378772
-0.087167 -0.378772
-0.036742 0.879082
-0.036742 1.825068
0.079888 0.596468
0.072155 0.596468
0.097274 0.596468
0.041505 294.469692
0.041505 294.469692
0.041505 294.469692
0.113925 294.469692
0.113925 294.469692
