0.086013 0.678772
0.037121 0.284044
-0.056840 -0.459915
0.059882 0.484057
0.056402 0.474476
0.019354 0.191316
-0.054871 -0.498654
-0.001979 -0.017590
0.014284 0.124734
0.203964 1.789018
-0.080484 -0.670178
0.023436 0.191449
-0.144291 -1.205208
-0.195994 -1.907580
-0.003405 -0.032342
-0.008157 -0.076322
0.017722 0.164850
-0.088806 -0.934378
-0.091933 -1.018362
0.003575 0.037289
0.202083 1.790486
0.026702 0.250968
-0.176924 -1.916137
-0.084275 -0.929149
0.211690 1.897564
0.023797 0.241386
0.046304 0.457980
-0.044130 -0.440859
-0.110575 -1.201808
0.021621 0.212160
0.041977 0.372174
0.066584 0.551347
-0.060859 -0.613975
-0.106016 -1.087803
-0.071932 -0.654308
-0.115347 -1.269928
-0.003843 -0.036789
-0.059789 -0.642840
-0.020096 -0.192061
0.138081 1.286740
-0.103767 -1.110932
-0.057373 -0.531622
-0.163496 -1.641411
0.057434 0.536179
-0.161453 -1.659748
0.328315 2.561986
0.328315 2.561986
-0.078291 -0.726116
0.017805 0.153252
0.123095 0.981223
-0.019624 -0.167090
0.060667 0.464289
0.316644 2.166375
-0.068376 -0.518221
0.013129 0.099006
0.071698 0.558038
0.008653 0.065314
0.008653 0.065314
0.055634 0.403249
0.055634 0.403249
0.055634 0.403249
0.055634 0.403249
0.169365 1.328711
0.117602 3.652073
-0.376323 -2.883716
-0.376323 -2.883716
0.204498 1.449595
-0.129668 -0.803839
-0.184432 -1.467323
-0.219612 -1.718590
-0.155822 -1.174022
0.033910 0.250933
0.109527 0.803617
-0.114510 -0.906750
-0.114510 -0.906750
-0.114510 -0.906750
-0.141687 -1.201976
-0.141687 -1.201976
0.007048 2.881953
-0.141798 -1.255325
-0.141798 -1.255325
-0.089954 -8.591474
-0.120671 -1.174208
-0.014858 -0.140155
-0.119457 -1.348584
0.091962 0.805237
-0.006375 -0.058691
-0.006375 -0.058691
-0.006375 -0.058691
-0.206115 -2.183141
-0.206115 -2.183141
-0.062547 -0.625644
0.118854 1.035601
0.180003 1.571628
0.180003 1.571628
0.180003 1.571628
-0.104319 -1.112249
0.039262 0.383021
0.152624 1.354426
-0.085582 -0.763711
-0.085582 -0.763711
-0.085582 -0.763711
-0.079958 -0.750504
0.010903 0.110222
0.010903 0.110222
-0.099065 -1.150019
0.029368 0.298176
0.029368 0.298176
-0.143323 -1.570743
-0.143323 -1.570743
0.133154 1.173897
-0.014589 -0.570683
0.061838 0.564085
-0.130306 -1.379280
0.005806 0.058663
0.081640 0.785519
0.056393 2.919283
0.034135 0.347644
0.034135 0.347644
-0.164868 -1.730496
-0.164868 -1.730496
-0.164868 -1.730496
-0.164868 -1.730496
0.045256 0.402494
-0.134686 -1.314660
0.164742 1.398597
-0.066750 -0.636915
0.032330 0.292286
-0.059067 -0.580447
0.110440 4.078356
-0.024686 -0.234490
-0.024838 0.291498
0.032910 -0.243560
-0.022077 0.680694
0.079842 -0.298113
-0.032392 -10.078840
-0.129685 -0.832154
-0.081124 -1.105390
-0.108780 -1.105390
-0.108780 0.492937
0.055563 1.803833
0.217155 1.803833
0.217155 1.803833
0.217155 1.803833
0.217155 1.803833
0.217155 1.803833
0.217155 0.431642
0.048900 0.431642
0.048900 0.431642
0.048900 2.397265
0.030502 2.397265
0.030502 2.397265
0.030502 -1.223372
-0.132569 0.409815
0.005600 16.049361
0.093652 16.049361
0.093652 -0.356823
-0.040711 -0.356823
-0.040711 -0.356823
-0.040711 -0.356823
-0.040711 -0.181385
0.011627 -0.181385
0.011627 -0.490374
-0.019537 14.510483
-0.019537 0.290898
-0.052906 0.290898
0.113093 0.290898
0.034262 -0.590951
0.034262 0.820578
0.034262 0.047635
-0.066871 0.047635
0.103176 0.047635
0.005536 -0.697293
0.005536 -0.697293
0.005536 -0.697293
-0.080437 7.434201
-0.080437 7.434201
-0.080437 7.434201
0.416511 7.434201
0.416511 7.434201
0.416511 7.434201
0.416511 7.434201
0.416511 -2.750792
0.416511 -2.750792
0.416511 -2.750792
-0.330280 -2.750792
-0.330280 -2.750792
-0.330280 -2.750792
-0.330280 -2.750792
-0.330280 -2.750792
-0.330280 -2.750792
-0.330280 -2.750792
-0.330280 -2.750792
-0.330280 -4.549696
-0.330280 -4.549696
-0.330280 -4.549696
