-0.019601 -0.309807
0.019065 0.266469
-0.038171 -0.635307
-0.002836 -0.038457
-0.050906 -0.906854
-0.043698 -0.696718
-0.033295 -0.600923
-0.085438 -2.071719
0.010859 0.163957
0.079412 0.671711
-0.041948 -21.634785
-0.041948 -21.634785
-0.041948 -21.634785
0.009774 0.104095
-0.056066 -0.812809
-0.002827 -0.029094
-0.071626 -1.545607
0.054222 0.670298
0.126306 -0.521846
-0.040510 0.139708
0.009374 0.407894
0.029437 -0.110191
-0.009988 0.651040
0.084063 -2.543064
-0.118666 0.042342
0.007429 -0.795773
-0.042521 -0.795773
-0.042521 0.878585
0.022163 -0.067478
0.083550 0.448115
0.157917 -0.121590
-0.005793 -0.756843
0.047466 -0.798192
-0.009988 0.971326
-0.040856 -0.087572
-0.042517 0.016805
0.158834 -0.210462
-0.007168 1.371321
0.001445 0.805977
-0.016835 1.363103
0.137311 0.565373
0.066677 0.175032
0.140141 0.191941
0.053181 -0.570151
0.012793 0.637699
0.016626 -0.596413
-0.041174 -0.596413
0.063452 -0.085789
-0.041193 -5.748059
-0.041193 -5.748059
-0.006794 1.414087
-1.149118 0.769841
-1.149118 -1.011288
0.183606 -1.130917
0.091779 7.596951
-0.098884 7.596951
-0.005114 -1.085653
0.086784 0.936508
-0.138973 1.160819
0.290504 -0.392939
0.290504 -0.419615
-0.151664 1.339257
0.148185 -0.288882
0.206408 -2.089485
-0.078248 -2.089485
-0.070455 -0.141281
0.066101 -0.551999
-0.289656 0.945744
0.203658 -2.803247
0.092386 2.695760
-0.044084 -12.379093
-0.276560 -0.784545
-0.276560 1.019167
-0.019286 1.019167
-0.014496 -4.578004
0.172587 -0.010189
-1.162570 -4.851499
0.131209 0.463820
-0.320781 -1.483962
-0.103494 -1.084200
0.182811 0.386607
0.182811 -0.862508
-1.763871 0.240649
-0.001549 0.155298
-1.878663 0.778460
0.073972 -1.939222
-0.217046 -2.060319
-0.096023 -2.079478
0.024893 0.714366
0.049640 0.143556
-0.068931 1.213097
0.023876 -1.843893
0.012644 1.075570
0.080890 0.445714
-0.104673 -2.440825
-0.098272 -1.035069
-0.096945 0.609251
0.065881 -0.220465
0.009710 -1.507969
0.113965 -46.917249
-0.081583 0.284857
0.142842 -0.096377
0.033172 -0.240751
-0.098359 -0.673920
-0.065415 0.260384
0.077155 0.065572
-0.017300 -0.056480
-0.069970 0.047342
-0.039373 0.305876
0.039736 0.404478
-0.007479 -0.347276
-0.023716 -0.022665
-0.036834 -0.479792
0.050911 -0.015626
0.004245 0.031580
-0.010860 0.497828
-0.003604 0.541746
0.005737 0.880970
0.021569 -2.074001
0.050602 0.066578
-0.020635 0.150928
-0.002245 -0.856311
-0.040846 -10.333725
-0.001907 0.168930
0.003951 -0.917252
0.074931 0.050319
0.063554 0.683603
0.105296 -0.523879
-0.031649 -0.272245
0.005376 -1.425477
0.012604 0.342997
-0.045780 -0.616549
-0.041862 0.184843
0.015015 0.184843
-0.047989 -1.763627
0.003294 0.230152
0.085307 0.202248
-0.036909 -0.492204
-0.016437 -0.193595
-0.084473 -0.062106
0.024278 -1.925691
-0.055264 0.531118
0.043415 0.531118
0.043415 0.671678
-0.078670 -0.898650
0.016649 0.077450
0.014088 0.171442
-0.001554 -0.197458
-0.001554 -1.019899
-0.001554 4.713036
0.037774 0.560212
-0.056590 0.504030
-0.012281 -0.202618
0.038968 0.635167
-0.024424 0.635167
0.079612 1.018601
0.079612 -1.465019
-0.083090 -0.918032
0.033157 1.478221
-0.025823 -0.065025
0.091971 -0.065025
0.137066 -2.854296
0.137066 0.215223
0.086452 1.384651
-0.047409 1.384651
0.005034 -1.585877
0.011694 0.246890
-0.012263 0.291597
-0.066781 -4.584211
0.007195 -4.584211
0.082998 -2.117863
0.056726 -2.117863
-0.012583 -2.117863
0.068526 -2.117863
0.068526 0.266439
0.122125 -2.105072
