('fitDiagnostics_t0.root', 'multidimfit_t0_s.root', 'multidimfit_t0_b.root')
diffNuisances run on fitDiagnostics_t0.root, at 2023-05-22 22:19:10.350735 with the following options ... {'absolute_values': False, 'show_all_parameters': True, 'format': 'text', 'stol2': 0.5, 'MDF': True, 'pullDef': '', 'vtol': 0.3, 'stol': 0.1, 'plotfile': 'plots_t0.root', 'skipFitB': False, 'sortBy': 'correlation', 'vtol2': 2.0, 'poi': 'yLQ2', 'skipFitS': False}

name                                              b-only fit            s+b fit         rho  approx impact
nlo_sys                                          +0.00, 1.00        +0.00, 1.03       -0.23      -0.087
dy_xsec                                          -0.00, 0.83     * +0.00, 0.82*     *-0.16*      -0.046
FAC1718                                          -0.00, 1.08        +0.00, 1.08       -0.16      -0.064
REFAC16                                          -0.00, 0.81     * +0.00, 0.82*     *-0.15*      -0.043
REFAC1718                                        -0.00, 0.89     * +0.00, 0.89*     *-0.14*      -0.045
muRC18                                           -0.00, 0.93        +0.00, 0.93       -0.11      -0.038
muRC17                                           -0.00, 0.91        +0.00, 0.91       -0.11      -0.036
lumiXY                                           -0.00, 0.90        +0.00, 0.91       -0.09      -0.029
RENORM1718                                       -0.00, 0.98        +0.00, 0.98       -0.07      -0.026
FAC16                                            -0.00, 0.94        +0.00, 0.94       -0.07      -0.024
pdf8                                             +0.00, 1.00        -0.00, 1.00       -0.06      -0.021
pdf30                                            +0.00, 1.00        -0.00, 1.00       -0.06      -0.022
muRC16                                           -0.00, 0.90     * +0.00, 0.90*     *-0.06*      -0.019
RENORM16                                         +0.00, 1.03        -0.00, 1.03       -0.06      -0.024
MCStatBin49                                      +0.00, 0.99        -0.00, 0.99       -0.06      -0.020
prop_binY18_bin48                                -0.00, 0.99        -0.00, 0.99       -0.05      -0.018
prop_binY16_bin48                                -0.00, 0.98        -0.00, 0.98       -0.05      -0.017
prop_binY16_bin40                                -0.00, 0.96        -0.00, 0.96       -0.05      -0.016
prop_binY16_bin34                                -0.00, 0.94        -0.00, 0.94       -0.05      -0.016
pdf32                                            +0.00, 1.00        -0.00, 1.00       -0.05      -0.018
pdf19                                            +0.00, 1.00        -0.00, 1.00       +0.05      +0.018
lumi17                                           -0.00, 0.84     * +0.00, 0.84*     *-0.05*      -0.014
MCStatBin55                                      -0.00, 0.98        +0.00, 0.98       -0.05      -0.018
MCStatBin35                                      +0.00, 0.96        -0.00, 0.96       -0.05      -0.016
prop_binY18_bin54                                +0.00, 0.99        -0.00, 0.99       -0.04      -0.014
prop_binY18_bin34                                -0.00, 0.97        -0.00, 0.97       -0.04      -0.014
prop_binY18_bin19                                -0.00, 0.97        -0.00, 0.97       +0.04      +0.013
prop_binY18_bin15                                -0.00, 0.95        -0.00, 0.94       -0.04      -0.012
prop_binY18_bin14                                -0.00, 0.94        -0.00, 0.93       -0.04      -0.012
prop_binY17_bin48                                -0.00, 0.99        -0.00, 0.99       -0.04      -0.013
prop_binY17_bin40                                -0.00, 0.97        -0.00, 0.97       -0.04      -0.014
prop_binY17_bin34                                -0.00, 0.97        -0.00, 0.97       -0.04      -0.012
prop_binY17_bin28                                -0.00, 0.96        -0.00, 0.96       -0.04      -0.013
prop_binY17_bin14                                -0.00, 0.94        -0.00, 0.94       -0.04      -0.012
prop_binY16_bin54                                -0.00, 0.97        -0.00, 0.97       -0.04      -0.016
prop_binY16_bin28                                -0.00, 0.96        -0.00, 0.96       -0.04      -0.014
prop_binY16_bin14                                -0.00, 0.91        -0.00, 0.91       -0.04      -0.014
pdf7                                             -0.00, 1.00        +0.00, 1.00       -0.04      -0.015
pdf28                                            -0.00, 1.00        +0.00, 1.00       +0.04      +0.016
pdf23                                            -0.00, 1.00        +0.00, 1.00       +0.04      +0.015
pdf12                                            -0.00, 1.00        +0.00, 1.00       +0.04      +0.015
pdf11                                            +0.00, 1.00        -0.00, 1.00       +0.04      +0.013
muIDBAR17                                        -0.00, 0.94        +0.00, 0.94       -0.04      -0.014
muIDBAR16                                        -0.00, 0.95        +0.00, 0.95       -0.04      -0.012
muFakes17                                        -0.00, 0.96        +0.00, 0.96       -0.04      -0.014
lumi18                                           -0.00, 0.91        +0.00, 0.91       -0.04      -0.014
gam_xsec                                         -0.00, 1.00        +0.00, 1.00       -0.04      -0.013
MCStatBin44                                      +0.00, 0.99        -0.00, 0.99       -0.04      -0.014
MCStatBin43                                      +0.00, 0.99        -0.00, 0.99       -0.04      -0.015
MCStatBin42                                      +0.00, 0.99        -0.00, 0.99       -0.04      -0.015
MCStatBin17                                      -0.00, 0.93        +0.00, 0.91       +0.04      +0.012
prop_binY18_bin42                                -0.00, 0.99        -0.00, 0.99       -0.03      -0.010
prop_binY18_bin41                                -0.00, 0.99        -0.00, 0.99       -0.03      -0.010
prop_binY18_bin40                                -0.00, 0.98        -0.00, 0.99       -0.03      -0.012
prop_binY18_bin28                                -0.00, 0.98        -0.00, 0.98       -0.03      -0.012
prop_binY18_bin18                                -0.00, 0.97        -0.00, 0.97       +0.03      +0.010
prop_binY18_bin13                                -0.00, 0.97        -0.00, 0.97       +0.03      +0.011
prop_binY17_bin7                                 -0.00, 0.94        -0.00, 0.94       +0.03      +0.008
prop_binY17_bin54                                -0.00, 0.99        -0.00, 0.99       -0.03      -0.010
prop_binY17_bin19                                -0.00, 0.97        -0.00, 0.97       +0.03      +0.009
prop_binY17_bin18                                -0.00, 0.98        -0.00, 0.98       +0.03      +0.010
prop_binY17_bin13                                -0.00, 0.95        -0.00, 0.95       +0.03      +0.010
prop_binY16_bin41                                +0.00, 0.99        -0.00, 0.99       -0.03      -0.009
prop_binY16_bin19                                -0.00, 0.96        -0.00, 0.96       +0.03      +0.011
prop_binY16_bin18                                -0.00, 0.96        -0.00, 0.96       +0.03      +0.010
prop_binY16_bin15                                -0.00, 0.93        -0.00, 0.93       -0.03      -0.009
pdf48                                            -0.00, 1.00        +0.00, 1.00       -0.03      -0.011
pdf45                                            -0.00, 1.00        +0.00, 1.00       +0.03      +0.010
pdf44                                            +0.00, 1.00        -0.00, 1.00       -0.03      -0.011
pdf43                                            -0.00, 1.00        +0.00, 1.00       -0.03      -0.011
pdf4                                             +0.00, 1.00        -0.00, 1.00       -0.03      -0.009
pdf38                                            +0.00, 1.00        -0.00, 1.00       -0.03      -0.010
pdf36                                            +0.00, 1.00        -0.00, 1.00       -0.03      -0.012
pdf35                                            -0.00, 1.00        +0.00, 1.00       -0.03      -0.012
pdf33                                            +0.00, 1.00        -0.00, 1.00       -0.03      -0.009
pdf14                                            -0.00, 1.00        +0.00, 1.00       +0.03      +0.012
pdf10                                            +0.00, 1.00        -0.00, 1.00       -0.03      -0.010
muIDSYS                                          -0.00, 0.92        +0.00, 0.91       +0.03      +0.010
muFakes18                                        -0.00, 0.99        +0.00, 0.99       -0.03      -0.010
lumi16                                           -0.00, 0.93        +0.00, 0.94       -0.03      -0.009
MCStatBin56                                      +0.00, 0.99        -0.00, 0.99       -0.03      -0.010
MCStatBin50                                      +0.00, 0.99        -0.00, 0.99       -0.03      -0.012
MCStatBin41                                      -0.00, 0.99        -0.00, 0.99       -0.03      -0.012
MCStatBin36                                      +0.00, 0.97        -0.00, 0.97       -0.03      -0.009
MCStatBin29                                      +0.00, 0.98        -0.00, 0.98       -0.03      -0.012
MCStatBin11                                      +0.00, 0.92        -0.00, 0.91       +0.03      +0.009
MCStatBin1                                       +0.00, 0.97        -0.00, 0.97       +0.03      +0.010
prop_binY18_bin7                                 -0.00, 0.97        -0.00, 0.97       +0.02      +0.007
prop_binY18_bin55                                +0.00, 0.99        -0.00, 0.99       -0.02      -0.006
prop_binY18_bin49                                -0.00, 0.99        -0.00, 0.99       -0.02      -0.007
prop_binY18_bin35                                -0.00, 0.98        -0.00, 0.98       -0.02      -0.009
prop_binY18_bin17                                -0.00, 0.97        -0.00, 0.97       +0.02      +0.008
prop_binY18_bin12                                -0.00, 0.97        -0.00, 0.97       +0.02      +0.006
prop_binY17_bin6                                 -0.00, 0.97        -0.00, 0.97       +0.02      +0.005
prop_binY17_bin41                                -0.00, 0.99        -0.00, 0.99       -0.02      -0.008
prop_binY17_bin35                                -0.00, 0.98        -0.00, 0.98       -0.02      -0.007
prop_binY17_bin20                                -0.00, 0.95        -0.00, 0.95       -0.02      -0.007
prop_binY17_bin17                                -0.00, 0.98        -0.00, 0.98       +0.02      +0.006
prop_binY17_bin15                                -0.00, 0.96        -0.00, 0.96       -0.02      -0.006
prop_binY16_bin7                                 -0.00, 0.94        -0.00, 0.94       +0.02      +0.006
prop_binY16_bin6                                 -0.00, 0.94        -0.00, 0.94       +0.02      +0.006
prop_binY16_bin55                                -0.00, 0.99        -0.00, 0.99       -0.02      -0.006
prop_binY16_bin49                                +0.00, 0.99        -0.00, 0.99       -0.02      -0.006
prop_binY16_bin35                                -0.00, 0.97        -0.00, 0.97       -0.02      -0.008
prop_binY16_bin20                                -0.00, 0.94        -0.00, 0.94       -0.02      -0.006
prop_binY16_bin13                                -0.00, 0.94        -0.00, 0.94       +0.02      +0.008
prop_binY16_bin12                                -0.00, 0.95        -0.00, 0.95       +0.02      +0.006
prop_binY16_bin11                                -0.00, 0.94        -0.00, 0.94       +0.02      +0.006
pdf9                                             -0.00, 1.00        +0.00, 1.00       +0.02      +0.008
pdf6                                             +0.00, 1.00        -0.00, 1.00       -0.02      -0.006
pdf58                                            +0.00, 1.00        -0.00, 1.00       -0.02      -0.006
pdf57                                            -0.00, 1.00        +0.00, 1.00       -0.02      -0.009
pdf56                                            +0.00, 1.00        -0.00, 1.00       +0.02      +0.006
pdf54                                            -0.00, 1.00        -0.00, 1.00       -0.02      -0.006
pdf53                                            -0.00, 1.00        +0.00, 1.00       -0.02      -0.009
pdf52                                            +0.00, 1.00        +0.00, 1.00       -0.02      -0.007
pdf51                                            +0.00, 1.00        -0.00, 1.00       -0.02      -0.006
pdf47                                            +0.00, 1.00        -0.00, 1.00       -0.02      -0.005
pdf41                                            -0.00, 1.00        +0.00, 1.00       +0.02      +0.006
pdf39                                            +0.00, 1.00        -0.00, 1.00       -0.02      -0.008
pdf37                                            -0.00, 1.00        +0.00, 1.00       +0.02      +0.005
pdf27                                            +0.00, 1.00        -0.00, 1.00       -0.02      -0.008
pdf24                                            +0.00, 1.00        -0.00, 1.00       +0.02      +0.008
pdf21                                            +0.00, 1.00        -0.00, 1.00       -0.02      -0.007
pdf20                                            +0.00, 1.00        -0.00, 1.00       -0.02      -0.007
pdf15                                            -0.00, 1.00        +0.00, 1.00       +0.02      +0.007
pdf13                                            +0.00, 1.00        -0.00, 1.00       -0.02      -0.008
mufakesrw1b17                                    -0.00, 0.98        +0.00, 0.98       -0.02      -0.007
muIDBAR18                                        +0.00, 0.99        -0.00, 0.99       -0.02      -0.006
muHLTBAR18                                       -0.00, 1.00        +0.00, 1.00       -0.02      -0.005
emucostrw1b16                                    +0.00, 0.70     * -0.00, 0.69*     *-0.02*      -0.006
db_xsec                                          -0.00, 0.99        +0.00, 0.99       -0.02      -0.006
MCStatBin9                                       -0.00, 0.93        +0.00, 0.93       +0.02      +0.008
MCStatBin51                                      -0.00, 0.99        +0.00, 0.99       -0.02      -0.008
MCStatBin4                                       -0.00, 0.92        +0.00, 0.92       +0.02      +0.008
MCStatBin30                                      -0.00, 0.97        +0.00, 0.97       -0.02      -0.007
MCStatBin3                                       -0.00, 0.91        +0.00, 0.91       +0.02      +0.007
MCStatBin24                                      -0.00, 0.98        +0.00, 0.98       -0.02      -0.006
MCStatBin23                                      +0.00, 0.98        -0.00, 0.98       -0.02      -0.007
MCStatBin22                                      -0.00, 0.98        +0.00, 0.98       -0.02      -0.006
MCStatBin2                                       -0.00, 0.92        +0.00, 0.92       +0.02      +0.006
MCStatBin10                                      +0.00, 0.90        -0.00, 0.90       +0.02      +0.005
prop_binY18_bin9                                 -0.00, 0.96        -0.00, 0.95       -0.01      -0.003
prop_binY18_bin8                                 -0.00, 0.95        -0.00, 0.95       -0.01      -0.005
prop_binY18_bin6                                 -0.00, 0.97        -0.00, 0.97       +0.01      +0.004
prop_binY18_bin56                                +0.00, 1.00        -0.00, 1.00       -0.01      -0.002
prop_binY18_bin50                                +0.00, 1.00        -0.00, 1.00       -0.01      -0.004
prop_binY18_bin5                                 -0.00, 0.96        -0.00, 0.96       +0.01      +0.004
prop_binY18_bin47                                -0.00, 0.99        -0.00, 0.99       -0.01      -0.004
prop_binY18_bin46                                -0.00, 0.99        -0.00, 0.99       -0.01      -0.003
prop_binY18_bin45                                -0.00, 0.99        -0.00, 0.99       -0.01      -0.004
prop_binY18_bin44                                +0.00, 1.00        -0.00, 1.00       -0.01      -0.003
prop_binY18_bin43                                +0.00, 1.00        -0.00, 1.00       -0.01      -0.005
prop_binY18_bin39                                -0.00, 0.99        -0.00, 0.99       +0.01      +0.004
prop_binY18_bin38                                -0.00, 0.99        -0.00, 0.99       +0.01      +0.003
prop_binY18_bin36                                -0.00, 0.99        -0.00, 0.99       -0.01      -0.003
prop_binY18_bin33                                -0.00, 0.99        -0.00, 0.99       +0.01      +0.002
prop_binY18_bin30                                -0.00, 0.99        -0.00, 0.99       -0.01      -0.002
prop_binY18_bin29                                -0.00, 0.99        -0.00, 0.99       -0.01      -0.005
prop_binY18_bin23                                -0.00, 0.99        -0.00, 0.99       -0.01      -0.003
prop_binY18_bin22                                -0.00, 0.99        -0.00, 0.99       -0.01      -0.004
prop_binY18_bin21                                -0.00, 0.99        -0.00, 0.99       -0.01      -0.005
prop_binY18_bin20                                -0.00, 0.98        -0.00, 0.98       -0.01      -0.004
prop_binY18_bin11                                -0.00, 0.97        -0.00, 0.97       +0.01      +0.003
prop_binY18_bin1                                 -0.00, 0.96        -0.00, 0.96       -0.01      -0.002
prop_binY17_bin9                                 -0.00, 0.96        -0.00, 0.96       -0.01      -0.003
prop_binY17_bin8                                 -0.00, 0.92        -0.00, 0.92       -0.01      -0.003
prop_binY17_bin55                                +0.00, 1.00        -0.00, 1.00       -0.01      -0.004
prop_binY17_bin50                                +0.00, 1.00        -0.00, 1.00       -0.01      -0.002
prop_binY17_bin5                                 -0.00, 0.97        -0.00, 0.97       +0.01      +0.002
prop_binY17_bin49                                +0.00, 1.00        -0.00, 1.00       -0.01      -0.005
prop_binY17_bin47                                -0.00, 0.97        -0.00, 0.97       -0.01      -0.004
prop_binY17_bin46                                +0.00, 0.99        -0.00, 0.99       -0.01      -0.003
prop_binY17_bin45                                +0.00, 1.00        -0.00, 1.00       -0.01      -0.002
prop_binY17_bin44                                +0.00, 1.00        -0.00, 1.00       -0.01      -0.003
prop_binY17_bin43                                +0.00, 1.00        -0.00, 1.00       -0.01      -0.004
prop_binY17_bin42                                +0.00, 1.00        -0.00, 1.00       -0.01      -0.005
prop_binY17_bin4                                 -0.00, 0.97        -0.00, 0.97       +0.01      +0.002
prop_binY17_bin39                                -0.00, 0.99        -0.00, 0.99       +0.01      +0.004
prop_binY17_bin38                                -0.00, 0.99        -0.00, 0.99       +0.01      +0.002
prop_binY17_bin36                                -0.00, 0.99        -0.00, 0.99       -0.01      -0.002
prop_binY17_bin33                                -0.00, 0.98        -0.00, 0.98       +0.01      +0.002
prop_binY17_bin30                                -0.00, 0.99        -0.00, 0.99       -0.01      -0.002
prop_binY17_bin29                                -0.00, 0.99        -0.00, 0.99       -0.01      -0.005
prop_binY17_bin23                                -0.00, 0.99        -0.00, 0.99       -0.01      -0.002
prop_binY17_bin22                                -0.00, 0.99        -0.00, 0.99       -0.01      -0.004
prop_binY17_bin21                                -0.00, 0.98        -0.00, 0.98       -0.01      -0.005
prop_binY17_bin12                                -0.00, 0.97        -0.00, 0.97       +0.01      +0.005
prop_binY17_bin1                                 -0.00, 0.96        -0.00, 0.96       -0.01      -0.002
prop_binY17_bin0                                 -0.00, 0.93        -0.00, 0.93       +0.01      +0.002
prop_binY16_bin9                                 -0.00, 0.93        -0.00, 0.93       -0.01      -0.003
prop_binY16_bin8                                 -0.00, 0.92        -0.00, 0.92       -0.01      -0.005
prop_binY16_bin59                                -0.00, 0.97        -0.00, 0.97       +0.01      +0.003
prop_binY16_bin53                                +0.00, 0.97        -0.00, 0.97       +0.01      +0.002
prop_binY16_bin51                                +0.00, 0.94        -0.00, 0.94       -0.01      -0.004
prop_binY16_bin50                                +0.00, 0.99        -0.00, 0.99       -0.01      -0.003
prop_binY16_bin5                                 -0.00, 0.94        -0.00, 0.94       +0.01      +0.005
prop_binY16_bin47                                -0.00, 0.97        -0.00, 0.97       -0.01      -0.003
prop_binY16_bin46                                +0.00, 0.99        -0.00, 0.99       -0.01      -0.002
prop_binY16_bin45                                +0.00, 0.99        -0.00, 0.99       -0.01      -0.002
prop_binY16_bin44                                +0.00, 1.00        -0.00, 1.00       -0.01      -0.003
prop_binY16_bin43                                +0.00, 0.99        -0.00, 0.99       -0.01      -0.005
prop_binY16_bin42                                -0.00, 0.99        -0.00, 0.99       -0.01      -0.005
prop_binY16_bin4                                 -0.00, 0.95        -0.00, 0.95       +0.01      +0.005
prop_binY16_bin39                                -0.00, 0.98        -0.00, 0.98       +0.01      +0.004
prop_binY16_bin38                                -0.00, 0.99        -0.00, 0.99       +0.01      +0.003
prop_binY16_bin36                                -0.00, 0.99        -0.00, 0.99       -0.01      -0.002
prop_binY16_bin33                                -0.00, 0.98        -0.00, 0.98       +0.01      +0.003
prop_binY16_bin30                                -0.00, 0.99        -0.00, 0.99       -0.01      -0.002
prop_binY16_bin3                                 -0.00, 0.94        -0.00, 0.94       +0.01      +0.002
prop_binY16_bin29                                +0.00, 0.98        -0.00, 0.98       -0.01      -0.005
prop_binY16_bin23                                -0.00, 0.98        -0.00, 0.98       -0.01      -0.002
prop_binY16_bin22                                -0.00, 0.98        -0.00, 0.98       -0.01      -0.004
prop_binY16_bin21                                -0.00, 0.97        -0.00, 0.97       -0.01      -0.005
prop_binY16_bin17                                -0.00, 0.96        -0.00, 0.96       +0.01      +0.004
prop_binY16_bin16                                -0.00, 0.95        -0.00, 0.95       -0.01      -0.002
prop_binY16_bin10                                -0.00, 0.94        -0.00, 0.94       +0.01      +0.003
prop_binY16_bin1                                 -0.00, 0.94        -0.00, 0.93       -0.01      -0.002
pdf60                                            -0.00, 1.00        +0.00, 1.00       -0.01      -0.003
pdf59                                            +0.00, 1.00        -0.00, 1.00       -0.01      -0.002
pdf55                                            -0.00, 1.00        -0.00, 1.00       -0.01      -0.004
pdf50                                            +0.00, 1.00        -0.00, 1.00       +0.01      +0.004
pdf5                                             -0.00, 1.00        +0.00, 1.00       +0.01      +0.004
pdf42                                            -0.00, 1.00        +0.00, 1.00       -0.01      -0.005
pdf34                                            -0.00, 1.00        +0.00, 1.00       -0.01      -0.005
pdf31                                            +0.00, 1.00        -0.00, 1.00       -0.01      -0.002
pdf3                                             -0.00, 1.00        +0.00, 1.00       -0.01      -0.005
pdf29                                            -0.00, 1.00        +0.00, 1.00       -0.01      -0.004
pdf26                                            -0.00, 1.00        +0.00, 1.00       -0.01      -0.002
pdf25                                            -0.00, 1.00        +0.00, 1.00       +0.01      +0.002
pdf22                                            +0.00, 1.00        -0.00, 1.00       -0.01      -0.003
pdf18                                            -0.00, 1.00        +0.00, 1.00       -0.01      -0.002
mufakesrw2b18                                    -0.00, 1.00        +0.00, 1.00       -0.01      -0.005
mufakesrw2b17                                    -0.00, 1.00        +0.00, 1.00       -0.01      -0.004
muISOSYS                                         -0.00, 1.00        +0.00, 1.00       +0.01      +0.004
muISOEND18                                       -0.00, 1.00        +0.00, 1.00       +0.01      +0.002
muISOBAR18                                       -0.00, 1.00        +0.00, 1.00       -0.01      -0.003
muISOBAR17                                       -0.00, 1.00        +0.00, 1.00       -0.01      -0.002
muISOBAR16                                       -0.00, 1.00        +0.00, 1.00       -0.01      -0.003
muIDEND18                                        -0.00, 1.00        +0.00, 1.00       +0.01      +0.002
muIDEND17                                        -0.00, 0.98        +0.00, 0.98       +0.01      +0.004
muIDEND16                                        -0.00, 0.92        +0.00, 0.92       +0.01      +0.003
muHLTBAR16                                       -0.00, 1.00        +0.00, 1.00       -0.01      -0.002
lumiLS                                           -0.00, 1.00        +0.00, 1.00       -0.01      -0.004
lumiGS                                           -0.00, 1.00        +0.00, 1.00       -0.01      -0.002
lumiDB                                           -0.00, 0.99        +0.00, 0.99       -0.01      -0.005
lumiBC                                           -0.00, 1.00        +0.00, 1.00       -0.01      -0.004
emucostrw3b1718                                  +0.00, 0.99        -0.00, 0.99       -0.01      -0.002
emucostrw2b1718                                  -0.00, 0.98        +0.00, 0.98       -0.01      -0.003
emucostrw1b1718                                  -0.00, 0.66     * +0.00, 0.63*     *+0.01*      +0.003
alphaS16                                         -0.00, 0.99        +0.00, 0.99       +0.01      +0.004
Pu                                               +0.00, 0.93        -0.00, 0.93       -0.01      -0.003
MCStatBin57                                      -0.00, 0.99        +0.00, 0.99       -0.01      -0.004
MCStatBin37                                      -0.00, 0.97        +0.00, 0.97       -0.01      -0.003
MCStatBin31                                      +0.00, 0.98        -0.00, 0.98       -0.01      -0.004
MCStatBin21                                      +0.00, 0.99        -0.00, 0.99       -0.01      -0.003
MCStatBin15                                      -0.00, 0.91        +0.00, 0.89     *-0.01*      -0.004
top_xsec                                         -0.00, 0.91        +0.00, 0.89     *-0.00*      -0.001
prop_binY18_bin59                                -0.00, 1.00        -0.00, 1.00       +0.00      +0.002
prop_binY18_bin58                                -0.00, 1.00        -0.00, 1.00       +0.00      +0.001
prop_binY18_bin57                                -0.00, 1.00        -0.00, 1.00       -0.00      -0.000
prop_binY18_bin53                                -0.00, 0.99        -0.00, 0.99       +0.00      +0.001
prop_binY18_bin52                                +0.00, 1.00        -0.00, 1.00       -0.00      -0.001
prop_binY18_bin51                                +0.00, 1.00        -0.00, 1.00       -0.00      -0.002
prop_binY18_bin4                                 -0.00, 0.97        -0.00, 0.97       +0.00      +0.002
prop_binY18_bin37                                -0.00, 0.99        -0.00, 0.99       +0.00      +0.000
prop_binY18_bin32                                -0.00, 0.99        -0.00, 0.99       +0.00      +0.001
prop_binY18_bin31                                -0.00, 0.99        -0.00, 0.99       -0.00      -0.000
prop_binY18_bin3                                 -0.00, 0.97        -0.00, 0.97       +0.00      +0.000
prop_binY18_bin27                                -0.00, 0.98        -0.00, 0.98       +0.00      +0.001
prop_binY18_bin26                                -0.00, 0.99        -0.00, 0.99       +0.00      +0.000
prop_binY18_bin25                                -0.00, 0.99        -0.00, 0.99       -0.00      -0.001
prop_binY18_bin24                                -0.00, 0.99        -0.00, 0.99       -0.00      -0.002
prop_binY18_bin2                                 -0.00, 0.96        -0.00, 0.96       +0.00      +0.000
prop_binY18_bin16                                -0.00, 0.96        -0.00, 0.96       +0.00      +0.001
prop_binY18_bin10                                -0.00, 0.97        -0.00, 0.97       +0.00      +0.000
prop_binY18_bin0                                 -0.00, 0.96        -0.00, 0.96       +0.00      +0.000
prop_binY17_bin59                                -0.00, 1.00        -0.00, 1.00       +0.00      +0.001
prop_binY17_bin58                                -0.00, 0.99        -0.00, 0.99       +0.00      +0.001
prop_binY17_bin57                                -0.00, 1.00        -0.00, 1.00       -0.00      -0.000
prop_binY17_bin56                                +0.00, 1.00        -0.00, 1.00       -0.00      -0.002
prop_binY17_bin53                                -0.00, 0.99        -0.00, 0.99       +0.00      +0.001
prop_binY17_bin52                                +0.00, 1.00        -0.00, 1.00       -0.00      -0.000
prop_binY17_bin51                                +0.00, 1.00        -0.00, 1.00       -0.00      -0.001
prop_binY17_bin37                                -0.00, 0.99        -0.00, 0.99       +0.00      +0.000
prop_binY17_bin32                                -0.00, 0.99        -0.00, 0.99       -0.00      -0.000
prop_binY17_bin31                                -0.00, 0.99        -0.00, 0.99       -0.00      -0.001
prop_binY17_bin3                                 -0.00, 0.97        -0.00, 0.97       +0.00      +0.001
prop_binY17_bin27                                -0.00, 0.96        -0.00, 0.96       -0.00      -0.001
prop_binY17_bin26                                -0.00, 0.99        -0.00, 0.99       +0.00      +0.001
prop_binY17_bin25                                -0.00, 0.99        -0.00, 0.99       -0.00      -0.001
prop_binY17_bin24                                -0.00, 0.99        -0.00, 0.99       -0.00      -0.001
prop_binY17_bin2                                 -0.00, 0.97        -0.00, 0.97       -0.00      -0.000
prop_binY17_bin16                                -0.00, 0.97        -0.00, 0.97       +0.00      +0.001
prop_binY17_bin11                                -0.00, 0.97        -0.00, 0.97       +0.00      +0.002
prop_binY17_bin10                                -0.00, 0.97        -0.00, 0.97       -0.00      -0.001
prop_binY16_bin58                                -0.00, 0.99        -0.00, 0.99       +0.00      +0.001
prop_binY16_bin57                                -0.00, 1.00        -0.00, 1.00       +0.00      +0.000
prop_binY16_bin56                                +0.00, 0.99        -0.00, 0.99       -0.00      -0.002
prop_binY16_bin52                                +0.00, 0.98        -0.00, 0.98       -0.00      -0.001
prop_binY16_bin37                                -0.00, 0.99        -0.00, 0.99       +0.00      +0.001
prop_binY16_bin32                                +0.00, 0.98        -0.00, 0.98       +0.00      +0.002
prop_binY16_bin31                                -0.00, 0.98        -0.00, 0.98       -0.00      -0.000
prop_binY16_bin27                                -0.00, 0.94        -0.00, 0.94       +0.00      +0.001
prop_binY16_bin26                                -0.00, 0.96        -0.00, 0.96       +0.00      +0.000
prop_binY16_bin25                                -0.00, 0.98        -0.00, 0.98       -0.00      -0.001
prop_binY16_bin24                                -0.00, 0.98        -0.00, 0.98       -0.00      -0.001
prop_binY16_bin2                                 -0.00, 0.94        -0.00, 0.94       -0.00      -0.000
prop_binY16_bin0                                 -0.00, 0.93        -0.00, 0.93       +0.00      +0.002
pdf49                                            +0.00, 1.00        -0.00, 1.00       -0.00      -0.000
pdf46                                            -0.00, 1.00        +0.00, 1.00       +0.00      +0.002
pdf40                                            -0.00, 1.00        +0.00, 1.00       +0.00      +0.000
pdf2                                             -0.00, 1.00        +0.00, 1.00       +0.00      +0.001
pdf17                                            +0.00, 1.00        -0.00, 1.00       +0.00      +0.001
pdf16                                            +0.00, 1.00        -0.00, 1.00       -0.00      -0.000
pdf1                                             +0.00, 1.00        -0.00, 1.00       -0.00      -0.002
mufakesrw4b18                                    -0.00, 1.00        +0.00, 1.00       -0.00      -0.001
mufakesrw4b17                                    -0.00, 1.00        +0.00, 1.00       -0.00      -0.000
mufakesrw4b16                                    +0.00, 1.00        +0.00, 1.00       -0.00      -0.000
mufakesrw3b18                                    +0.00, 1.00        -0.00, 1.00       -0.00      -0.001
mufakesrw3b17                                    +0.00, 1.00        -0.00, 1.00       -0.00      -0.001
mufakesrw3b16                                    -0.00, 1.00        +0.00, 1.00       -0.00      -0.001
mufakesrw2b16                                    -0.00, 1.00        +0.00, 1.00       -0.00      -0.000
mufakesrw1b18                                    +0.00, 1.00        -0.00, 1.00       -0.00      -0.001
mufakesrw1b16                                    +0.00, 1.00        -0.00, 1.00       -0.00      -0.000
muPref1718                                       +0.00, 1.00        -0.00, 1.00       +0.00      +0.001
muPref16                                         +0.00, 1.00        -0.00, 1.00       +0.00      +0.001
muISOEND17                                       -0.00, 1.00        +0.00, 1.00       +0.00      +0.001
muISOEND16                                       -0.00, 1.00        +0.00, 1.00       +0.00      +0.001
muHLTEND18                                       -0.00, 1.00        +0.00, 1.00       +0.00      +0.001
muHLTEND17                                       -0.00, 1.00        +0.00, 1.00       +0.00      +0.001
muHLTEND16                                       -0.00, 0.99        +0.00, 0.99       +0.00      +0.000
muHLTBAR17                                       -0.00, 1.00        +0.00, 1.00       -0.00      -0.001
muFakes16                                        +0.00, 1.00        -0.00, 1.00       -0.00      -0.001
emucostrw4b1718                                  -0.00, 1.00        +0.00, 0.99       +0.00      +0.000
emucostrw4b16                                    +0.00, 0.99        -0.00, 0.99       +0.00      +0.001
emucostrw3b16                                    -0.00, 0.99        +0.00, 0.99       +0.00      +0.001
emucostrw2b16                                    -0.00, 0.97        +0.00, 0.97       -0.00      -0.001
alphaS1718                                       +0.00, 1.00        +0.00, 1.00       -0.00      -0.000
MCStatBin16                                      -0.00, 0.90     * +0.00, 0.89*     *+0.00*      +0.001
