diffNuisances run on fitDiagnostics_t1.root, at 2023-02-07 04:39:46.211089 with the following options ... {'absolute_values': False, 'show_all_parameters': True, 'format': 'text', 'stol2': 0.5, 'pullDef': '', 'vtol': 0.3, 'stol': 0.1, 'plotfile': 'plots_t1.root', 'skipFitB': False, 'sortBy': 'correlation', 'vtol2': 2.0, 'poi': 'yLQ2', 'skipFitS': False}

name                                              b-only fit            s+b fit         rho  approx impact
dy_xsec                                          +0.01, 0.84     * +0.02, 0.85*     *-0.10*      -0.203
REFAC1718                                        +0.01, 0.84     * +0.01, 0.84*     *-0.08*      -0.154
lumiXY                                           +0.01, 0.90     * +0.01, 0.90*     *-0.06*      -0.120
FAC1718                                          +0.01, 0.91        +0.01, 0.91       -0.06      -0.121
emucostrw1b1718                                  -0.06, 0.83     * -0.06, 0.83*     *-0.04*      -0.072
top_xsec                                         -0.01, 0.93        -0.01, 0.93       -0.03      -0.058
lumi18                                           +0.01, 0.90        +0.01, 0.90       -0.03      -0.058
lumi17                                           +0.01, 0.84     * +0.01, 0.85*     *-0.03*      -0.065
REFAC16                                          -0.01, 0.81     * -0.01, 0.80*     *-0.03*      -0.060
muIDSYS                                          +0.01, 0.97        +0.01, 0.97       -0.02      -0.044
muIDBAR17                                        +0.00, 0.96        +0.00, 0.96       -0.02      -0.035
lumi16                                           -0.01, 0.94        -0.01, 0.94       -0.02      -0.035
RENORM1718                                       -0.01, 0.98        -0.01, 0.98       -0.02      -0.051
FAC16                                            +0.00, 0.94        +0.00, 0.94       -0.02      -0.036
prop_binY18_bin6                                 +0.03, 0.98        +0.03, 0.98       -0.01      -0.013
prop_binY18_bin11                                -0.00, 0.99        -0.00, 0.99       -0.01      -0.011
prop_binY17_bin6                                 +0.03, 0.97        +0.03, 0.97       -0.01      -0.017
prop_binY17_bin11                                +0.01, 0.97        +0.01, 0.97       -0.01      -0.017
prop_binY16_bin6                                 +0.00, 0.96        +0.00, 0.96       -0.01      -0.011
prop_binY16_bin11                                +0.02, 0.97        +0.02, 0.97       -0.01      -0.011
nlo_sys                                          +0.00, 1.00        +0.00, 1.00       +0.01      +0.022
muRC18                                           +0.02, 0.95        +0.02, 0.95       -0.01      -0.027
muRC17                                           +0.01, 0.94        +0.01, 0.94       -0.01      -0.028
muRC16                                           -0.01, 1.01        -0.01, 1.02       -0.01      -0.015
muIDEND17                                        +0.00, 0.99        +0.00, 0.99       -0.01      -0.014
muIDEND16                                        +0.02, 0.97        +0.02, 0.97       -0.01      -0.022
muIDBAR18                                        +0.01, 0.99        +0.01, 0.99       -0.01      -0.015
muIDBAR16                                        -0.03, 0.97        -0.02, 0.97       -0.01      -0.022
muFakes17                                        -0.01, 0.98        -0.01, 0.98       -0.01      -0.013
lumiLS                                           +0.00, 1.00        +0.00, 1.00       -0.01      -0.020
lumiDB                                           -0.00, 0.99        -0.00, 0.99       -0.01      -0.020
lumiBC                                           +0.00, 1.00        +0.00, 1.00       -0.01      -0.020
gam_xsec                                         -0.00, 1.00        -0.00, 1.00       -0.01      -0.012
emucostrw1b16                                    +0.03, 0.83     * +0.03, 0.83*     *-0.01*      -0.028
db_xsec                                          -0.01, 1.00        -0.01, 1.00       -0.01      -0.023
alphaS16                                         +0.01, 1.01        +0.01, 1.01       +0.01      +0.013
RENORM16                                         -0.02, 0.96        -0.02, 0.95       -0.01      -0.033
Pu                                               +0.01, 0.98        +0.01, 0.98       +0.01      +0.015
prop_binY18_bin9                                 -0.00, 0.99        -0.00, 0.99       -0.00      -0.003
prop_binY18_bin8                                 -0.01, 0.99        -0.01, 0.99       -0.00      -0.004
prop_binY18_bin7                                 -0.00, 0.99        +0.00, 0.99       -0.00      -0.008
prop_binY18_bin5                                 -0.02, 0.98        -0.02, 0.98       -0.00      -0.001
prop_binY18_bin4                                 +0.02, 0.97        +0.02, 0.97       -0.00      -0.008
prop_binY18_bin3                                 +0.04, 0.98        +0.04, 0.98       +0.00      +0.002
prop_binY18_bin2                                 +0.01, 0.98        +0.01, 0.98       +0.00      +0.004
prop_binY18_bin17                                +0.00, 0.99        +0.00, 0.99       -0.00      -0.003
prop_binY18_bin16                                -0.00, 1.00        -0.00, 1.00       -0.00      -0.002
prop_binY18_bin15                                -0.00, 1.00        -0.00, 1.00       +0.00      +0.001
prop_binY18_bin14                                -0.00, 1.00        -0.00, 1.00       +0.00      +0.001
prop_binY18_bin13                                -0.02, 0.99        -0.02, 0.99       -0.00      -0.001
prop_binY18_bin12                                +0.01, 0.99        +0.01, 0.99       -0.00      -0.003
prop_binY18_bin10                                -0.00, 0.99        -0.00, 0.99       -0.00      -0.007
prop_binY18_bin1                                 +0.02, 0.97        +0.02, 0.97       -0.00      -0.003
prop_binY18_bin0                                 -0.01, 0.98        -0.01, 0.98       -0.00      -0.003
prop_binY17_bin9                                 -0.01, 0.99        -0.01, 0.99       -0.00      -0.005
prop_binY17_bin8                                 -0.02, 0.99        -0.02, 0.99       -0.00      -0.006
prop_binY17_bin7                                 -0.03, 0.99        -0.03, 0.99       -0.00      -0.005
prop_binY17_bin5                                 -0.03, 0.97        -0.03, 0.97       -0.00      -0.001
prop_binY17_bin4                                 +0.01, 0.98        +0.01, 0.98       -0.00      -0.005
prop_binY17_bin3                                 +0.03, 0.98        +0.03, 0.98       -0.00      -0.003
prop_binY17_bin2                                 +0.03, 0.98        +0.03, 0.98       -0.00      -0.003
prop_binY17_bin17                                +0.00, 0.99        +0.00, 0.99       -0.00      -0.003
prop_binY17_bin16                                -0.00, 1.00        -0.00, 1.00       -0.00      -0.002
prop_binY17_bin15                                -0.00, 1.00        -0.00, 1.00       -0.00      -0.001
prop_binY17_bin14                                -0.00, 1.00        -0.00, 1.00       -0.00      -0.002
prop_binY17_bin13                                -0.01, 1.00        -0.01, 1.00       -0.00      -0.003
prop_binY17_bin12                                -0.01, 0.98        -0.01, 0.98       -0.00      -0.003
prop_binY17_bin10                                -0.01, 0.99        -0.01, 0.99       -0.00      -0.004
prop_binY17_bin1                                 +0.03, 0.97        +0.03, 0.97       -0.00      -0.005
prop_binY17_bin0                                 -0.02, 0.96        -0.02, 0.96       +0.00      +0.002
prop_binY16_bin9                                 -0.03, 0.99        -0.03, 0.99       +0.00      +0.000
prop_binY16_bin8                                 -0.02, 0.99        -0.01, 0.99       +0.00      +0.001
prop_binY16_bin7                                 -0.03, 0.98        -0.03, 0.98       -0.00      -0.001
prop_binY16_bin5                                 -0.02, 0.97        -0.01, 0.97       -0.00      -0.003
prop_binY16_bin4                                 +0.01, 0.96        +0.01, 0.96       -0.00      -0.006
prop_binY16_bin3                                 +0.05, 0.97        +0.05, 0.97       +0.00      +0.005
prop_binY16_bin2                                 -0.06, 0.97        -0.06, 0.97       +0.00      +0.005
prop_binY16_bin17                                +0.00, 0.98        +0.00, 0.98       -0.00      -0.002
prop_binY16_bin16                                +0.00, 0.99        +0.00, 0.99       +0.00      +0.002
prop_binY16_bin15                                +0.01, 0.98        +0.01, 0.98       +0.00      +0.004
prop_binY16_bin14                                -0.00, 0.99        -0.00, 0.99       +0.00      +0.003
prop_binY16_bin13                                -0.00, 0.99        -0.00, 0.99       +0.00      +0.002
prop_binY16_bin12                                +0.01, 0.98        +0.01, 0.98       -0.00      -0.002
prop_binY16_bin10                                -0.01, 0.99        -0.01, 0.99       -0.00      -0.000
prop_binY16_bin1                                 -0.01, 0.96        -0.01, 0.96       -0.00      -0.006
prop_binY16_bin0                                 +0.01, 0.97        +0.01, 0.97       +0.00      +0.001
pdf9                                             +0.00, 1.00        +0.00, 1.00       +0.00      +0.000
pdf8                                             -0.00, 1.00        +0.00, 1.00       +0.00      +0.001
pdf7                                             -0.00, 1.00        -0.00, 1.00       -0.00      -0.000
pdf60                                            -0.00, 1.00        -0.00, 1.00       -0.00      -0.003
pdf6                                             -0.00, 1.00        -0.00, 1.00       -0.00      -0.000
pdf59                                            -0.00, 1.00        -0.00, 1.00       -0.00      -0.003
pdf58                                            +0.00, 1.00        +0.00, 1.00       -0.00      -0.000
pdf57                                            +0.00, 1.00        +0.00, 1.00       -0.00      -0.001
pdf56                                            -0.00, 1.00        -0.00, 1.00       +0.00      +0.008
pdf55                                            +0.00, 1.00        +0.00, 1.00       -0.00      -0.001
pdf54                                            -0.00, 1.00        -0.00, 1.00       -0.00      -0.003
pdf53                                            +0.00, 1.00        +0.00, 1.00       -0.00      -0.003
pdf52                                            +0.00, 1.00        +0.00, 1.00       +0.00      +0.002
pdf51                                            +0.00, 1.00        +0.00, 1.00       -0.00      -0.003
pdf50                                            +0.00, 1.00        +0.00, 1.00       +0.00      +0.002
pdf5                                             -0.00, 1.00        -0.00, 1.00       +0.00      +0.003
pdf49                                            -0.00, 1.00        -0.00, 1.00       -0.00      -0.002
pdf48                                            +0.00, 1.00        +0.00, 1.00       +0.00      +0.002
pdf47                                            +0.00, 1.00        +0.00, 1.00       -0.00      -0.000
pdf46                                            -0.00, 1.00        -0.00, 1.00       -0.00      -0.001
pdf45                                            +0.00, 1.00        +0.00, 1.00       -0.00      -0.002
pdf44                                            -0.00, 1.00        -0.00, 1.00       -0.00      -0.001
pdf43                                            +0.00, 1.00        +0.00, 1.00       +0.00      +0.000
pdf42                                            +0.00, 1.00        +0.00, 1.00       -0.00      -0.005
pdf41                                            -0.00, 1.00        -0.00, 1.00       -0.00      -0.001
pdf40                                            +0.00, 1.00        +0.00, 1.00       +0.00      +0.001
pdf4                                             -0.00, 1.00        -0.00, 1.00       +0.00      +0.000
pdf39                                            -0.00, 1.00        -0.00, 1.00       -0.00      -0.001
pdf38                                            -0.00, 1.00        -0.00, 1.00       -0.00      -0.002
pdf37                                            +0.00, 1.00        +0.00, 1.00       -0.00      -0.000
pdf36                                            -0.00, 1.00        -0.00, 1.00       -0.00      -0.000
pdf35                                            -0.00, 1.00        -0.00, 1.00       +0.00      +0.000
pdf34                                            -0.00, 1.00        +0.00, 1.00       +0.00      +0.000
pdf33                                            -0.01, 1.00        -0.00, 1.00       -0.00      -0.004
pdf32                                            +0.00, 1.00        +0.00, 1.00       +0.00      +0.001
pdf31                                            -0.00, 1.00        -0.00, 1.00       +0.00      +0.004
pdf30                                            +0.00, 1.00        +0.00, 1.00       +0.00      +0.011
pdf3                                             +0.00, 1.00        +0.00, 1.00       -0.00      -0.000
pdf29                                            +0.00, 1.00        +0.00, 1.00       +0.00      +0.001
pdf28                                            +0.00, 1.00        +0.00, 1.00       -0.00      -0.000
pdf27                                            -0.00, 1.00        -0.00, 1.00       -0.00      -0.001
pdf26                                            +0.01, 1.00        +0.01, 1.00       -0.00      -0.001
pdf25                                            +0.00, 1.00        +0.00, 1.00       -0.00      -0.002
pdf24                                            -0.00, 1.00        -0.00, 1.00       +0.00      +0.001
pdf23                                            +0.00, 1.00        +0.00, 1.00       -0.00      -0.003
pdf22                                            -0.00, 1.00        -0.00, 1.00       -0.00      -0.001
pdf21                                            +0.00, 1.00        +0.00, 1.00       +0.00      +0.000
pdf20                                            -0.01, 1.00        -0.01, 1.00       -0.00      -0.003
pdf2                                             -0.00, 1.00        -0.00, 1.00       -0.00      -0.002
pdf19                                            -0.00, 1.00        -0.00, 1.00       -0.00      -0.000
pdf18                                            -0.00, 1.00        -0.00, 1.00       -0.00      -0.003
pdf17                                            -0.00, 1.00        -0.00, 1.00       -0.00      -0.000
pdf16                                            -0.00, 1.00        -0.00, 1.00       +0.00      +0.000
pdf15                                            -0.00, 1.00        -0.00, 1.00       -0.00      -0.000
pdf14                                            +0.00, 1.00        +0.00, 1.00       +0.00      +0.001
pdf13                                            +0.00, 1.00        +0.00, 1.00       +0.00      +0.000
pdf12                                            -0.00, 1.00        -0.00, 1.00       +0.00      +0.000
pdf11                                            -0.00, 1.00        -0.00, 1.00       -0.00      -0.002
pdf10                                            +0.00, 1.00        +0.00, 1.00       -0.00      -0.001
pdf1                                             +0.00, 1.00        +0.00, 1.00       +0.00      +0.005
mufakesrw4b18                                    +0.00, 1.00        +0.00, 1.00       +0.00      +0.001
mufakesrw4b17                                    -0.00, 1.00        -0.00, 1.00       -0.00      -0.003
mufakesrw4b16                                    +0.00, 1.00        +0.00, 1.00       +0.00      +0.000
mufakesrw3b18                                    +0.00, 1.00        +0.00, 1.00       -0.00      -0.002
mufakesrw3b17                                    -0.00, 1.00        -0.00, 1.00       -0.00      -0.003
mufakesrw3b16                                    -0.00, 1.00        -0.00, 1.00       +0.00      +0.001
mufakesrw2b18                                    +0.00, 1.00        +0.00, 1.00       -0.00      -0.003
mufakesrw2b17                                    -0.00, 1.00        -0.00, 1.00       -0.00      -0.002
mufakesrw2b16                                    +0.00, 1.00        +0.00, 1.00       +0.00      +0.001
mufakesrw1b18                                    -0.00, 1.00        -0.00, 1.00       -0.00      -0.003
mufakesrw1b17                                    -0.00, 0.99        -0.00, 0.99       -0.00      -0.008
mufakesrw1b16                                    +0.00, 1.00        +0.00, 1.00       +0.00      +0.000
muPref1718                                       -0.00, 1.00        -0.00, 1.00       +0.00      +0.009
muPref16                                         +0.00, 1.00        +0.00, 1.00       +0.00      +0.007
muISOSYS                                         +0.00, 1.00        +0.00, 1.00       -0.00      -0.008
muISOEND18                                       -0.00, 1.00        -0.00, 1.00       -0.00      -0.002
muISOEND17                                       -0.00, 1.00        -0.00, 1.00       -0.00      -0.001
muISOEND16                                       +0.00, 1.00        +0.00, 1.00       -0.00      -0.005
muISOBAR18                                       +0.00, 1.00        +0.00, 1.00       -0.00      -0.005
muISOBAR17                                       +0.00, 1.00        +0.00, 1.00       -0.00      -0.007
muISOBAR16                                       -0.01, 1.00        -0.01, 1.00       -0.00      -0.005
muIDEND18                                        -0.00, 1.00        -0.00, 1.00       -0.00      -0.008
muHLTEND18                                       -0.00, 1.00        -0.00, 1.00       -0.00      -0.002
muHLTEND17                                       +0.00, 1.00        +0.00, 1.00       -0.00      -0.005
muHLTEND16                                       +0.01, 1.00        +0.01, 1.00       -0.00      -0.004
muHLTBAR18                                       +0.00, 1.00        +0.00, 1.00       -0.00      -0.004
muHLTBAR17                                       +0.00, 1.00        +0.00, 1.00       -0.00      -0.005
muHLTBAR16                                       -0.00, 1.00        -0.00, 1.00       -0.00      -0.001
muFakes18                                        +0.00, 1.00        +0.00, 1.00       -0.00      -0.008
muFakes16                                        +0.00, 1.00        +0.00, 1.00       -0.00      -0.001
lumiGS                                           -0.00, 1.00        -0.00, 1.00       -0.00      -0.009
emucostrw4b1718                                  +0.02, 1.00        +0.02, 1.00       -0.00      -0.001
emucostrw4b16                                    -0.00, 1.00        -0.00, 1.00       +0.00      +0.003
emucostrw3b1718                                  +0.01, 0.99        +0.01, 0.99       -0.00      -0.011
emucostrw3b16                                    -0.00, 0.99        -0.00, 0.99       -0.00      -0.004
emucostrw2b1718                                  -0.01, 1.00        -0.01, 1.00       -0.00      -0.008
emucostrw2b16                                    +0.00, 0.99        +0.00, 0.99       -0.00      -0.004
alphaS1718                                       +0.00, 1.00        +0.00, 1.00       -0.00      -0.000
