diffNuisances run on fitDiagnostics_t1.root, at 2023-03-31 17:44:04.725253 with the following options ... {'absolute_values': False, 'show_all_parameters': True, 'format': 'text', 'stol2': 0.5, 'pullDef': '', 'vtol': 0.3, 'stol': 0.1, 'plotfile': 'plots_t1.root', 'skipFitB': False, 'sortBy': 'correlation', 'vtol2': 2.0, 'poi': 'yLQ2', 'skipFitS': False}

name                                              b-only fit            s+b fit         rho  approx impact
nlo_sys                                          +0.00, 1.00        +0.00, 0.92       -0.98      -0.204
pdf2                                             -0.00, 1.03        -0.00, 0.99       -0.04      -0.010
pdf34                                            -0.05, 1.00        -0.00, 0.99       +0.03      +0.008
pdf31                                            +0.17, 0.93        +0.00, 0.99       +0.03      +0.006
REFAC1718                                        +0.97, 0.81     * +0.00, 0.83*     *-0.03*      -0.006
REFAC16                                          +0.61, 0.82     * -0.00, 0.78*     *-0.03*      -0.005
prop_binY16_bin9                                 -0.12, 0.95        +0.00, 0.93       +0.02      +0.005
pdf60                                            -0.01, 1.03        -0.00, 0.99       +0.02      +0.005
pdf40                                            -0.06, 1.04        -0.00, 0.99       +0.02      +0.004
muRC18                                           +0.83, 0.84     * +0.00, 0.97*       -0.02      -0.004
emucostrw1b1718                                  -0.21, 0.67     * -0.00, 0.67*     *+0.02*      +0.002
dy_xsec                                          +1.19, 0.80     * -0.00, 0.83*     *+0.02*      +0.004
MCStatBin9                                       -0.38, 0.93     * -0.00, 0.93*       +0.02      +0.003
MCStatBin30                                      +0.03, 0.97        +0.00, 0.96       +0.02      +0.005
MCStatBin15                                      -0.60, 0.90     * -0.00, 0.90*       +0.02      +0.005
FAC1718                                          +0.35, 1.15     * -0.00, 0.91*       -0.02      -0.004
FAC16                                            +0.43, 0.87     * -0.00, 0.93*       -0.02      -0.004
top_xsec                                         -0.82, 0.91     * -0.00, 0.92*       +0.01      +0.003
prop_binY18_bin58                                +0.02, 1.02        +0.00, 1.00       -0.01      -0.002
prop_binY18_bin54                                +0.27, 0.99        +0.00, 0.99       -0.01      -0.002
prop_binY18_bin45                                +0.10, 0.99        +0.00, 0.99       -0.01      -0.002
prop_binY18_bin44                                +0.08, 1.02        +0.00, 1.00       -0.01      -0.002
prop_binY18_bin43                                +0.11, 1.01        +0.00, 1.00       -0.01      -0.002
prop_binY18_bin40                                +0.21, 0.98        +0.00, 0.99       -0.01      -0.002
prop_binY18_bin39                                -0.00, 0.99        +0.00, 0.99       -0.01      -0.001
prop_binY18_bin31                                +0.01, 0.99        +0.00, 0.99       -0.01      -0.002
prop_binY18_bin30                                +0.01, 1.02        +0.00, 0.99       -0.01      -0.001
prop_binY18_bin25                                +0.00, 0.99        +0.00, 0.99       -0.01      -0.001
prop_binY18_bin16                                -0.12, 0.97        +0.00, 0.97       +0.01      +0.001
prop_binY18_bin15                                -0.22, 0.96        +0.00, 0.95       +0.01      +0.001
prop_binY18_bin14                                -0.36, 0.96     * +0.00, 0.95*       +0.01      +0.002
prop_binY17_bin9                                 -0.10, 0.97        +0.00, 0.96       +0.01      +0.001
prop_binY17_bin6                                 -0.05, 0.97        +0.00, 0.97       +0.01      +0.001
prop_binY17_bin52                                +0.03, 1.00        +0.00, 1.00       +0.01      +0.001
prop_binY17_bin40                                +0.24, 0.96        +0.00, 0.97       -0.01      -0.001
prop_binY17_bin4                                 -0.04, 0.98        +0.00, 0.97       +0.01      +0.001
prop_binY17_bin34                                +0.02, 0.98        +0.00, 0.98       +0.01      +0.001
prop_binY17_bin26                                -0.00, 0.99        +0.00, 0.99       +0.01      +0.001
prop_binY17_bin16                                -0.10, 0.98        +0.00, 0.97       +0.01      +0.002
prop_binY17_bin15                                -0.18, 0.97        +0.00, 0.96       +0.01      +0.002
prop_binY17_bin1                                 -0.11, 0.97        +0.00, 0.96       +0.01      +0.001
prop_binY16_bin8                                 -0.22, 0.93        +0.00, 0.92       +0.01      +0.001
prop_binY16_bin54                                +0.21, 0.98        +0.00, 0.99       -0.01      -0.002
prop_binY16_bin48                                +0.28, 0.98        +0.00, 0.99       -0.01      -0.002
prop_binY16_bin4                                 -0.09, 0.96        +0.00, 0.95       +0.01      +0.001
prop_binY16_bin16                                -0.09, 0.96        +0.00, 0.95       +0.01      +0.001
prop_binY16_bin15                                -0.24, 0.95        +0.00, 0.93       +0.01      +0.002
prop_binY16_bin14                                -0.28, 0.94        +0.00, 0.92       +0.01      +0.002
prop_binY16_bin12                                -0.04, 0.96        +0.00, 0.95       +0.01      +0.001
prop_binY16_bin11                                -0.06, 0.95        +0.00, 0.95       +0.01      +0.001
prop_binY16_bin10                                -0.10, 0.95        +0.00, 0.94       +0.01      +0.002
prop_binY16_bin1                                 -0.11, 0.95        +0.00, 0.94       +0.01      +0.001
pdf8                                             -0.10, 1.00        -0.00, 1.00       +0.01      +0.003
pdf7                                             +0.05, 0.95        -0.00, 1.00       +0.01      +0.002
pdf6                                             +0.01, 0.99        -0.00, 1.00       +0.01      +0.002
pdf58                                            -0.11, 1.02        -0.00, 1.00       +0.01      +0.001
pdf57                                            -0.03, 1.00        -0.00, 1.00       +0.01      +0.002
pdf54                                            -0.03, 1.00        -0.00, 1.00       +0.01      +0.002
pdf50                                            +0.02, 1.02        +0.00, 1.00       -0.01      -0.002
pdf5                                             -0.01, 1.00        +0.00, 1.00       +0.01      +0.001
pdf49                                            -0.03, 1.03        -0.00, 1.00       +0.01      +0.002
pdf46                                            +0.00, 1.01        +0.00, 1.00       +0.01      +0.001
pdf44                                            -0.00, 1.01        -0.00, 1.00       +0.01      +0.002
pdf43                                            -0.09, 1.00        -0.00, 1.00       +0.01      +0.002
pdf4                                             -0.03, 0.99        -0.00, 1.00       +0.01      +0.002
pdf37                                            -0.01, 1.00        +0.00, 1.00       +0.01      +0.001
pdf36                                            +0.00, 1.00        -0.00, 1.00       +0.01      +0.002
pdf33                                            +0.11, 0.92        -0.00, 1.00       -0.01      -0.002
pdf32                                            -0.09, 1.00        -0.00, 1.00       +0.01      +0.002
pdf28                                            +0.04, 1.00        +0.00, 1.00       +0.01      +0.002
pdf27                                            +0.05, 1.00        -0.00, 1.00       +0.01      +0.001
pdf24                                            +0.01, 1.00        +0.00, 1.00       +0.01      +0.001
pdf21                                            -0.05, 1.00        -0.00, 1.00       +0.01      +0.002
pdf20                                            +0.13, 0.93        +0.00, 1.00       +0.01      +0.002
pdf16                                            +0.03, 0.99        +0.00, 1.00       -0.01      -0.001
pdf15                                            +0.11, 0.94        +0.00, 1.00       +0.01      +0.001
pdf14                                            +0.03, 1.00        +0.00, 1.00       +0.01      +0.001
pdf12                                            +0.01, 1.00        +0.00, 1.00       +0.01      +0.001
pdf10                                            -0.04, 1.00        -0.00, 1.00       +0.01      +0.002
pdf1                                             -0.08, 1.04        -0.00, 1.00       +0.01      +0.001
mufakesrw4b17                                    -0.00, 1.00        +0.00, 1.00       +0.01      +0.001
muRC17                                           +0.84, 0.82     * +0.00, 0.93*       -0.01      -0.001
muIDSYS                                          -0.00, 0.91        -0.00, 0.91       +0.01      +0.002
muHLTEND18                                       +0.04, 1.00        -0.00, 1.00       -0.01      -0.001
muHLTBAR18                                       +0.11, 0.99        +0.00, 1.00       -0.01      -0.002
lumiXY                                           +0.39, 0.89     * +0.00, 0.90*     *-0.01*      -0.002
emucostrw4b1718                                  -0.05, 1.00        +0.00, 1.00       +0.01      +0.002
emucostrw3b1718                                  -0.08, 0.99        +0.00, 0.99       +0.01      +0.002
emucostrw2b1718                                  -0.17, 0.99        +0.00, 0.98       +0.01      +0.001
emucostrw1b16                                    -0.12, 0.71     * -0.00, 0.71*     *+0.01*      +0.001
RENORM1718                                       +0.65, 0.99     * +0.00, 0.98*       -0.01      -0.003
RENORM16                                         +0.21, 0.71     * -0.00, 0.92*       -0.01      -0.001
MCStatBin55                                      +0.39, 0.98     * -0.00, 0.98*       -0.01      -0.002
MCStatBin49                                      +0.43, 0.99     * -0.00, 0.98*       -0.01      -0.002
MCStatBin44                                      +0.34, 0.99     * +0.00, 0.99*       -0.01      -0.003
MCStatBin43                                      +0.34, 0.99     * +0.00, 0.99*       -0.01      -0.001
MCStatBin42                                      +0.34, 0.99     * +0.00, 0.98*       -0.01      -0.002
MCStatBin4                                       -0.29, 0.92        +0.00, 0.92       +0.01      +0.002
MCStatBin37                                      +0.07, 0.97        +0.00, 0.97       +0.01      +0.002
MCStatBin36                                      +0.06, 0.97        -0.00, 0.96       +0.01      +0.001
MCStatBin35                                      +0.03, 0.96        -0.00, 0.96       +0.01      +0.002
MCStatBin31                                      +0.03, 0.98        +0.00, 0.97       +0.01      +0.001
MCStatBin3                                       -0.40, 0.90     * -0.00, 0.91*       +0.01      +0.003
MCStatBin23                                      +0.00, 0.98        +0.00, 0.97       +0.01      +0.001
MCStatBin22                                      -0.03, 0.98        -0.00, 0.98       +0.01      +0.002
MCStatBin21                                      +0.02, 0.99        -0.00, 0.98       +0.01      +0.002
MCStatBin2                                       -0.34, 0.92     * -0.00, 0.92*       +0.01      +0.002
MCStatBin17                                      -0.31, 0.92     * +0.00, 0.93*       +0.01      +0.002
MCStatBin16                                      -0.51, 0.90     * -0.00, 0.89*     *+0.01*      +0.002
MCStatBin11                                      -0.30, 0.91        -0.00, 0.91       +0.01      +0.003
MCStatBin10                                      -0.32, 0.90     * -0.00, 0.90*     *+0.01*      +0.003
MCStatBin1                                       -0.10, 0.97        -0.00, 0.97       +0.01      +0.001
prop_binY18_bin9                                 -0.13, 0.97        +0.00, 0.96       +0.00      +0.001
prop_binY18_bin8                                 -0.23, 0.96        +0.00, 0.96       +0.00      +0.001
prop_binY18_bin7                                 +0.01, 0.97        +0.00, 0.97       +0.00      +0.000
prop_binY18_bin6                                 -0.05, 0.97        +0.00, 0.97       +0.00      +0.001
prop_binY18_bin59                                +0.01, 1.00        +0.00, 1.00       +0.00      +0.000
prop_binY18_bin57                                +0.04, 1.00        +0.00, 1.00       +0.00      +0.000
prop_binY18_bin56                                +0.08, 1.02        +0.00, 1.00       -0.00      -0.001
prop_binY18_bin55                                +0.16, 0.99        +0.00, 1.00       -0.00      -0.000
prop_binY18_bin53                                +0.03, 1.00        +0.00, 0.99       +0.00      +0.000
prop_binY18_bin52                                +0.04, 1.00        +0.00, 1.00       -0.00      -0.000
prop_binY18_bin51                                +0.05, 1.00        +0.00, 1.00       -0.00      -0.000
prop_binY18_bin50                                +0.09, 1.00        +0.00, 1.00       -0.00      -0.000
prop_binY18_bin5                                 -0.08, 0.97        +0.00, 0.96       +0.00      +0.001
prop_binY18_bin49                                +0.15, 1.00        +0.00, 1.00       -0.00      -0.000
prop_binY18_bin48                                +0.32, 0.99     * +0.00, 0.99*       -0.00      -0.001
prop_binY18_bin47                                +0.08, 0.99        +0.00, 0.99       +0.00      +0.000
prop_binY18_bin46                                +0.07, 0.99        +0.00, 0.99       +0.00      +0.000
prop_binY18_bin42                                +0.20, 0.99        +0.00, 0.99       -0.00      -0.001
prop_binY18_bin41                                +0.19, 0.99        +0.00, 0.99       -0.00      -0.000
prop_binY18_bin4                                 -0.05, 0.98        +0.00, 0.97       +0.00      +0.001
prop_binY18_bin38                                +0.01, 0.99        +0.00, 0.99       +0.00      +0.000
prop_binY18_bin37                                +0.02, 0.99        +0.00, 0.99       +0.00      +0.000
prop_binY18_bin36                                +0.03, 0.99        +0.00, 0.99       +0.00      +0.001
prop_binY18_bin35                                +0.03, 0.99        +0.00, 0.99       +0.00      +0.001
prop_binY18_bin34                                +0.01, 0.98        +0.00, 0.98       -0.00      -0.001
prop_binY18_bin33                                +0.01, 0.99        +0.00, 0.99       +0.00      +0.001
prop_binY18_bin32                                +0.01, 1.01        +0.00, 0.99       -0.00      -0.001
prop_binY18_bin3                                 -0.05, 0.98        +0.00, 0.97       +0.00      +0.001
prop_binY18_bin29                                +0.02, 1.01        +0.00, 0.99       +0.00      +0.001
prop_binY18_bin28                                +0.02, 0.98        +0.00, 0.98       -0.00      -0.000
prop_binY18_bin27                                -0.00, 0.98        +0.00, 0.98       +0.00      +0.000
prop_binY18_bin26                                -0.01, 0.99        +0.00, 0.99       +0.00      +0.001
prop_binY18_bin24                                +0.00, 1.01        +0.00, 0.99       +0.00      +0.001
prop_binY18_bin23                                +0.01, 1.01        +0.00, 0.99       +0.00      +0.000
prop_binY18_bin22                                +0.01, 0.99        +0.00, 0.99       +0.00      +0.000
prop_binY18_bin21                                -0.01, 0.99        +0.00, 0.99       +0.00      +0.001
prop_binY18_bin20                                +0.02, 0.98        +0.00, 0.98       -0.00      -0.000
prop_binY18_bin2                                 -0.12, 0.97        +0.00, 0.96       +0.00      +0.001
prop_binY18_bin19                                +0.01, 0.98        +0.00, 0.97       +0.00      +0.000
prop_binY18_bin18                                +0.02, 0.98        +0.00, 0.97       +0.00      +0.001
prop_binY18_bin17                                -0.04, 0.98        +0.00, 0.97       +0.00      +0.001
prop_binY18_bin13                                -0.01, 0.97        +0.00, 0.97       +0.00      +0.001
prop_binY18_bin12                                -0.02, 0.97        +0.00, 0.97       -0.00      -0.001
prop_binY18_bin11                                -0.04, 0.98        +0.00, 0.97       +0.00      +0.000
prop_binY18_bin10                                -0.08, 0.97        +0.00, 0.97       -0.00      -0.000
prop_binY18_bin1                                 -0.12, 0.97        +0.00, 0.96       +0.00      +0.001
prop_binY18_bin0                                 -0.06, 0.97        +0.00, 0.96       -0.00      -0.000
prop_binY17_bin8                                 -0.22, 0.93        +0.00, 0.92       +0.00      +0.001
prop_binY17_bin7                                 -0.02, 0.94        +0.00, 0.94       -0.00      -0.000
prop_binY17_bin59                                +0.00, 1.00        +0.00, 1.00       +0.00      +0.001
prop_binY17_bin58                                +0.02, 0.99        +0.00, 1.00       -0.00      -0.000
prop_binY17_bin57                                +0.04, 1.00        +0.00, 1.00       -0.00      -0.000
prop_binY17_bin56                                +0.06, 1.00        +0.00, 1.00       +0.00      +0.001
prop_binY17_bin55                                +0.10, 1.00        +0.00, 1.00       +0.00      +0.000
prop_binY17_bin54                                +0.18, 0.99        +0.00, 0.99       +0.00      +0.000
prop_binY17_bin53                                +0.03, 0.99        +0.00, 0.99       -0.00      -0.000
prop_binY17_bin51                                +0.04, 1.00        +0.00, 1.00       +0.00      +0.001
prop_binY17_bin50                                +0.07, 1.00        +0.00, 1.00       +0.00      +0.001
prop_binY17_bin5                                 -0.05, 0.98        +0.00, 0.97       +0.00      +0.000
prop_binY17_bin49                                +0.11, 0.99        +0.00, 1.00       -0.00      -0.001
prop_binY17_bin48                                +0.24, 0.99        +0.00, 0.99       -0.00      -0.001
prop_binY17_bin47                                +0.11, 0.97        +0.00, 0.97       -0.00      -0.001
prop_binY17_bin46                                +0.06, 0.99        +0.00, 1.00       -0.00      -0.000
prop_binY17_bin45                                +0.05, 1.00        +0.00, 1.00       +0.00      +0.001
prop_binY17_bin44                                +0.06, 1.00        +0.00, 1.00       -0.00      -0.000
prop_binY17_bin43                                +0.07, 1.00        +0.00, 1.00       +0.00      +0.001
prop_binY17_bin42                                +0.10, 1.00        +0.00, 1.00       +0.00      +0.000
prop_binY17_bin41                                +0.15, 0.99        +0.00, 0.99       +0.00      +0.000
prop_binY17_bin39                                +0.01, 0.99        +0.00, 0.99       -0.00      -0.000
prop_binY17_bin38                                +0.00, 0.99        +0.00, 0.99       +0.00      +0.000
prop_binY17_bin37                                +0.01, 1.00        +0.00, 1.00       +0.00      +0.000
prop_binY17_bin36                                +0.02, 0.99        +0.00, 0.99       +0.00      +0.000
prop_binY17_bin35                                +0.03, 0.99        +0.00, 0.99       -0.00      -0.000
prop_binY17_bin33                                +0.01, 0.98        +0.00, 0.98       -0.00      -0.000
prop_binY17_bin32                                +0.01, 0.99        +0.00, 0.99       +0.00      +0.000
prop_binY17_bin31                                +0.01, 1.00        +0.00, 0.99       +0.00      +0.000
prop_binY17_bin30                                +0.02, 0.99        +0.00, 0.99       +0.00      +0.001
prop_binY17_bin3                                 -0.06, 0.98        +0.00, 0.97       +0.00      +0.000
prop_binY17_bin29                                +0.02, 0.99        +0.00, 0.99       +0.00      +0.001
prop_binY17_bin28                                +0.03, 0.97        +0.00, 0.97       +0.00      +0.001
prop_binY17_bin27                                +0.04, 0.96        +0.00, 0.96       +0.00      +0.001
prop_binY17_bin25                                -0.00, 0.99        +0.00, 0.99       +0.00      +0.001
prop_binY17_bin24                                +0.00, 0.99        +0.00, 0.99       -0.00      -0.000
prop_binY17_bin23                                +0.00, 0.99        +0.00, 0.99       -0.00      -0.000
prop_binY17_bin22                                +0.01, 0.99        +0.00, 0.99       -0.00      -0.000
prop_binY17_bin21                                -0.00, 0.98        +0.00, 0.98       +0.00      +0.001
prop_binY17_bin20                                +0.05, 0.96        +0.00, 0.96       -0.00      -0.000
prop_binY17_bin2                                 -0.11, 0.97        +0.00, 0.97       +0.00      +0.000
prop_binY17_bin19                                +0.05, 0.97        +0.00, 0.97       +0.00      +0.001
prop_binY17_bin18                                +0.00, 0.98        +0.00, 0.98       +0.00      +0.000
prop_binY17_bin17                                -0.03, 0.98        +0.00, 0.98       +0.00      +0.001
prop_binY17_bin14                                -0.27, 0.96        +0.00, 0.95       +0.00      +0.001
prop_binY17_bin13                                -0.00, 0.95        +0.00, 0.95       +0.00      +0.000
prop_binY17_bin12                                -0.02, 0.98        +0.00, 0.97       +0.00      +0.001
prop_binY17_bin11                                -0.02, 0.98        +0.00, 0.97       -0.00      -0.000
prop_binY17_bin10                                -0.05, 0.97        +0.00, 0.97       +0.00      +0.001
prop_binY17_bin0                                 -0.09, 0.93        +0.00, 0.93       +0.00      +0.001
prop_binY16_bin7                                 -0.02, 0.95        +0.00, 0.94       +0.00      +0.000
prop_binY16_bin6                                 -0.06, 0.95        +0.00, 0.95       -0.00      -0.000
prop_binY16_bin59                                +0.01, 0.97        +0.00, 0.98       +0.00      +0.001
prop_binY16_bin58                                +0.01, 1.00        +0.00, 1.00       +0.00      +0.000
prop_binY16_bin57                                +0.04, 1.00        +0.00, 1.00       -0.00      -0.000
prop_binY16_bin56                                +0.07, 0.99        +0.00, 1.00       +0.00      +0.000
prop_binY16_bin55                                +0.14, 0.99        +0.00, 0.99       -0.00      -0.001
prop_binY16_bin53                                +0.04, 0.97        +0.00, 0.97       +0.00      +0.001
prop_binY16_bin52                                +0.07, 0.98        +0.00, 0.98       +0.00      +0.001
prop_binY16_bin51                                +0.15, 0.94        +0.00, 0.95       +0.00      +0.000
prop_binY16_bin50                                +0.08, 0.99        +0.00, 1.00       +0.00      +0.000
prop_binY16_bin5                                 -0.06, 0.95        +0.00, 0.95       +0.00      +0.000
prop_binY16_bin49                                +0.12, 0.99        +0.00, 1.00       +0.00      +0.000
prop_binY16_bin47                                +0.06, 0.97        +0.00, 0.98       +0.00      +0.000
prop_binY16_bin46                                +0.06, 0.99        +0.00, 1.00       +0.00      +0.001
prop_binY16_bin45                                +0.05, 0.99        +0.00, 1.00       +0.00      +0.000
prop_binY16_bin44                                +0.07, 1.00        +0.00, 1.00       +0.00      +0.000
prop_binY16_bin43                                +0.10, 0.99        +0.00, 1.00       +0.00      +0.000
prop_binY16_bin42                                +0.10, 0.99        +0.00, 1.00       +0.00      +0.000
prop_binY16_bin41                                +0.18, 0.98        +0.00, 0.99       -0.00      -0.000
prop_binY16_bin40                                +0.24, 0.96        +0.00, 0.97       -0.00      -0.000
prop_binY16_bin39                                -0.00, 0.98        +0.00, 0.98       +0.00      +0.001
prop_binY16_bin38                                +0.01, 0.99        +0.00, 0.99       +0.00      +0.001
prop_binY16_bin37                                +0.01, 0.99        +0.00, 0.99       +0.00      +0.000
prop_binY16_bin36                                +0.01, 0.99        +0.00, 0.99       +0.00      +0.001
prop_binY16_bin35                                +0.02, 0.98        +0.00, 0.98       -0.00      -0.000
prop_binY16_bin34                                +0.04, 0.95        +0.00, 0.95       +0.00      +0.001
prop_binY16_bin33                                +0.00, 0.98        +0.00, 0.98       -0.00      -0.000
prop_binY16_bin32                                +0.00, 0.98        +0.00, 0.98       +0.00      +0.001
prop_binY16_bin31                                +0.01, 0.98        +0.00, 0.98       +0.00      +0.001
prop_binY16_bin30                                +0.01, 0.99        +0.00, 0.99       -0.00      -0.000
prop_binY16_bin3                                 -0.09, 0.95        +0.00, 0.95       +0.00      +0.001
prop_binY16_bin29                                +0.00, 0.99        +0.00, 0.99       +0.00      +0.001
prop_binY16_bin28                                +0.03, 0.96        +0.00, 0.96       +0.00      +0.001
prop_binY16_bin27                                -0.00, 0.95        +0.00, 0.95       +0.00      +0.000
prop_binY16_bin26                                -0.00, 0.97        +0.00, 0.97       +0.00      +0.001
prop_binY16_bin25                                -0.00, 0.98        +0.00, 0.98       -0.00      -0.000
prop_binY16_bin24                                +0.01, 0.99        +0.00, 0.99       +0.00      +0.000
prop_binY16_bin23                                +0.01, 0.99        +0.00, 0.98       +0.00      +0.001
prop_binY16_bin22                                +0.00, 0.98        +0.00, 0.98       +0.00      +0.001
prop_binY16_bin21                                +0.00, 0.97        +0.00, 0.97       +0.00      +0.001
prop_binY16_bin20                                +0.05, 0.94        +0.00, 0.94       +0.00      +0.000
prop_binY16_bin2                                 -0.12, 0.95        +0.00, 0.94       +0.00      +0.001
prop_binY16_bin19                                +0.05, 0.96        +0.00, 0.96       +0.00      +0.000
prop_binY16_bin18                                -0.00, 0.97        +0.00, 0.96       +0.00      +0.001
prop_binY16_bin17                                -0.01, 0.97        +0.00, 0.96       -0.00      -0.000
prop_binY16_bin13                                +0.03, 0.95        +0.00, 0.95       +0.00      +0.000
prop_binY16_bin0                                 -0.08, 0.94        +0.00, 0.94       +0.00      +0.001
pdf9                                             -0.07, 0.98        +0.00, 1.00       +0.00      +0.001
pdf59                                            +0.02, 0.99        -0.00, 1.00       +0.00      +0.001
pdf56                                            -0.02, 1.01        +0.00, 1.00       -0.00      -0.001
pdf55                                            +0.01, 1.01        -0.00, 1.00       +0.00      +0.000
pdf53                                            +0.10, 0.98        -0.00, 1.00       -0.00      -0.000
pdf52                                            -0.12, 1.00        -0.00, 1.00       +0.00      +0.001
pdf51                                            +0.05, 0.99        -0.00, 1.00       +0.00      +0.000
pdf48                                            -0.07, 1.00        -0.00, 1.00       +0.00      +0.001
pdf47                                            -0.09, 1.01        -0.00, 1.00       +0.00      +0.001
pdf45                                            -0.01, 1.00        +0.00, 1.00       +0.00      +0.001
pdf42                                            -0.03, 1.01        -0.00, 1.00       +0.00      +0.000
pdf41                                            -0.03, 1.03        +0.00, 1.00       -0.00      -0.000
pdf39                                            -0.03, 0.98        -0.00, 1.00       +0.00      +0.001
pdf38                                            +0.02, 1.00        -0.00, 1.00       +0.00      +0.001
pdf35                                            -0.09, 1.00        -0.00, 1.00       -0.00      -0.000
pdf30                                            -0.05, 0.97        -0.00, 1.00       +0.00      +0.001
pdf3                                             -0.06, 1.03        -0.00, 1.00       +0.00      +0.001
pdf29                                            -0.00, 1.00        -0.00, 1.00       +0.00      +0.001
pdf26                                            -0.09, 1.04        -0.00, 1.00       +0.00      +0.000
pdf25                                            -0.07, 1.03        -0.00, 1.00       +0.00      +0.001
pdf23                                            -0.03, 1.00        +0.00, 1.00       -0.00      -0.000
pdf22                                            +0.08, 0.96        +0.00, 1.00       +0.00      +0.000
pdf19                                            +0.14, 1.02        +0.00, 1.00       -0.00      -0.001
pdf18                                            +0.03, 0.98        -0.00, 1.00       +0.00      +0.000
pdf17                                            +0.04, 0.97        +0.00, 1.00       +0.00      +0.001
pdf13                                            -0.10, 1.01        -0.00, 1.00       +0.00      +0.001
pdf11                                            +0.08, 1.01        +0.00, 1.00       -0.00      -0.000
mufakesrw4b18                                    +0.03, 1.00        +0.00, 1.00       -0.00      -0.000
mufakesrw4b16                                    +0.00, 1.00        -0.00, 1.00       +0.00      +0.000
mufakesrw3b18                                    +0.01, 1.00        +0.00, 1.00       +0.00      +0.000
mufakesrw3b17                                    +0.01, 1.00        +0.00, 0.99       +0.00      +0.000
mufakesrw3b16                                    +0.01, 1.00        -0.00, 1.00       -0.00      -0.000
mufakesrw2b18                                    +0.05, 1.00        -0.00, 1.00       +0.00      +0.000
mufakesrw2b17                                    +0.03, 1.00        -0.00, 1.00       +0.00      +0.001
mufakesrw2b16                                    -0.00, 0.99        -0.00, 1.00       +0.00      +0.001
mufakesrw1b18                                    -0.03, 1.00        +0.00, 1.00       +0.00      +0.000
mufakesrw1b17                                    +0.02, 0.98        -0.00, 0.99       -0.00      -0.000
mufakesrw1b16                                    -0.00, 1.00        -0.00, 1.00       -0.00      -0.000
muRC16                                           +0.80, 0.70     * -0.00, 0.96*       -0.00      -0.000
muPref1718                                       -0.02, 1.00        -0.00, 1.00       +0.00      +0.001
muPref16                                         -0.01, 1.00        +0.00, 1.00       -0.00      -0.000
muISOSYS                                         -0.03, 1.00        -0.00, 1.00       +0.00      +0.000
muISOEND18                                       -0.02, 1.00        -0.00, 1.00       +0.00      +0.000
muISOEND17                                       -0.01, 1.00        -0.00, 1.00       +0.00      +0.000
muISOEND16                                       +0.00, 1.00        -0.00, 1.00       +0.00      +0.001
muISOBAR18                                       +0.03, 1.00        +0.00, 1.00       +0.00      +0.000
muISOBAR17                                       +0.03, 1.00        +0.00, 1.00       +0.00      +0.001
muISOBAR16                                       +0.02, 1.00        -0.00, 1.00       +0.00      +0.000
muIDEND18                                        -0.01, 1.00        +0.00, 1.00       -0.00      -0.001
muIDEND17                                        +0.01, 0.98        +0.00, 0.98       +0.00      +0.000
muIDEND16                                        +0.00, 0.92        -0.00, 0.92       +0.00      +0.000
muIDBAR18                                        +0.08, 0.99        +0.00, 0.99       -0.00      -0.001
muIDBAR17                                        +0.18, 0.94        +0.00, 0.94       -0.00      -0.001
muIDBAR16                                        +0.09, 0.94        -0.00, 0.94       +0.00      +0.000
muHLTEND17                                       +0.01, 1.00        +0.00, 1.00       +0.00      +0.000
muHLTEND16                                       +0.03, 0.99        -0.00, 0.99       -0.00      -0.000
muHLTBAR17                                       +0.03, 1.00        +0.00, 1.00       -0.00      -0.000
muHLTBAR16                                       +0.04, 0.99        -0.00, 1.00       -0.00      -0.000
muFakes18                                        +0.06, 1.01        +0.00, 0.99       +0.00      +0.000
muFakes17                                        +0.05, 0.98        -0.00, 0.97       +0.00      +0.000
muFakes16                                        +0.01, 1.00        -0.00, 1.00       +0.00      +0.000
lumiLS                                           +0.06, 1.00        +0.00, 1.00       +0.00      +0.000
lumiGS                                           +0.03, 1.00        -0.00, 1.00       +0.00      +0.000
lumiDB                                           +0.06, 0.99        -0.00, 0.99       +0.00      +0.000
lumiBC                                           +0.06, 1.00        +0.00, 1.00       +0.00      +0.000
lumi18                                           +0.19, 0.90        +0.00, 0.90       -0.00      -0.000
lumi17                                           +0.23, 0.83     * +0.00, 0.84*     *-0.00*      -0.001
lumi16                                           +0.08, 0.92        -0.00, 0.93       +0.00      +0.000
gam_xsec                                         +0.09, 1.00        -0.00, 1.00       +0.00      +0.001
emucostrw4b16                                    -0.03, 1.00        -0.00, 1.00       -0.00      -0.000
emucostrw3b16                                    -0.07, 0.99        -0.00, 0.99       -0.00      -0.000
emucostrw2b16                                    -0.09, 0.98        -0.00, 0.97       +0.00      +0.001
db_xsec                                          +0.13, 1.00        -0.00, 0.99       -0.00      -0.000
alphaS1718                                       +0.00, 1.00        -0.00, 1.00       +0.00      +0.000
alphaS16                                         -0.01, 0.93        +0.00, 0.99       +0.00      +0.000
Pu                                               +0.16, 0.96        +0.00, 0.94       +0.00      +0.000
MCStatBin57                                      +0.26, 1.00        +0.00, 0.98       +0.00      +0.001
MCStatBin56                                      +0.34, 1.01     * +0.00, 0.98*       -0.00      -0.001
MCStatBin51                                      +0.27, 0.99        +0.00, 0.99       -0.00      -0.000
MCStatBin50                                      +0.34, 0.99     * +0.00, 0.98*       -0.00      -0.000
MCStatBin41                                      +0.23, 0.99        -0.00, 0.99       -0.00      -0.001
MCStatBin29                                      +0.03, 0.98        -0.00, 0.97       +0.00      +0.001
MCStatBin24                                      +0.01, 0.98        +0.00, 0.98       +0.00      +0.000
