0.457336 1.456948
0.117244 0.519187
-0.109687 -0.466519
-0.093658 -0.761670
-0.131899 -0.823844
-0.315075 -1.265129
0.098685 0.385151
0.317781 0.952110
0.168322 0.380752
0.475797 1.265947
-0.711625 -2.246276
0.500704 1.343719
0.043126 0.225719
0.137326 0.344076
0.093833 0.401284
-0.125628 -0.535027
-0.367607 -0.551713
0.471924 1.002249
-0.154155 -1.015438
-0.666867 -3.059458
-0.315847 -0.846995
0.009223 0.074766
-0.714862 -1.282331
-0.323425 -0.446346
0.678756 1.681165
0.072438 0.319623
0.542690 1.443510
-0.168343 -0.623314
-0.116107 -0.707708
0.059353 0.160709
0.016484 0.159427
0.793999 1.267710
-0.537348 -1.546332
0.072500 0.461396
-0.028379 -0.070527
0.213927 0.991349
0.017029 0.062756
-0.124850 -0.260596
0.142006 0.347249
0.143804 0.630432
0.141471 0.850249
0.391951 1.541242
-0.409414 -1.105774
0.320884 1.291384
0.330044 1.156498
-0.885600 -1.844422
-0.015424 -0.114287
0.103375 0.486791
-0.067715 -0.116667
-0.393160 -0.628435
