-0.031686 -0.223591
0.161436 0.636792
-0.074214 -1.106095
-0.154502 -1.473911
-0.084612 -0.526476
0.044550 0.684597
-0.017770 -0.237902
-0.000410 -0.009591
-0.062755 -0.786533
0.073920 0.385606
-0.086139 -1.649587
-0.094020 -1.464574
0.018611 0.179011
-0.019203 -0.138140
-0.052545 -0.442094
-0.068061 -0.783997
0.105771 0.426027
-0.032238 -0.453170
0.097322 0.724995
-0.075599 -0.786495
0.013303 0.256865
0.085945 0.346557
-0.048392 -0.568421
0.104404 0.640479
-0.135341 -1.624021
-0.074706 -0.754350
-0.166630 -1.638613
0.776120 2.215856
-0.047142 -0.532072
-0.103817 -0.770531
-0.034825 -0.423478
-0.338263 -1.443838
1.300780 2.632983
0.001544 0.055362
-0.061772 -0.786053
0.208575 0.423363
0.105338 0.590138
-0.106251 -1.062362
-0.071049 -0.600255
-0.086023 -1.093399
0.033174 0.424976
-0.135254 -1.104842
-0.012886 -0.125896
-0.253253 -1.670991
-0.108855 -1.400326
0.023751 0.196270
-0.117118 -0.700862
0.029308 0.212436
-0.082891 -1.261609
-0.025760 -0.687821
