0.445277 1.393703
-0.081453 -1.023014
-0.016755 -0.214419
0.062052 0.521716
0.099287 0.657664
-0.168357 -5.256184
-0.023654 -0.304700
-0.077972 -1.658255
-0.027003 -0.345829
0.081381 0.559370
-0.031859 -0.490643
-0.064003 -1.087693
-0.020857 -0.243116
0.010679 0.090658
0.068075 0.538130
-0.037933 -0.473607
0.102409 0.644417
-0.043810 -0.643707
-0.032564 -0.408413
-0.003550 -0.037101
-0.108692 -4.409725
0.130938 0.805249
-0.043853 -0.574375
-0.059627 -0.674931
0.006336 0.071654
0.055894 0.478322
0.054955 0.505182
0.013625 0.111156
-0.066690 -0.897718
0.094937 0.676864
0.005605 0.060455
0.399732 1.446462
0.192727 0.920814
-0.128536 -5.318224
-0.040337 -0.550144
0.345562 1.313423
0.021459 0.198118
0.046010 0.408694
0.024763 0.215714
0.059865 0.535695
-0.008394 -0.100288
0.066089 0.518042
0.065409 0.557289
0.077076 0.570335
-0.043909 -0.597453
-0.029128 -0.313307
0.172012 0.940018
0.043163 0.362169
-0.014215 -0.182216
-0.089944 -2.245059
