-0.160011 -1.477675
-0.099043 -0.568258
-0.029961 -0.166072
-0.212881 -4.317388
-0.163034 -1.945238
0.125426 0.677152
0.132603 0.478862
-0.103165 -0.486662
-0.148131 -0.705920
0.266182 0.635230
0.334211 1.486152
-0.293688 -1.955219
-0.103465 -0.775232
0.012769 0.053451
-0.032601 -0.133999
-0.010848 -0.067628
0.195427 0.768539
0.226603 0.576233
-0.093850 -0.696057
-0.268954 -4.758290
0.170502 0.994327
-0.116016 -1.098226
0.546897 1.289242
0.233316 0.707611
-0.180578 -1.035429
-0.147963 -1.146953
-0.345515 -2.314020
-0.111880 -1.034555
-0.132898 -1.648670
0.630072 2.037567
0.055847 0.488122
1.134996 2.004291
-0.127449 -0.870218
-0.110418 -0.765708
0.075465 0.197512
0.214143 0.247747
0.044703 -0.244140
-0.042308 0.772652
0.247428 -0.578043
-0.090232 -4.116673
-0.257225 -3.013314
-0.259102 -1.110728
-0.123263 1.869964
0.453209 -1.283117
-0.169848 0.650587
0.163825 7.604283
0.145742 -3.219894
-0.264534 0.598472
0.153334 0.658390
