-0.582479 -3.043496
-0.239837 -2.033587
-0.342147 -5.060264
-0.404542 -3.748310
-0.492230 -2.906033
-0.209311 -3.502429
-0.320453 -4.254822
-0.295844 -6.833442
-0.291367 -3.749334
-0.475842 -6.201480
-0.359504 -4.672471
-0.436136 -3.936785
-0.382439 -3.291153
-0.485468 -3.498221
-0.500411 -4.056461
-0.365983 -2.674359
-0.500400 -4.320075
-0.304416 -2.092711
-0.197775 -3.727575
-0.486518 -6.035394
-0.287245 -2.889715
-0.555758 -3.927455
-0.329672 -1.647938
-0.226101 -4.672214
-0.377355 -3.740762
-0.477862 -4.045623
-0.452843 -0.836287
-0.157755 -3.802381
-0.346691 -2.684346
-0.361670 -4.016317
-0.462129 -2.632546
-0.679631 -1.656301
-0.376038 -9.449619
-0.288416 -3.868941
-0.301435 -1.684796
-0.387457 -2.902267
-0.327154 -3.049261
-0.299094 -1.942217
-0.247171 -4.321407
-0.369023 -4.601988
-0.383863 -3.451526
-0.528434 -3.775521
-0.448400 -3.289085
-0.649260 -4.465284
-0.427937 -2.946630
-0.310995 -2.584733
-0.440891 -3.306292
-0.428002 -4.990997
-0.364184 -7.653651
