-0.267639 -2.021400
0.130048 0.766439
0.070486 0.627999
-0.037884 -0.913226
-0.005572 -0.101249
0.242162 1.337041
0.013402 0.119652
-0.082840 -0.642631
0.046594 0.219586
-0.072814 -0.454468
-0.060273 -0.658096
-0.164966 -1.129702
-0.112514 -1.575726
-0.154710 -1.096536
-0.122976 -1.317479
-0.030271 -0.492296
0.092629 0.473434
0.184525 0.648431
-0.013669 -0.328005
-0.117313 -1.907540
0.125553 0.749795
-0.038016 -0.769541
1.104203 1.820736
0.032152 0.125316
-0.127516 -0.961303
-0.121037 -1.382170
-0.168719 -1.162378
0.006545 0.107326
-0.010397 -0.221847
-0.031783 -0.224368
-0.064423 -1.802060
-0.213107 -0.771516
0.058595 0.415522
0.014130 0.191629
0.077527 0.484670
-0.026607 -0.293176
0.120650 0.764650
0.060815 0.465050
-0.066833 -0.457213
-0.114866 -1.289468
-0.139256 -2.082938
-0.164086 -1.861866
-0.041714 -0.839625
-0.065075 -0.705469
-0.097557 -0.866239
0.509919 1.699528
-0.018530 -0.345837
-0.112050 -1.381586
0.354517 1.067817
0.183893 0.646143
