0.908686 1.520434
-0.897798 -1.486274
0.061160 0.233659
-0.012007 -0.027190
0.423153 0.697471
-0.794957 -3.230860
-0.047467 -0.145571
-0.109501 -0.588197
0.137709 0.433478
0.270566 0.447125
0.050958 0.253071
0.094273 -0.989420
-0.529404 0.453419
0.234803 0.151641
0.073837 -0.428568
-0.257432 -0.152430
-0.187770 0.053609
0.015767 -1.269834
-0.627006 0.434903
0.168894 -0.729016
-0.484524 0.626383
0.422772 -2.117368
-0.983969 -1.318321
-0.623721 0.172387
0.050041 1.032158
0.431117 1.057449
0.407383 -0.897793
-0.630000 0.745629
0.273286 1.094290
0.592479 0.427682
0.143081 1.612580
1.439548 -0.716791
-0.745313 -1.757958
-0.262877 -0.122483
-0.041721 0.782292
0.673553 0.329546
0.153697 0.315139
0.124335 0.098085
0.049782 -0.490050
-0.195051 -0.677015
-0.330675 0.586997
0.276511 -0.044128
-0.019080 1.409547
0.786456 0.028595
0.008592 -1.104880
-0.569211 1.255033
0.833843 -0.780385
-0.548532 0.671634
0.186255 -1.188245
