1.550469 1.475654
0.862490 1.007300
0.426505 0.628364
0.825191 1.087734
2.055291 1.471171
-0.096442 -0.227946
0.511977 0.815686
-0.028667 -0.070828
0.687474 0.861586
1.906474 1.607553
-0.024855 -0.053811
0.223414 0.385140
0.916582 1.026313
1.466118 1.443873
1.337390 1.239245
0.763244 0.932354
2.153622 1.595256
0.517484 0.822323
0.631126 0.823681
1.179117 1.294343
0.100214 2.631631
2.613805 1.796996
0.691977 0.876139
1.082016 1.250538
0.543124 0.740847
1.232507 1.346263
1.164880 1.107204
1.712213 1.551186
0.895969 1.137789
1.697720 1.522947
0.761744 1.037470
3.328449 2.101994
2.958890 1.743108
-0.395538 -1.404010
0.581297 0.778165
3.333202 1.935080
1.286157 1.357148
1.086119 1.266865
1.353733 1.390490
0.728274 1.017552
0.489873 0.792284
1.281970 1.215207
1.154079 1.288044
1.908021 1.622094
0.496301 0.707669
1.039453 1.231981
2.326017 1.545794
1.582121 1.489144
0.427507 0.626143
-0.035256 -0.087870
