0.259982 0.925233
0.041376 0.275291
-0.060226 -0.618124
0.014687 0.108360
0.166174 0.788995
-0.155536 -2.988151
0.003249 0.026034
-0.092686 -1.239252
-0.021254 -0.184198
0.097455 0.546175
-0.095473 -1.242300
-0.098674 -1.283630
-0.029112 -0.245376
0.119753 0.642209
0.050859 0.331371
0.004811 0.037058
0.172416 0.781225
-0.034035 -0.315347
-0.094442 0.241133
0.034739 -1.479978
-0.107502 1.126349
0.307816 -0.343996
-0.038097 -0.545374
-0.060075 -0.355034
-0.038712 0.263695
0.038085 0.226899
0.031700 -0.197803
-0.026693 -0.234384
-0.027522 0.706303
0.128567 -1.323654
-0.109039 1.469871
0.529363 0.991579
0.261211 -4.872765
-0.181733 -0.298525
-0.033186 1.561662
0.622585 -0.010983
-0.001479 0.545746
0.092793 -0.496106
-0.056893 0.094915
0.012112 -0.554450
-0.055329 0.603446
0.108119 0.440868
0.070099 0.729486
0.144149 -0.407626
-0.042809 -0.331933
-0.039475 0.998910
0.247793 0.688986
0.130626 0.166995
0.022290 -3.540814
