-0.084337 -0.624508
0.063529 0.302858
-0.083293 -0.609979
0.025009 0.141448
0.285609 0.910401
-0.187087 -2.154771
-0.102686 -0.824024
-0.168407 -1.763908
-0.046870 -0.304908
0.211868 0.752394
-0.164062 -1.707527
-0.090120 -0.726093
-0.070620 -0.507588
0.211117 0.754669
0.092901 0.420273
-0.066904 -0.481136
0.346143 1.085033
-0.068535 -0.481011
-0.058740 -0.389428
0.007658 0.042371
-0.137974 -1.267035
0.345088 1.005005
-0.003408 -0.019515
0.044992 0.224944
-0.149229 -1.390610
0.145432 0.588637
0.042566 0.215935
0.267591 0.878169
-0.019873 -0.117662
0.209242 0.746910
-0.120386 -0.983997
0.551473 1.251643
0.539802 1.327811
-0.246779 -4.616630
-0.108426 -0.859129
0.627327 1.406469
0.104836 0.456635
0.075644 0.353644
-0.056460 -0.361560
0.027178 0.144281
-0.090598 -0.730080
0.124621 0.523399
0.103159 0.452546
0.101076 0.444479
-0.075774 -0.539766
0.034921 0.178848
0.297011 0.924896
0.199538 0.731133
-0.062721 -0.427034
-0.186275 -2.330105
