-0.784314 -7.374425
-0.784174 -6.625743
-0.703082 -4.758584
-0.637536 -3.549957
-0.441382 -1.605107
-0.854517 -11.588400
-0.708915 -4.825016
-0.842033 -10.649830
-0.720075 -5.165336
-0.423402 -1.491431
-0.798332 -8.017109
-0.792737 -7.615043
-0.654381 -3.809426
-0.552244 -2.642523
-0.413110 -1.440541
-0.772324 -6.639258
-0.344151 -1.075539
-0.723095 -5.326678
-0.713819 -4.974664
-0.632482 -3.488650
-0.810806 -8.695903
-0.505100 -2.046155
-0.656132 -3.861582
-0.645472 -3.638639
-0.730380 -5.453509
-0.581874 -2.825732
-0.605679 -3.124002
-0.536630 -2.345245
-0.634545 -3.608782
-0.451198 -1.663488
-0.739863 -5.626551
-0.040980 -0.088009
-0.287077 -0.865408
-0.888256 -15.932811
-0.734723 -5.485500
0.008598 0.017530
-0.574519 -2.738666
-0.588867 -2.896049
-0.658131 -3.825222
-0.717785 -5.413371
-0.725274 -5.319629
-0.574981 -2.740453
-0.491755 -1.964327
-0.470630 -1.804653
-0.736275 -5.657763
-0.649289 -3.715476
-0.504602 -2.019232
-0.524341 -2.244039
-0.686726 -4.817060
-0.823507 -9.384114
