0.454560 1.576648
-0.018089 -0.038436
-0.008705 -0.037169
0.027483 0.184270
0.017102 0.106891
-0.170597 -0.534055
-0.232603 -0.807307
0.411773 1.246013
-0.501059 -0.705940
0.422753 1.133985
0.003898 0.008740
0.674474 1.823994
0.069005 0.298253
-0.998194 -2.095546
-0.124057 -0.399838
0.077881 0.390920
-0.682129 -1.215115
0.346880 0.653624
-0.088251 -0.636500
-0.512060 -2.228314
-0.187757 -0.730461
0.164550 1.359039
-0.643884 -0.886966
-0.408109 -0.675161
0.717726 1.982001
-0.587000 -1.890830
0.488276 1.384716
-0.184899 -0.702057
-0.285189 -1.773765
0.277890 0.802151
0.112727 1.129043
0.567445 0.828781
-0.368479 -1.065877
0.115640 0.640156
-0.252885 -0.263549
-0.594592 -2.155048
-0.204785 -0.475376
-0.264572 -0.961612
-0.232843 -0.231463
0.051950 0.160922
0.266076 1.638053
0.483562 2.055757
-0.042295 -0.085380
0.511607 1.970512
-0.851875 -2.249003
-0.391875 -0.913159
0.161572 1.188193
0.168082 0.739952
-0.297144 -0.642524
-0.400762 -0.653029
