-0.171454 -1.280581
-0.079607 -0.822697
0.083996 1.413228
-0.029016 -0.377820
0.172559 1.303930
-0.034495 -0.884632
0.015175 0.291292
-0.007041 -0.237550
0.012789 0.231534
-0.120998 -0.847868
0.062875 1.565451
-0.023820 -0.534028
-0.097805 -1.042104
-0.018333 -0.194705
0.008201 0.096019
0.024483 0.377940
-0.096373 -0.630120
0.052666 0.993917
-0.034792 -0.528650
0.009732 0.145240
-0.006258 -0.172778
-0.078438 -0.543139
0.015735 0.265064
-0.192377 -1.300220
0.005650 0.119010
0.016236 0.230531
0.060711 0.956776
-0.149619 -1.086317
0.045373 0.668427
-0.048286 -0.468219
-0.068742 -0.915574
0.097382 0.583280
-0.266381 -1.104343
-0.018248 -0.792049
-0.011260 -0.198620
0.137749 0.775324
-0.015108 -0.183067
0.067539 0.917560
-0.211530 -1.116253
0.011589 0.211562
-0.004480 -0.088204
-0.008370 -0.092699
0.031878 0.461906
0.090067 0.923653
-0.009769 -0.184570
-0.073014 -0.782736
0.012647 0.091784
-0.019871 -0.222982
0.078280 1.418945
0.014691 0.524078
