-0.388102 -1.000842
-0.044171 -0.100870
-0.093162 -0.382643
-0.014460 -0.095218
0.010148 0.069791
-0.171394 -0.543270
-0.287843 -0.789842
0.412225 1.262458
-0.472497 -0.743077
0.436379 1.178408
-0.161775 -0.367448
0.618131 1.683993
0.080553 0.387411
0.395554 1.134885
-0.048418 -0.143093
-0.084762 -0.243294
-0.158982 -0.214604
0.515563 1.108560
-0.262107 -1.257308
0.071608 0.437028
-0.234883 -0.961798
0.081099 0.632607
-0.461341 -0.864325
-0.441689 -0.617099
0.637205 1.777062
0.185536 0.803069
0.496040 1.410738
-0.319502 -1.522384
-0.345236 -2.150049
0.151310 0.387644
0.069443 0.684461
0.659032 1.011430
-0.277943 -0.749941
0.101641 0.593054
-0.217899 -0.361142
0.066768 0.240594
-0.281780 -0.759927
-0.308985 -1.067650
0.085378 0.153341
0.082381 0.309892
-0.559732 -2.403716
0.453972 1.906383
-0.289330 -1.046752
0.348607 1.476474
0.257992 0.911494
-0.420735 -1.014345
0.120941 0.891979
0.062237 0.235118
-0.311860 -0.773418
-0.379936 -0.483840
