-0.299673 -0.313620
-0.245003 -0.580920
0.456260 1.704174
-0.014287 -0.019826
-0.957915 -1.156298
-0.157747 -0.497936
-0.151182 -0.399229
-0.375004 -1.678818
0.057002 0.102536
-0.426046 -0.354390
0.393675 1.988267
0.324168 1.313570
0.031656 0.038326
-0.661379 -0.797154
0.576213 1.269484
-0.202431 -0.272194
-0.348321 -0.514448
0.269170 0.857897
-0.130347 -0.233626
0.432270 1.085472
-0.181580 -0.448322
0.745988 1.077679
-0.455920 -0.749314
-0.255001 -0.688619
-0.513416 -1.470946
0.508661 1.235430
0.193446 0.402026
-0.328579 -0.564798
0.196838 0.437973
0.943248 1.782610
-0.098111 -0.177165
-1.237191 -1.201306
-0.278796 -0.295791
-0.058111 -0.399681
-0.091264 -0.079947
-0.425773 -0.218530
-0.195918 -0.254977
0.552145 1.415506
0.394022 0.731222
0.499590 1.622759
0.051781 0.121585
-0.982142 -1.785847
-0.733658 -1.603465
0.493261 0.920275
-0.172486 -0.149136
-0.221354 -0.498973
-1.350915 -1.842462
0.051957 0.055115
-0.624747 -1.985533
0.304992 1.766286
