0.268420 0.935998
-0.562261 -0.774049
0.457928 1.533337
0.254262 0.619266
0.754430 1.304398
-0.302554 -1.123932
-0.303754 -0.926873
0.002989 0.014567
-0.142543 -0.263350
-0.539582 -0.491279
0.189223 1.004973
0.179567 0.742842
0.274234 0.720670
0.259825 0.448437
0.275468 0.555553
-0.716631 -1.331171
-0.477513 -0.563034
-0.033704 -0.078836
-0.341954 -1.020221
0.312454 0.770102
-0.341042 -0.835259
0.496211 0.662037
0.159695 0.415601
-0.420152 -1.147005
0.218979 0.779804
0.600659 1.430173
0.472925 1.355795
-0.111755 -0.050723
-0.002614 -0.005316
0.820060 1.532233
-0.277420 -0.422070
1.062143 -0.485040
-0.453350 -0.825011
-0.160506 0.264619
0.099087 -1.182442
-1.324864 -0.432897
-0.338938 1.563105
0.654427 -1.040757
-0.785761 1.275654
0.406308 0.001043
0.000366 0.407592
0.229001 -0.876459
-0.626237 0.686073
0.363502 -0.614208
-0.369710 -0.832396
-0.380859 1.261292
0.804197 -0.025854
-0.018711 0.097112
0.031776 -2.963806
