0.008058 0.152662
-0.125276 -1.277520
0.049585 0.835676
0.043042 0.559344
0.099660 0.820920
-0.024320 -0.757186
0.056021 0.847641
-0.024035 -0.803351
0.009053 0.159298
-0.012030 -0.108804
0.038876 0.851633
0.075926 1.150402
-0.036386 -0.510462
0.089774 0.861422
-0.002306 -0.027553
-0.035745 -0.552738
-0.039445 -0.303302
0.018925 0.351553
-0.056273 -0.879462
0.011460 0.171023
-0.047388 -1.354552
0.049646 0.399846
-0.019724 -0.335118
-0.230085 -1.567988
-0.003280 -0.065415
0.013646 0.184454
0.061535 0.824886
0.020580 0.193026
-0.045258 -0.691470
-0.129950 -1.077868
-0.045717 -0.781386
0.248867 1.280949
0.020445 0.128551
-0.048374 -2.286175
0.019549 0.338329
0.058157 0.333866
0.000493 0.005895
-0.006702 -0.097744
-0.062680 -0.704997
0.035000 0.577139
-0.047839 -0.947603
0.048454 0.527704
0.043909 0.558493
0.155640 1.285176
0.017228 0.302554
-0.118957 -1.218473
0.054022 0.181808
0.028158 0.323781
0.024488 0.469390
-0.042740 -1.590557
