-1.737378 -5.378992
-1.568643 -6.158554
-1.431213 -7.461538
-1.633453 -5.859314
-2.113079 -4.360063
-1.268088 -10.561273
-1.521938 -6.590148
-1.337616 -9.119815
-1.524613 -6.730429
-2.030847 -4.520348
-1.328578 -9.101565
-1.349305 -8.807274
-1.725477 -5.456112
-1.944838 -4.719734
-1.806876 -5.128724
-1.490671 -6.852124
-2.077560 -4.413953
-1.495817 -6.839928
-1.545708 -6.154229
-1.686026 -117.871812
-1.320821 -9.326030
-2.108443 -4.349626
-1.599832 -6.029071
-1.816504 -5.093159
-1.546210 -6.566298
-1.764998 -5.374028
-1.746264 -5.458888
-1.865578 -4.903097
-1.630058 -5.831262
-1.928085 -4.769911
-1.561406 -6.594087
-2.603720 -3.743251
-2.291577 -4.100250
-1.188235 -14.180719
-1.502550 -6.783612
-2.520632 -3.818742
-1.768052 -5.322856
-1.733614 -5.391506
-1.757419 -5.395884
-1.544254 -6.610834
-1.424573 -7.494617
-1.854398 -5.247532
-1.850530 -5.122393
-2.040701 -4.610858
-1.507652 -6.744781
-1.684133 -5.540661
-1.973793 -4.608061
-1.749030 -5.318662
-1.496393 -6.795211
-1.298521 -9.994839
