0.048557 0.134540
-1.197724 -10.498703
-1.213234 -10.801271
-1.082562 -20.930452
-1.116016 -17.182113
-1.044498 -10.365331
-1.274298 -8.654508
-1.350966 -7.071200
-1.556671 -5.728714
-1.453639 -6.292755
-1.303407 -8.474019
-1.638502 -5.622694
-1.269171 -9.742238
-1.297540 -7.179640
-1.123699 -10.901388
-1.080732 -16.180859
-1.317073 -7.075596
-1.450798 -5.643838
-1.095258 -20.486114
-1.158595 -13.320555
-1.187919 -10.158872
-1.144106 -15.131183
-1.481090 -5.181457
-1.516912 -5.049761
-1.493529 -6.183482
-1.310915 -8.555427
-1.488244 -6.287511
-1.021568 -18.718120
-1.093253 -20.090824
-1.391264 -6.967746
-1.097482 -166.507444
-1.672921 -4.528792
-1.170411 -11.556644
-1.131086 -14.527083
-1.308106 -7.842115
-1.224706 -9.875866
-1.181519 -10.149741
-1.382829 -7.598366
-1.315090 -7.137845
-1.198950 -10.255535
-1.207307 -11.450722
-1.371498 -8.012624
-1.148030 -14.589348
-1.299678 -8.626252
-1.333644 -7.872926
-1.238705 -7.395512
-1.080119 -19.003800
-1.192349 -10.938446
-1.442241 -6.317623
-1.206210 -8.692395
