-0.058586 -0.484981
0.072734 0.337916
-0.079288 -0.775512
-0.130555 -2.704132
-0.126462 -2.305809
0.149787 0.743425
0.119245 0.513737
0.161036 0.433735
0.176659 0.492901
-0.000787 -0.003642
0.060988 0.269481
-0.245893 -1.706205
-0.156293 -2.197675
-0.000811 -0.004359
-0.042985 -0.303380
0.032077 0.237385
0.292429 0.690872
0.581147 1.285870
-0.052849 -0.654980
-0.182880 -3.229112
0.221988 1.151046
-0.050912 -0.595117
0.747675 1.352719
0.358656 0.723825
-0.237892 -1.747163
-0.151672 -1.691106
-0.207367 -1.451775
-0.088841 -1.155050
-0.099678 -1.694881
0.212942 0.485443
-0.106873 -1.911255
1.106731 2.144357
0.375855 1.843562
-0.101478 -1.346743
0.338943 1.265633
-0.111259 -1.023925
0.119016 0.580741
0.323517 1.386101
0.161785 0.579154
-0.083274 -0.702265
-0.161134 -2.550374
-0.182103 -2.230234
-0.035566 -0.326325
-0.125847 -1.206640
-0.091234 -0.656327
0.341622 0.999799
-0.037296 -0.333722
-0.163540 -1.992011
0.201215 0.738690
0.506347 13.176776
