-0.324672 -2.022199
-0.004180 -0.018536
-0.027067 -0.140397
-0.231120 -2.027050
-0.150552 -1.208195
-0.203855 -0.789310
0.026282 0.104263
0.510774 1.235691
0.235940 0.604023
0.378517 0.961175
0.097784 0.392031
0.582596 1.343093
-0.226465 -1.070260
0.194856 0.547364
-0.065949 -0.282317
-0.206554 -1.250732
-0.221471 -0.469633
0.676334 1.324956
-0.209204 -2.157199
-0.032165 -0.192373
-0.443323 -1.080629
-0.137288 -1.080169
-0.832995 -1.050619
-0.437884 -0.521166
0.414751 1.102705
0.065426 0.277656
0.581777 1.354038
-0.626508 -2.891140
-0.217549 -1.947738
0.360542 1.004800
-0.120918 -1.027384
0.762293 1.172878
-0.046520 -0.225831
-0.129739 -0.797814
0.156714 0.525212
-0.019759 -0.094602
-0.254596 -0.855483
0.004958 0.021386
0.325463 0.862354
0.144420 0.573381
-0.001800 -0.009978
-1.232371 -3.533337
-0.158311 -1.145385
0.112725 0.459971
0.132614 0.463957
-0.031675 -0.083292
-0.078526 -0.527576
0.059284 0.260984
0.546531 1.249582
0.009577 0.030004
