-0.053470 -0.938090
-0.137178 -1.424521
-0.012737 -0.176252
-0.053905 -1.251280
0.004134 0.087834
0.071909 0.581960
0.027108 0.245837
-0.098688 -0.751526
-0.042630 -0.248299
0.149948 0.711273
-0.005239 -0.054456
-0.098594 -0.690225
0.009409 0.125563
-0.147001 -1.059062
-0.106019 -1.124656
0.057448 0.793078
0.234960 0.943666
-0.144525 -0.791138
-0.013641 -0.386880
-0.064286 -1.098458
0.160671 0.982206
-0.006047 -0.127304
0.198177 0.665913
0.202326 0.687329
-0.215832 -1.481067
-0.124270 -1.349030
-0.190356 -1.281466
0.025526 0.457511
-0.019393 -0.512614
-0.010820 -0.078963
-0.007212 -0.201448
-0.023000 -0.074395
0.023075 0.249997
0.037579 0.539162
0.063410 0.458506
-0.062604 -0.746250
0.206683 1.161564
0.019717 0.203349
-0.061979 -0.410650
0.057817 0.505362
-0.126518 -1.722216
-0.125788 -1.441147
-0.008675 -0.177875
-0.124787 -1.313719
-0.191599 -1.542634
0.989347 2.664525
-0.028583 -0.596673
-0.077845 -0.953216
0.147465 0.698084
0.071285 0.441392
