0.058736 0.982745
-0.079607 -0.822698
0.084178 1.428959
-0.029042 -0.378120
0.172560 1.303933
-0.034494 -0.884675
0.015174 0.291286
-0.007041 -0.237548
0.012789 0.231534
-0.120998 -0.847865
0.062882 1.565277
-0.023825 -0.534131
-0.097858 -1.041668
-0.018334 -0.194707
0.008201 0.096022
0.024483 0.377938
-0.096373 -0.630120
0.052696 0.999182
-0.034809 -0.528897
0.009732 0.145241
-0.006260 -0.172821
-0.078393 -0.543087
0.015705 0.264539
-0.192377 -1.294488
0.005654 0.119088
0.016236 0.230532
0.060708 0.956776
-0.149599 -1.086413
0.045373 0.668424
-0.048286 -0.468219
-0.068742 -0.915573
0.097397 0.583445
-0.266381 -1.104342
-0.018248 -0.792050
-0.011260 -0.198620
0.137964 0.772782
-0.015108 -0.183066
0.067539 0.917572
-0.211506 -1.116552
0.011594 0.211654
-0.004480 -0.088205
-0.008381 -0.092849
0.031878 0.461907
0.090195 0.930659
-0.009769 -0.184570
-0.073015 -0.782737
0.012602 0.091438
-0.019871 -0.222985
0.078280 1.418948
0.014593 0.519236
