0.748736 1.294199
-0.244999 -0.580914
0.456259 1.704323
-0.014289 -0.019828
-0.957926 -1.156279
-0.157746 -0.497931
-0.151182 -0.399228
-0.375002 -1.678800
0.057004 0.102540
-0.426026 -0.354356
0.393686 1.988287
0.324264 1.314072
0.036855 0.046022
-0.659833 -0.790281
-0.892272 -1.432343
-0.202430 -0.272192
-0.348263 -0.514367
0.269158 0.857199
-0.130346 -0.233624
0.432290 1.085500
-0.181580 -0.448321
0.745987 1.077680
-0.455931 -0.749392
-0.254998 -0.688613
-0.515724 -1.482510
0.508664 1.235431
0.196162 0.411025
-0.328579 -0.564798
0.196595 0.436950
0.943218 1.782510
-0.098110 -0.177163
-1.235275 -1.197604
-0.278849 -0.295843
-0.058111 -0.399680
-0.091256 -0.079946
-0.426444 -0.218927
-0.195918 -0.254976
0.552156 1.415543
0.393505 0.729917
0.499568 1.622771
0.051792 0.121623
-0.982239 -1.788785
-0.733655 -1.603458
0.493261 0.920278
-0.172455 -0.149087
-0.221352 -0.498963
-1.349356 -1.839517
0.051973 0.055129
-0.624640 -1.985547
0.304992 1.766280
