-0.558453 -1.213434
-0.444496 -1.463769
-0.530622 -2.457029
0.468498 1.729717
-0.943267 -2.216546
-0.211578 -1.593195
-0.408191 -1.761494
-0.381666 -2.427919
-0.551488 -2.159968
-0.843777 -1.995504
-0.464090 -2.535150
0.376830 2.030182
-0.671027 -2.203669
0.510469 1.514419
-0.885118 -2.349527
-0.588306 -2.132311
-0.830538 -1.603085
-0.423210 -1.877497
-0.327761 -1.480774
0.387929 1.541594
-0.335450 -2.213114
0.808474 1.740060
-0.525095 -2.018419
-0.327553 -1.279399
-0.618978 -2.467978
0.564727 1.860400
-0.692309 -2.379791
-0.763235 -1.824081
-0.477936 -1.699582
-1.105695 -2.459358
-0.393790 -1.377044
-1.080615 -1.898102
-0.960554 -1.594046
-0.157558 -1.490232
0.395452 1.784827
0.786795 1.428342
-0.665142 -1.991671
-0.799120 -2.493197
-0.855171 -2.388681
0.332571 1.553539
-0.492075 -2.115657
-0.995999 -2.503048
-0.657506 -2.256973
-1.081711 -3.718511
-0.502714 -2.172988
-0.404547 -1.341829
0.695325 1.599932
-0.629119 -1.693910
-0.498683 -2.394076
-0.377730 -2.477883
