-0.064932 -0.258742
-0.733132 -1.019315
0.224525 0.828621
-0.061694 -0.108237
0.920123 1.494141
-0.430254 -1.015913
-0.342490 -0.598195
0.026136 0.144390
0.256389 0.820066
0.651099 1.161724
0.321664 1.233022
0.258702 14.996605
0.281870 0.760320
0.340892 0.668967
0.646095 1.388138
0.130946 0.367095
0.655361 1.001595
-0.856616 -2.245824
-0.220974 -0.299908
0.257056 0.645002
-0.779109 -2.978589
0.512022 0.761682
0.020766 0.050767
-0.382102 -0.481372
0.046566 0.145455
0.673406 1.509701
0.550102 1.409120
0.227765 0.358958
0.502796 1.325044
0.914467 1.610156
0.319798 0.936344
1.605570 1.803942
-1.276940 -0.980891
-0.078756 -0.605906
-0.491759 -1.275061
0.748227 0.852496
0.116342 0.217336
0.344092 0.890245
0.325371 0.685808
0.218510 0.709430
0.207392 0.729359
0.752937 1.528205
0.367851 0.955116
0.872060 1.568507
0.149374 0.507040
-0.412219 -0.502550
1.267679 1.773616
0.229580 0.458808
0.407245 1.297020
0.072949 0.417415
