0.334871 0.953970
-0.181103 -1.030440
0.021168 0.139573
-0.263913 -3.618748
-0.228932 -1.720900
-0.037337 -0.283024
0.153143 0.645392
-0.172381 -0.751713
0.214476 0.387399
0.227813 0.548467
0.006020 0.027407
-0.343768 -2.197559
-0.175859 -1.021481
-0.059723 -0.226776
-0.159266 -0.786603
-0.133709 -0.962441
0.094961 0.401931
0.242635 0.702667
-0.232160 -1.954864
-0.336073 -5.081299
-0.003964 -0.022583
-0.163089 -1.223016
0.441409 1.311404
0.244975 0.719378
-0.144138 -0.517458
-0.264235 -2.073606
-0.166301 -0.512964
-0.244168 -2.416600
-0.220369 -1.099558
0.173748 0.565081
-0.274406 -3.620724
0.767063 1.205847
0.073449 0.207118
-0.302179 -3.986504
0.066236 0.285272
0.140360 0.636715
0.024159 0.142282
-0.002225 -0.009096
0.103018 0.342989
-0.135221 -0.707913
-0.303073 -3.693615
-0.346397 -3.898352
-0.182220 -1.063145
0.367722 1.494199
-0.140760 -0.513316
0.096665 0.380937
0.002210 -3.940574
-0.357244 -0.228456
-0.059897 0.098763
