-0.300579 -0.359688
-0.344752 -0.600946
0.464794 1.662748
-0.010065 -0.012194
-0.986047 -1.171616
-0.196500 -0.628549
-0.174795 -0.457662
0.087028 1.317743
0.021052 0.038262
-0.455441 -0.381712
0.323912 1.709022
0.280416 1.135231
-0.137392 -0.159917
0.580613 1.146248
0.526444 1.156303
0.366465 0.991040
-0.379779 -0.664433
0.220889 0.697194
-0.168095 -0.305246
0.248185 0.503457
-0.221817 -0.552309
0.190259 0.169454
-0.234955 -0.458693
-0.293305 -0.795131
-0.554550 -1.591796
0.453753 1.108790
0.158351 0.333977
-0.312080 -0.410414
-0.080903 -0.136533
0.942691 1.755777
-0.142962 -0.261522
-1.411308 -1.442071
-0.319656 -0.337909
-0.095815 -0.666472
0.018239 0.029347
-0.586097 -0.305704
-0.234901 -0.227765
0.511785 1.312068
0.350243 0.646414
0.531720 1.688385
0.267573 0.887397
0.373647 0.688196
-0.545661 -0.881965
0.557404 1.112885
-0.204119 -0.191681
-0.259866 -0.587957
1.181633 1.823943
0.219895 0.352736
0.290902 1.113465
0.301505 1.669632
