-0.222702 -6.159712
-0.367391 -3.446562
-0.158889 -2.622482
-0.131242 -1.564374
-0.055764 -0.412382
-0.274006 -7.928081
-0.210908 -3.780102
-0.220440 -6.872360
-0.240115 -4.340969
-0.244099 -2.132031
-0.159725 -3.196088
-0.156908 -2.684982
-0.260654 -3.721539
-0.162411 -1.693897
-0.090801 -0.876505
-0.157553 -2.155980
-0.247524 -1.861244
-0.194414 -3.669095
-0.300106 -4.736763
-0.159080 -2.083518
-0.231616 -6.644330
-0.186931 -1.477703
-0.254487 -4.214759
-0.417045 -3.187287
-0.230581 -4.753596
-0.113834 -1.267678
-0.128379 -1.653433
-0.333241 -2.756481
-0.186354 -2.712681
-0.170954 -1.713370
-0.218388 -3.810771
0.079006 0.391752
-0.315043 -1.857560
-0.234571 -10.844791
-0.236818 -4.425635
-0.102687 -0.577673
-0.257223 -3.019499
-0.156533 -2.058819
-0.399746 -3.053853
-0.118470 -1.585932
-0.229880 -4.460896
-0.161767 -1.820928
-0.092392 -0.972421
-0.069042 -0.589088
-0.192581 -3.487856
-0.250971 -3.111820
-0.159617 -1.262170
-0.135927 -1.426154
-0.179536 -3.405373
-0.213173 -7.114285
