0.107292 0.091942
-6.000000 -22.333512
-0.224958 -0.242761
0.092254 0.198707
0.588665 0.834679
-0.485840 -0.856565
-0.201079 -0.246443
-0.476898 -0.946803
-0.141172 -0.364243
0.436305 0.259393
-0.511046 -1.114358
-6.000000 -20.136265
0.054601 0.053974
0.340818 0.563421
0.186555 0.148321
0.073520 0.050737
0.647250 0.395483
-0.235560 -0.308931
-0.038513 -0.038864
-0.005971 -0.086608
-0.380557 -0.601594
0.876722 1.042632
-0.071036 -0.179973
0.184979 0.135192
-0.248432 -0.773067
0.270775 0.093886
-0.104592 -0.108775
0.525742 0.293498
0.057418 0.044330
0.351321 0.251322
-0.167968 -0.203640
1.350632 0.532509
1.090831 0.400066
-0.631433 -1.446562
-0.046421 -0.054989
1.629111 0.548790
0.275875 0.198470
0.125662 0.098102
0.157967 0.141417
-0.061704 -0.146631
-0.268642 -0.856805
0.155315 0.154697
0.080611 0.066257
0.137486 0.100616
-0.126959 -0.158181
0.222162 0.185136
0.708277 0.368027
0.263204 0.201220
-0.209777 -0.136605
-0.545551 -0.912843
