0.085647 0.188675
0.552823 0.727307
0.075496 0.141554
0.549786 0.848231
1.318316 1.160639
-0.302651 -1.028170
0.293169 0.448171
-0.213861 -0.648738
0.260497 0.412917
1.419510 1.183619
-0.259534 -0.695576
0.001392 0.002765
0.572009 0.725004
0.911732 1.141073
0.789885 1.074888
0.243553 0.405827
1.469807 1.228515
0.091242 0.168784
0.275956 0.438872
0.592437 0.725192
-0.202731 -0.510859
1.845396 1.297766
0.297722 0.548326
0.694261 0.833211
0.290057 0.439536
0.801307 0.877583
0.637814 0.752487
-3.178548 -3.668418
0.451102 0.737442
0.958100 1.002567
0.410356 0.578919
2.209245 1.439238
1.905033 1.608087
-0.506052 -2.086496
0.296662 0.457563
2.269047 1.469569
0.790217 0.898747
0.613516 0.751333
0.818798 0.911268
0.359422 0.512483
0.098779 0.181500
0.820940 0.908455
0.621639 0.926307
1.342888 1.131753
0.172467 0.294314
-2.749995 -3.937037
1.420031 1.421229
0.653386 0.827619
0.209569 0.334261
-0.242145 -0.622140
