-0.016177 -0.094088
-0.018086 -0.038432
-0.008705 -0.037167
0.027324 0.182875
0.017108 0.106939
-0.170597 -0.534050
-0.232614 -0.807327
0.412069 1.255727
-0.501166 -0.706231
0.422808 1.134167
0.003900 0.008746
0.674492 1.823955
0.068980 0.298120
-0.998203 -2.082907
-0.124057 -0.399836
0.077893 0.391023
-0.682150 -1.215262
0.346874 0.653622
-0.088254 -0.636419
-0.512064 -2.246585
-0.187749 -0.730436
0.164618 1.359444
-0.642951 -0.884448
-0.408114 -0.675159
0.717465 1.945653
-0.586399 -1.885465
0.488271 1.384717
-0.185031 -0.703829
-0.285226 -1.777986
0.277880 0.802126
0.112809 1.128819
0.567362 0.828708
-0.368482 -1.065883
0.115721 0.640481
-0.252885 -0.263539
-0.594141 -2.151808
-0.204775 -0.475276
-0.264573 -0.961613
-0.232920 -0.231502
0.051932 0.160852
0.265994 1.638315
0.483740 2.056774
-0.042303 -0.085374
0.511583 1.970499
-0.849769 -2.246846
-0.391878 -0.913157
0.161570 1.188143
0.168142 0.740299
-0.297145 -0.642523
-0.398948 -0.648175
