0.059576 0.287957
-1.074801 -3.126198
-0.842000 -3.529126
0.029091 0.100319
0.428638 1.084425
-0.594461 -3.885618
-0.883325 -3.411160
-0.746144 -3.842434
0.163157 0.739925
0.551695 1.281926
0.105664 0.607207
-0.977249 -3.413011
0.231951 0.850440
0.304482 0.850607
0.359925 1.074157
-0.917386 -3.076438
0.610726 1.338939
-0.020649 -0.103185
-0.812634 -3.292105
0.197538 0.742539
-0.705077 -3.849936
0.755843 1.540610
-1.019567 -3.285353
-0.819724 -2.357809
-0.964297 -3.510832
0.330672 1.064435
0.294243 1.078250
0.291257 0.784068
-1.114226 -3.327695
0.471564 1.233255
-1.082860 -3.255467
0.792906 1.437326
-1.503510 -2.552428
-0.534404 -4.547908
-0.891600 -3.293791
0.263049 0.408056
-1.052471 -2.951538
0.164305 0.610974
-1.147862 -3.056373
0.111634 0.512279
-0.034857 -0.169540
0.518542 1.417818
0.226260 0.853468
-1.396435 -3.040888
0.156144 0.733950
-0.931048 -2.859629
0.534970 1.234937
0.352982 1.073232
-0.949958 -3.432271
-0.072850 -0.654315
