-2.292492 -0.737722
-4.585293 -0.044751
-0.168770 -3.198424
-4.999999 -0.434666
-1.537636 -0.511349
-1.692543 -0.340295
-5.000000 1.362653
-0.934923 -0.260131
4.863318 -0.165392
2.885029 0.955253
-1.612929 1.599738
-0.989622 -0.222172
5.000000 -0.541516
3.733785 -0.533233
1.673658 -0.698876
-0.770190 3.489054
-4.352698 -0.434395
-1.636244 5.754427
-1.004012 -0.235995
5.000000 1.603052
-0.862211 0.282558
-5.000000 -0.505222
5.000000 -0.531128
-0.957750 -2.390280
3.767532 -0.429603
1.613690 0.152561
-2.563678 2.211691
-3.548415 -0.511600
5.000000 1.801329
-2.984298 -0.172312
-1.061181 1.993052
0.888889 1.981719
4.999999 0.239890
-1.053866 0.298444
4.999971 -0.365197
-0.453701 -0.396188
2.898792 -2.035463
4.999996 -0.322511
1.373997 -0.577698
1.612488 1.749946
-1.645344 -0.028236
