-0.144797 -0.305176
0.468468 0.691223
-0.079113 -0.193476
-0.896124 -1.032563
-0.638386 -1.966157
0.270825 0.329069
-0.576370 -0.558582
-1.336994 -1.322524
-0.049076 -0.059134
0.561400 1.136717
-0.586935 -1.036892
-0.894146 -1.290402
0.109980 0.079858
-0.463622 -1.097948
-0.579326 -1.417374
0.227990 0.229158
0.730096 0.739841
-0.629360 -1.007979
-0.183494 -0.155429
-0.756070 -1.417557
-0.039764 -0.055133
0.721071 0.638891
-0.323757 -0.580840
3.004908 1.211884
-1.392269 -1.329709
1.017534 1.245700
-0.198014 -0.361681
0.427253 0.726753
-1.062867 -1.389738
-0.316059 -0.588120
0.618926 1.144162
-1.695541 -1.687999
0.748017 0.777857
1.110836 1.439096
-0.041032 -0.128263
0.538976 0.520181
0.060506 0.112616
-0.535223 -0.258822
-0.003977 -0.005250
-2.180159 -1.751007
0.030343 0.035175
-0.548551 -0.884059
-0.215407 -0.441907
-0.094146 -0.140078
-0.411240 -0.433163
2.266834 1.574371
-0.026009 -0.019603
0.822868 1.107744
-0.103736 -0.253910
-0.791292 -0.791303
