-0.290454 -0.717892
-0.711413 -0.722029
-0.079076 -0.130140
0.661906 1.205995
-0.358186 -0.628020
-0.509807 -1.144842
0.202465 0.356926
-0.174989 -0.478035
0.875037 1.286714
0.339435 0.643387
-1.255248 -0.875854
-1.587148 -1.402844
2.199368 1.257444
0.106065 0.205856
-0.527976 -0.955380
-0.543538 -1.109273
-1.210037 -1.637388
-0.429573 -1.401119
0.938364 1.555733
0.007480 0.016561
0.216668 0.350700
1.789778 1.970342
0.319706 0.640560
-0.137941 -0.280698
0.364290 1.123874
-0.345032 -0.400544
0.273701 0.412467
0.167357 0.933124
-0.035074 -0.069546
0.129396 0.329039
1.141681 1.943322
-0.719407 -1.666122
0.752123 0.915459
-0.047060 -0.116821
0.029555 0.093277
1.367529 1.292506
0.125271 0.481793
-0.008875 -0.023342
-0.092802 -0.116941
-0.162179 -0.569578
0.237883 0.832026
-0.752200 -0.570589
0.205981 0.702083
0.197570 0.337697
-1.434516 -1.837008
0.178881 0.722527
-0.499325 -1.636415
