4.256597 1.445101
-4.803179 -0.110112
-0.415363 1.510468
4.423025 -0.791415
-1.863933 -0.583785
-1.927023 0.849595
3.153317 -0.617943
-1.385592 1.248401
4.550437 -0.286909
2.684420 1.081911
1.028561 1.528363
-1.668048 -0.280377
4.750000 -0.568088
3.532726 -0.581577
1.424181 -0.731667
-0.974701 3.473471
-4.602016 -0.532977
-1.874997 -0.549897
-1.211125 5.443036
4.750000 -0.304027
-1.133124 0.239615
-4.179689 -0.490987
4.749999 -0.568675
-1.235328 1.306593
-5.250000 0.177576
1.354810 -0.136779
-3.004403 0.106224
-3.279875 1.546426
4.749999 -0.627786
0.707258 1.830734
-0.448543 -0.151995
0.615293 1.784276
4.150509 2.995839
-1.304851 0.099944
4.749994 0.233455
-0.410283 -0.419231
2.604208 -0.507407
4.750000 -0.537646
0.442659 -0.459467
1.574001 1.176966
-1.876515 -0.542602
-0.990296 1.604398
-3.214665 -0.166301
