-1.211267 -0.511497
-1.859048 -1.199423
-0.175045 -0.171542
1.019394 1.223314
-2.049486 -1.045458
2.695043 1.963984
-2.725029 -0.905267
0.702807 0.490767
-2.192111 -0.816826
-0.610986 -0.291025
0.998297 0.170146
0.557519 0.116748
-0.067922 -0.038869
-2.762597 -0.622914
-0.359440 -0.223216
0.608716 0.123978
2.103663 1.944481
-1.261293 -0.917861
-1.425087 -0.570465
-2.003874 -0.809580
0.661754 0.941889
-0.239617 -0.147037
0.835505 0.148308
1.998715 2.102334
-2.708103 -0.626195
-0.224567 -0.092178
-1.186296 -1.108907
-0.243064 -0.134509
1.585530 1.960435
1.745387 0.415846
