-1.672754 -1.081076
0.008296 0.004399
1.213278 1.459999
-1.854134 -0.957094
2.608432 1.878823
-2.187660 -0.874974
0.855596 0.576789
1.103125 0.918348
-0.425949 -0.202686
1.221194 0.202361
0.652458 0.207312
-0.728748 -0.373251
-2.670485 -0.553087
0.023284 0.010429
0.826780 0.167337
-3.030212 -1.013600
2.159356 0.951758
2.280793 2.110908
-1.370274 -0.923517
-1.211996 -0.474645
-1.842139 -0.738894
-1.915332 -1.932502
2.024968 0.642960
-2.469456 -0.609949
-1.166555 -0.634354
2.013230 2.155565
1.857124 1.484850
-0.045285 -0.018506
-1.044720 -1.071996
0.683961 0.133741
1.770992 2.190420
