3.658486 1.360165
-1.610254 -1.040683
0.070796 0.037540
3.012271 1.554000
1.274252 1.530142
-1.792204 -0.923494
0.593135 2.080055
0.738543 -0.895902
2.862018 2.126878
-2.170124 0.623892
1.209672 0.903009
3.224640 -1.153630
1.668356 -0.569556
0.921984 -0.172946
1.112733 0.243669
-2.896854 0.229471
-1.826587 -0.371104
-0.363449 -0.534300
1.610865 -0.712806
0.717889 0.034889
-0.723650 0.187127
1.835967 -2.326294
-2.701554 0.985437
-2.740566 2.200307
-5.000000 -0.877695
0.077495 2.227696
0.922877 -0.455074
-3.605696 -0.710679
2.227570 -1.848066
2.387634 0.658146
-1.308298 -0.613768
4.902982 0.940477
-1.160264 -0.599766
-1.798359 1.616845
-1.847659 -0.658657
2.084983 1.766979
-2.559219 2.227914
4.125599 1.536096
-1.102899 0.003538
4.735027 -1.006267
-1.902907 0.149406
2.366438 2.234777
