0.542363 0.608637
0.279199 0.426315
-0.381025 -0.935523
-1.391492 -1.693269
-0.675889 -2.204648
0.820567 0.952061
-0.113395 -0.084128
0.127610 0.106094
-0.247165 -0.285730
-0.048397 -0.078502
-0.988384 -1.759966
-0.616042 -0.738400
-0.435876 -0.257959
-0.785445 -1.859473
-0.425734 -0.911003
-0.770790 -0.784762
1.754358 1.172454
-0.227746 -0.273149
1.032323 0.904050
-1.220810 -2.274574
-0.182243 -0.253864
0.912498 0.766912
-0.220663 -0.303313
2.432832 0.957393
-2.061026 -1.957463
0.898771 1.139753
-0.584541 -1.156310
0.025865 0.043367
-0.921414 -1.138212
-0.409778 -0.688285
0.183625 0.370237
-1.456305 -1.377150
1.279790 1.082338
1.497892 1.591853
-0.260267 -0.800280
2.090145 1.225240
0.252243 0.452370
-0.185095 -0.075862
-0.005066 -0.005444
-1.255300 -0.878077
0.483826 0.534475
0.154936 0.228310
-0.397229 -0.755792
-0.048775 -0.055914
-0.123699 -0.104662
1.487098 1.553089
-0.142259 -0.099734
0.519590 0.707354
-0.414667 -1.081451
-0.033587 -0.024142
