2.540350 -0.110112
-4.803179 1.510468
-0.415363 -0.791415
4.423025 -0.583785
-1.863933 0.849595
-1.927023 -0.617943
3.153317 1.248401
-1.385592 -0.286909
4.550437 1.081911
2.684420 1.528363
1.028561 -0.280377
-1.668048 -0.568088
4.750000 -0.581577
3.532726 -0.731667
1.424181 3.473471
-0.974701 -0.532977
-4.602016 -0.549897
-1.874997 5.443036
-1.211125 -0.304027
4.750000 0.239615
-1.133124 -0.490987
-4.179689 -0.568675
4.749999 1.306593
-1.235328 0.177576
-5.250000 -0.136779
1.354810 0.106224
-3.004403 1.546426
-3.279875 -0.627786
4.749999 1.830734
0.707258 -0.151995
-0.448543 1.784276
0.615293 2.995839
4.150509 0.099944
-1.304851 0.233455
4.749994 -0.419231
-0.410283 -0.507407
2.604208 -0.537646
4.750000 -0.459467
0.442659 1.176966
1.574001 -0.542602
-1.876515 1.604398
-0.990296 -0.166301
