-1.324270 -0.532022
-4.647793 -0.061324
-0.231270 1.496318
4.467869 -0.452333
-1.600136 -0.526982
-1.739523 -0.367324
-5.062500 1.335385
-1.007428 -0.274344
4.787888 -0.175344
2.807366 1.104280
-1.674263 1.572960
-1.047684 -0.240534
4.937500 -0.549486
3.671285 -0.553756
1.611158 -0.618586
-0.834038 3.552886
-4.412472 -0.440499
-1.695856 -0.525021
-1.024961 5.682496
4.937500 -0.256162
-0.939693 1.572609
-3.994234 0.270962
4.937500 -0.517539
-1.040684 -0.536166
3.701135 1.376696
1.563510 -2.429207
-2.626178 -0.454905
-3.092375 0.139817
4.937465 2.175298
-3.038756 -0.538155
-1.123681 1.781787
0.811943 -0.197882
4.937500 1.884070
-1.116561 3.070164
4.937499 0.228978
-0.521266 0.253871
2.760966 -0.378326
4.937500 -0.429028
1.311497 -2.052442
1.549339 -0.344143
-1.703238 -0.598673
-0.816499 1.731643
-3.940314 -0.062429
