0.107398 0.222007
-1.967354 -1.683480
-0.355370 -0.606343
0.617467 1.133619
-0.192280 -0.318552
-0.536098 -1.213767
0.346061 0.652776
-0.115540 -0.275704
0.302740 0.438701
0.658359 1.268118
0.577793 0.430062
-1.892927 -1.727162
0.136426 0.290400
-0.022471 -0.034624
-0.169809 -0.294312
-0.716432 -1.454158
-0.921664 -1.454481
-0.502464 -1.603955
0.809460 1.365091
-0.155430 -0.351053
0.927897 1.542689
1.152975 1.340360
0.155156 0.333007
0.475057 1.068624
0.175772 0.578097
-0.068310 -0.078424
-0.314052 -0.460531
1.164056 1.537592
-0.086421 -0.364825
-0.844511 -1.754420
0.323522 0.893903
0.593600 1.076436
-0.566841 -1.485631
0.077081 0.085242
-0.243161 -0.598024
0.401084 1.261304
1.941973 1.747250
0.079465 0.311896
0.055655 0.157135
0.429597 0.584122
0.036896 0.135541
0.125526 0.454544
0.048623 0.031534
0.126408 0.459231
-1.054124 -1.462161
0.106664 0.201002
-1.006747 -1.563030
0.290802 1.073737
-0.396546 -1.466578
