-0.296701 -0.529144
-1.137041 -1.105283
-0.405178 -0.725079
0.261165 0.446473
-0.364766 -0.639153
-0.330854 -0.771751
0.261801 0.483582
-0.397579 -1.073070
0.581042 0.844494
0.154345 0.285291
-0.410916 -0.287985
2.031961 1.219502
-0.080180 -0.155624
-0.183226 -0.283318
-0.490915 -0.904856
-0.341452 -0.737928
-1.481758 -1.891165
-0.233144 -0.770696
0.942768 1.581172
-0.187376 -0.452191
-0.273435 -0.450559
1.186142 1.407792
-0.365192 -0.711868
0.874529 1.775779
0.298385 0.934181
-0.720419 -0.825328
-0.084106 -0.120874
1.041572 1.455886
0.132872 0.728728
-0.552028 -1.140602
0.078440 0.203078
0.876619 1.544512
-0.719264 -1.760741
0.294628 0.330784
-0.094502 -0.233126
0.064882 0.218595
1.585626 1.498509
0.161113 0.635401
0.056300 0.151051
0.686093 0.896207
0.011413 0.038748
0.346160 1.139503
0.379201 0.258635
0.122290 0.415885
0.136355 0.218961
-0.958776 -1.436597
-0.005142 -0.018407
-0.461753 -1.553419
