1.106086 -0.044751
-4.585293 -3.198424
-0.168770 -0.434666
-4.999999 -0.511349
-1.537636 -0.340295
-1.692543 1.362653
-5.000000 -0.260131
-0.934923 -0.165392
4.863318 0.955253
2.885029 1.599738
-1.612929 -0.222172
-0.989622 -0.541516
5.000000 -0.533233
3.733785 -0.698876
1.673658 3.489054
-0.770190 -0.434395
-4.352698 5.754427
-1.636244 -0.235995
-1.004012 1.603052
5.000000 0.282558
-0.862211 -0.505222
-5.000000 -0.531128
5.000000 -2.390280
-0.957750 -0.429603
3.767532 0.152561
1.613690 2.211691
-2.563678 -0.511600
-3.548415 1.801329
5.000000 -0.172312
-2.984298 1.993052
-1.061181 1.981719
0.888889 0.239890
4.999999 0.298444
-1.053866 -0.365197
4.999971 -0.396188
-0.453701 -2.035463
2.898792 -0.322511
4.999996 -0.577698
1.373997 1.749946
1.612488 -0.028236
