2.400070 1.279521
-1.859048 -1.199423
-0.175045 -0.171542
2.825291 1.478352
1.019394 1.223314
-2.049486 -1.045458
-3.208206 -0.605824
0.188916 1.963984
2.695043 -0.905267
-2.725029 1.955326
1.047041 0.490767
2.983237 -2.901594
2.169053 -1.188793
0.702807 -0.816826
-3.802201 -0.291025
-4.062434 0.170146
-2.192111 0.116748
-0.610986 -0.038869
0.998297 -0.622914
0.557519 -0.831263
-0.067922 -0.223216
1.576081 0.123978
-2.762597 -1.654516
-3.226576 1.944481
-5.250000 -0.917861
-0.359440 2.123312
0.608716 -0.570465
-3.512955 -0.809580
1.250367 0.941889
2.103663 -0.147037
-1.261293 0.148308
4.664447 1.522228
-1.425087 -0.735526
-2.003874 -2.263401
0.661754 2.102334
2.615135 -0.626195
-0.239617 -0.092178
-5.250000 -1.108907
0.835505 -0.134509
4.464086 1.960435
-2.140288 0.415846
