0.180383 -1.199423
-1.859048 -0.171542
-0.175045 1.478352
2.825291 1.223314
1.019394 -1.045458
-2.049486 -0.605824
-3.208206 1.963984
0.188916 -0.905267
2.695043 1.955326
-2.725029 0.490767
1.047041 -2.901594
2.983237 -1.188793
2.169053 -0.816826
0.702807 -0.291025
-3.802201 0.170146
-4.062434 0.116748
-2.192111 -0.038869
-0.610986 -0.622914
0.998297 -0.831263
0.557519 -0.223216
-0.067922 0.123978
1.576081 -1.654516
-2.762597 1.944481
-3.226576 -0.917861
-5.250000 2.123312
-0.359440 -0.570465
0.608716 -0.809580
-3.512955 0.941889
1.250367 -0.147037
2.103663 0.148308
-1.261293 1.522228
4.664447 -0.735526
-1.425087 -2.263401
-2.003874 2.102334
0.661754 -0.626195
2.615135 -0.092178
-0.239617 -1.108907
-5.250000 -0.134509
0.835505 1.960435
4.464086 0.415846
