-1.610254 -1.040683
0.070796 0.037540
1.274252 1.530142
-1.792204 -0.923494
2.862018 2.080055
-2.170124 -0.895902
0.921984 0.623892
1.112733 0.903009
-0.363449 -0.172946
1.610865 0.243669
0.717889 0.229471
-0.723650 -0.371104
-2.701554 -0.534300
0.077495 0.034889
0.922877 0.187127
2.227570 0.985437
2.387634 2.200307
-1.308298 -0.877695
-1.160264 -0.455074
-1.798359 -0.710679
-1.847659 -1.848066
2.084983 0.658146
-2.559219 -0.613768
-1.102899 -0.599766
-1.902907 -0.658657
2.366438 1.766979
2.080973 2.227914
1.921626 1.536096
0.017215 0.003538
-0.982627 -1.006267
0.766874 0.149406
1.804871 2.234777
