0.158217 0.040405
-1.672754 -1.081076
0.008296 0.004399
2.935773 1.508541
1.213278 1.459999
-1.854134 -0.957094
0.494422 1.878823
1.230454 -0.874974
2.608432 2.084597
-2.187660 0.576789
1.142050 0.918348
3.159133 -1.161042
1.652406 -0.593505
0.855596 -0.202686
1.103125 0.202361
-2.889794 0.207312
-1.893387 -0.373251
-0.425949 -0.553087
1.221194 -0.728907
0.652458 0.010429
-0.728748 0.167337
1.614078 -1.013600
-2.670485 0.951758
-2.799986 2.110908
2.318410 -0.923517
0.023284 2.205128
0.826780 -0.474645
-3.030212 -0.738894
2.159356 -1.932502
2.280793 0.642960
-1.370274 -0.609949
4.854235 0.924075
-1.211996 -0.634354
-1.842139 1.585843
-1.915332 -0.601621
2.024968 -2.792292
-2.469456 2.155565
4.058869 1.484850
-1.166555 -0.018506
4.656615 -1.071996
-2.901645 0.133741
-5.047462 2.190420
