2.078151 -0.061324
-4.647793 1.496318
-0.231270 -0.452333
4.467869 -0.526982
-1.600136 -0.367324
-1.739523 1.335385
-5.062500 -0.274344
-1.007428 -0.175344
4.787888 1.104280
2.807366 1.572960
-1.674263 -0.240534
-1.047684 -0.549486
4.937500 -0.553756
3.671285 -0.618586
1.611158 3.552886
-0.834038 -0.440499
-4.412472 -0.525021
-1.695856 5.682496
-1.024961 -0.256162
4.937500 1.572609
-0.939693 0.270962
-3.994234 -0.517539
4.937500 -0.536166
-1.040684 1.376696
3.701135 -2.429207
1.563510 -0.454905
-2.626178 0.139817
-3.092375 2.175298
4.937465 -0.538155
-3.038756 1.781787
-1.123681 -0.197882
0.811943 1.884070
4.937500 3.070164
-1.116561 0.228978
4.937499 0.253871
-0.521266 -0.378326
2.760966 -0.429028
4.937500 -2.052442
1.311497 -0.344143
1.549339 -0.598673
-1.703238 1.731643
-0.816499 -0.062429
