0.405935 -1.081076
-1.672754 0.004399
0.008296 1.508541
2.935773 1.459999
1.213278 -0.957094
-1.854134 1.878823
0.494422 -0.874974
1.230454 2.084597
2.608432 0.576789
-2.187660 0.918348
1.142050 -1.161042
3.159133 -0.593505
1.652406 -0.202686
0.855596 0.202361
1.103125 0.207312
-2.889794 -0.373251
-1.893387 -0.553087
-0.425949 -0.728907
1.221194 0.010429
0.652458 0.167337
-0.728748 -1.013600
1.614078 0.951758
-2.670485 2.110908
-2.799986 -0.923517
2.318410 2.205128
0.023284 -0.474645
0.826780 -0.738894
-3.030212 -1.932502
2.159356 0.642960
2.280793 -0.609949
-1.370274 0.924075
4.854235 -0.634354
-1.211996 1.585843
-1.842139 -0.601621
-1.915332 -2.792292
2.024968 2.155565
-2.469456 1.484850
4.058869 -0.018506
-1.166555 -1.071996
4.656615 0.133741
-2.901645 2.190420
