-1.344595 -1.277879
0.676794 0.922160
-0.062769 -0.143672
-0.722664 -0.792205
-0.464456 -1.505332
0.571015 0.657514
-0.623136 -0.603442
-1.541644 -1.547082
-0.312590 -0.421205
0.725990 1.326741
-0.885851 -1.612153
-1.008070 -1.459175
0.017712 0.012818
-0.323355 -0.695325
-0.631901 -1.547975
0.212865 0.213585
0.676615 0.683599
-0.503157 -0.748293
0.959821 0.885934
-0.881442 -1.665921
-0.141887 -0.195620
0.587055 0.530630
-0.435902 -0.793840
-1.473865 -1.397199
-0.207944 -0.310589
-0.510163 -1.014589
0.490684 0.788285
-1.104986 -1.441358
-0.363419 -0.670575
0.107772 0.223146
-1.688502 -1.665439
0.901674 0.905679
1.072286 1.375251
-0.167829 -0.577799
-0.042555 -0.066295
-0.288558 -0.132715
-0.059336 -0.077780
-2.710631 -2.112100
0.033701 0.039126
-0.603216 -0.968194
-0.522672 -1.211771
-0.201881 -0.308461
-0.389134 -0.385073
1.376598 1.659958
0.257391 0.231940
0.906973 1.157199
-0.495489 -1.451745
-0.871716 -0.874394
