1.529205 -1.040683
-1.610254 0.037540
0.070796 1.554000
3.012271 1.530142
1.274252 -0.923494
-1.792204 2.080055
0.593135 -0.895902
0.738543 2.126878
2.862018 0.623892
-2.170124 0.903009
1.209672 -1.153630
3.224640 -0.569556
1.668356 -0.172946
0.921984 0.243669
1.112733 0.229471
-2.896854 -0.371104
-1.826587 -0.534300
-0.363449 -0.712806
1.610865 0.034889
0.717889 0.187127
-0.723650 -2.326294
1.835967 0.985437
-2.701554 2.200307
-2.740566 -0.877695
-5.000000 2.227696
0.077495 -0.455074
0.922877 -0.710679
-3.605696 -1.848066
2.227570 0.658146
2.387634 -0.613768
-1.308298 0.940477
4.902982 -0.599766
-1.160264 1.616845
-1.798359 -0.658657
-1.847659 1.766979
2.084983 2.227914
-2.559219 1.536096
4.125599 0.003538
-1.102899 -1.006267
4.735027 0.149406
-1.902907 2.234777
