M_Zp=2000 kL=0.15: 0.597 0.613 0.616 0.596 0.607 0.603 
M_Zp=2000 kL=0.20: 0.610 0.594 0.603 0.610 0.612 0.589 
M_Zp=2000 kL=0.30: 0.602 0.612 0.612 0.616 0.610 0.563 
M_Zp=2000 kL=0.35: 0.600 0.592 0.613 0.605 0.615 0.552 
M_Zp=2000 kL=0.40: 0.613 0.586 0.603 0.610 0.604 0.541 
M_Zp=2000 kL=0.45: 0.603 0.601 0.618 0.610 0.608 0.532 
M_Zp=2000 kL=0.50: 0.608 0.605 0.608 0.616 0.614 0.506 
M_Zp=2000 kL=0.55: 0.606 0.604 0.609 0.604 0.593 0.501 
M_Zp=2000 kL=0.60: 0.594 0.600 0.609 0.607 0.601 0.483 
M_Zp=2000 kL=0.65: 0.589 0.606 0.609 0.612 0.602 0.449 
M_Zp=2000 kL=0.70: 0.593 0.602 0.600 0.601 0.595 0.434 
M_Zp=2000 kL=0.75: 0.601 0.601 0.605 0.617 0.594 0.418 
M_Zp=2000 kL=0.80: 0.615 0.603 0.608 0.600 0.594 0.391 
M_Zp=2000 kL=0.85: 0.601 0.605 0.610 0.598 0.597 0.369 
M_Zp=2000 kL=0.90: 0.611 0.610 0.602 0.602 0.581 0.349 
M_Zp=2000 kL=0.95: 0.598 0.609 0.604 0.599 0.585 0.330 
M_Zp=2000 kL=1.10: 0.600 0.605 0.592 0.601 0.589 0.270 
M_Zp=2000 kL=1.15: 0.599 0.608 0.610 0.609 0.574 0.253 
M_Zp=2000 kL=1.20: 0.601 0.600 0.596 0.598 0.583 0.241 
M_Zp=2000 kL=1.25: 0.599 0.612 0.596 0.596 0.576 0.217 
M_Zp=2000 kL=1.30: 0.599 0.605 0.601 0.587 0.564 0.206 
M_Zp=2000 kL=1.35: 0.593 0.598 0.600 0.593 0.568 0.183 
M_Zp=2000 kL=1.40: 0.595 0.600 0.600 0.589 0.561 0.173 
M_Zp=2000 kL=1.45: 0.591 0.607 0.597 0.610 0.556 0.156 
M_Zp=2020 kL=0.15: 0.600 0.621 0.615 0.602 0.613 0.605 
M_Zp=2020 kL=0.20: 0.607 0.600 0.604 0.610 0.596 0.592 
M_Zp=2020 kL=0.25: 0.601 0.606 0.610 0.604 0.611 0.573 
M_Zp=2020 kL=0.30: 0.611 0.599 0.611 0.608 0.609 0.574 
M_Zp=2020 kL=0.35: 0.606 0.596 0.608 0.608 0.600 0.558 
M_Zp=2020 kL=0.40: 0.610 0.598 0.615 0.606 0.604 0.544 
M_Zp=2020 kL=0.45: 0.596 0.603 0.615 0.613 0.601 0.531 
M_Zp=2020 kL=0.50: 0.601 0.592 0.602 0.604 0.601 0.507 
M_Zp=2020 kL=0.55: 0.608 0.614 0.609 0.598 0.602 0.496 
M_Zp=2020 kL=0.60: 0.603 0.605 0.605 0.597 0.601 0.481 
M_Zp=2020 kL=0.65: 0.590 0.609 0.602 0.603 0.601 0.459 
M_Zp=2020 kL=0.75: 0.602 0.594 0.602 0.598 0.604 0.414 
M_Zp=2020 kL=0.80: 0.610 0.613 0.614 0.612 0.600 0.401 
M_Zp=2020 kL=0.85: 0.605 0.615 0.613 0.609 0.583 0.382 
M_Zp=2020 kL=0.90: 0.602 0.619 0.605 0.599 0.603 0.364 
M_Zp=2020 kL=0.95: 0.600 0.602 0.603 0.593 0.590 0.333 
M_Zp=2020 kL=1.00: 0.592 0.603 0.606 0.607 0.593 0.314 
M_Zp=2020 kL=1.05: 0.597 0.605 0.602 0.607 0.588 0.298 
M_Zp=2020 kL=1.10: 0.593 0.604 0.595 0.600 0.579 0.272 
M_Zp=2020 kL=1.15: 0.595 0.609 0.592 0.607 0.586 0.266 
M_Zp=2020 kL=1.20: 0.596 0.605 0.597 0.599 0.587 0.244 
M_Zp=2020 kL=1.25: 0.588 0.594 0.606 0.594 0.566 0.221 
M_Zp=2020 kL=1.30: 0.610 0.605 0.598 0.590 0.576 0.218 
M_Zp=2020 kL=1.35: 0.608 0.605 0.599 0.596 0.571 0.188 
M_Zp=2020 kL=1.40: 0.591 0.605 0.594 0.592 0.576 0.190 
M_Zp=2020 kL=1.45: 0.581 0.605 0.597 0.595 0.561 0.164 
M_Zp=2040 kL=0.15: 0.597 0.621 0.611 0.608 0.605 0.595 
M_Zp=2040 kL=0.20: 0.605 0.603 0.606 0.609 0.607 0.591 
M_Zp=2040 kL=0.25: 0.603 0.608 0.607 0.608 0.607 0.580 
M_Zp=2040 kL=0.30: 0.603 0.607 0.610 0.614 0.604 0.570 
M_Zp=2040 kL=0.35: 0.597 0.599 0.609 0.602 0.608 0.566 
M_Zp=2040 kL=0.40: 0.612 0.598 0.612 0.619 0.599 0.543 
M_Zp=2040 kL=0.45: 0.606 0.596 0.606 0.606 0.602 0.533 
M_Zp=2040 kL=0.50: 0.610 0.598 0.605 0.599 0.603 0.523 
M_Zp=2040 kL=0.55: 0.614 0.600 0.597 0.605 0.617 0.506 
M_Zp=2040 kL=0.60: 0.613 0.606 0.606 0.610 0.611 0.483 
M_Zp=2040 kL=0.65: 0.588 0.597 0.607 0.608 0.601 0.462 
M_Zp=2040 kL=0.70: 0.588 0.603 0.609 0.607 0.595 0.450 
M_Zp=2040 kL=0.75: 0.597 0.610 0.611 0.609 0.588 0.422 
M_Zp=2040 kL=0.80: 0.611 0.602 0.597 0.608 0.599 0.409 
M_Zp=2040 kL=0.85: 0.605 0.614 0.616 0.610 0.588 0.394 
M_Zp=2040 kL=0.90: 0.601 0.615 0.596 0.599 0.597 0.375 
M_Zp=2040 kL=0.95: 0.603 0.607 0.612 0.598 0.592 0.345 
M_Zp=2040 kL=1.00: 0.597 0.601 0.603 0.595 0.588 0.332 
M_Zp=2040 kL=1.05: 0.603 0.606 0.599 0.598 0.598 0.309 
M_Zp=2040 kL=1.10: 0.603 0.608 0.615 0.605 0.595 0.294 
M_Zp=2040 kL=1.15: 0.602 0.611 0.603 0.604 0.597 0.258 
M_Zp=2040 kL=1.20: 0.595 0.605 0.605 0.593 0.575 0.266 
M_Zp=2040 kL=1.25: 0.588 0.593 0.600 0.596 0.584 0.231 
M_Zp=2040 kL=1.30: 0.599 0.600 0.612 0.601 0.570 0.207 
M_Zp=2040 kL=1.35: 0.610 0.605 0.594 0.591 0.569 0.199 
M_Zp=2040 kL=1.40: 0.590 0.607 0.596 0.598 0.576 0.186 
M_Zp=2040 kL=1.45: 0.596 0.611 0.596 0.592 0.548 0.167 
M_Zp=2060 kL=0.15: 0.596 0.623 0.609 0.611 0.607 0.598 
M_Zp=2060 kL=0.20: 0.607 0.599 0.606 0.606 0.618 0.587 
M_Zp=2060 kL=0.25: 0.601 0.609 0.603 0.612 0.610 0.586 
M_Zp=2060 kL=0.30: 0.612 0.616 0.607 0.607 0.608 0.575 
M_Zp=2060 kL=0.35: 0.594 0.610 0.604 0.601 0.607 0.569 
M_Zp=2060 kL=0.40: 0.611 0.596 0.617 0.608 0.602 0.554 
M_Zp=2060 kL=0.45: 0.598 0.596 0.619 0.613 0.592 0.541 
M_Zp=2060 kL=0.50: 0.613 0.606 0.596 0.604 0.608 0.519 
M_Zp=2060 kL=0.60: 0.613 0.604 0.608 0.602 0.596 0.487 
M_Zp=2060 kL=0.65: 0.591 0.604 0.605 0.601 0.601 0.465 
M_Zp=2060 kL=0.70: 0.594 0.609 0.614 0.610 0.603 0.446 
M_Zp=2060 kL=0.75: 0.607 0.600 0.605 0.605 0.595 0.435 
M_Zp=2060 kL=0.80: 0.599 0.599 0.606 0.598 0.599 0.415 
M_Zp=2060 kL=0.85: 0.600 0.614 0.609 0.605 0.588 0.395 
M_Zp=2060 kL=0.90: 0.623 0.604 0.595 0.605 0.596 0.375 
M_Zp=2060 kL=0.95: 0.599 0.599 0.615 0.598 0.584 0.347 
M_Zp=2060 kL=1.00: 0.611 0.605 0.610 0.601 0.591 0.337 
M_Zp=2060 kL=1.05: 0.599 0.604 0.606 0.596 0.582 0.319 
M_Zp=2060 kL=1.10: 0.598 0.606 0.603 0.601 0.578 0.300 
M_Zp=2060 kL=1.15: 0.597 0.597 0.607 0.605 0.577 0.287 
M_Zp=2060 kL=1.20: 0.606 0.605 0.599 0.599 0.582 0.260 
M_Zp=2060 kL=1.25: 0.590 0.609 0.595 0.605 0.586 0.234 
M_Zp=2060 kL=1.30: 0.595 0.606 0.610 0.603 0.589 0.232 
M_Zp=2060 kL=1.35: 0.595 0.603 0.594 0.594 0.578 0.206 
M_Zp=2060 kL=1.40: 0.601 0.601 0.602 0.590 0.564 0.190 
M_Zp=2060 kL=1.45: 0.592 0.595 0.606 0.608 0.567 0.171 
M_Zp=2080 kL=0.15: 0.600 0.620 0.612 0.606 0.611 0.601 
M_Zp=2080 kL=0.20: 0.600 0.602 0.607 0.605 0.612 0.593 
M_Zp=2080 kL=0.25: 0.606 0.611 0.607 0.613 0.616 0.586 
M_Zp=2080 kL=0.30: 0.607 0.614 0.608 0.608 0.612 0.581 
M_Zp=2080 kL=0.35: 0.602 0.598 0.605 0.614 0.604 0.570 
M_Zp=2080 kL=0.40: 0.608 0.595 0.612 0.602 0.594 0.560 
M_Zp=2080 kL=0.45: 0.596 0.598 0.605 0.606 0.600 0.540 
M_Zp=2080 kL=0.50: 0.613 0.606 0.610 0.611 0.610 0.522 
M_Zp=2080 kL=0.55: 0.600 0.610 0.602 0.611 0.608 0.515 
M_Zp=2080 kL=0.60: 0.612 0.611 0.605 0.608 0.599 0.477 
M_Zp=2080 kL=0.65: 0.597 0.611 0.590 0.611 0.595 0.474 
M_Zp=2080 kL=0.70: 0.592 0.601 0.608 0.602 0.593 0.464 
M_Zp=2080 kL=0.75: 0.591 0.596 0.601 0.605 0.601 0.433 
M_Zp=2080 kL=0.80: 0.599 0.601 0.605 0.607 0.596 0.422 
M_Zp=2080 kL=0.85: 0.601 0.609 0.608 0.597 0.602 0.395 
M_Zp=2080 kL=0.90: 0.607 0.595 0.598 0.599 0.591 0.373 
M_Zp=2080 kL=0.95: 0.590 0.605 0.618 0.597 0.583 0.355 
M_Zp=2080 kL=1.00: 0.596 0.606 0.608 0.596 0.582 0.345 
M_Zp=2080 kL=1.05: 0.601 0.606 0.611 0.594 0.592 0.323 
M_Zp=2080 kL=1.10: 0.593 0.598 0.603 0.600 0.591 0.308 
M_Zp=2080 kL=1.15: 0.603 0.607 0.593 0.596 0.584 0.288 
M_Zp=2080 kL=1.20: 0.599 0.597 0.610 0.608 0.570 0.268 
M_Zp=2080 kL=1.25: 0.597 0.611 0.596 0.600 0.587 0.253 
M_Zp=2080 kL=1.30: 0.598 0.598 0.605 0.583 0.587 0.238 
M_Zp=2080 kL=1.35: 0.601 0.605 0.601 0.599 0.571 0.211 
M_Zp=2080 kL=1.40: 0.600 0.596 0.604 0.589 0.570 0.205 
M_Zp=2080 kL=1.45: 0.589 0.606 0.603 0.595 0.558 0.183 
M_Zp=2100 kL=0.15: 0.594 0.614 0.607 0.602 0.620 0.598 
M_Zp=2100 kL=0.20: 0.597 0.603 0.606 0.610 0.622 0.600 
M_Zp=2100 kL=0.25: 0.598 0.614 0.609 0.610 0.608 0.587 
M_Zp=2100 kL=0.30: 0.607 0.617 0.602 0.610 0.620 0.578 
M_Zp=2100 kL=0.35: 0.603 0.608 0.604 0.610 0.609 0.569 
M_Zp=2100 kL=0.40: 0.609 0.601 0.608 0.603 0.598 0.551 
M_Zp=2100 kL=0.45: 0.602 0.591 0.614 0.613 0.601 0.547 
M_Zp=2100 kL=0.50: 0.612 0.603 0.612 0.606 0.604 0.529 
M_Zp=2100 kL=0.55: 0.609 0.606 0.605 0.613 0.603 0.512 
M_Zp=2100 kL=0.60: 0.607 0.614 0.609 0.599 0.598 0.505 
M_Zp=2100 kL=0.65: 0.600 0.615 0.602 0.601 0.598 0.480 
M_Zp=2100 kL=0.70: 0.582 0.604 0.604 0.612 0.595 0.464 
M_Zp=2100 kL=0.75: 0.598 0.603 0.610 0.607 0.593 0.444 
M_Zp=2100 kL=0.80: 0.601 0.598 0.600 0.600 0.592 0.438 
M_Zp=2100 kL=0.85: 0.612 0.600 0.608 0.617 0.592 0.411 
M_Zp=2100 kL=0.90: 0.596 0.597 0.599 0.604 0.593 0.377 
M_Zp=2100 kL=0.95: 0.618 0.605 0.606 0.586 0.591 0.375 
M_Zp=2100 kL=1.00: 0.607 0.605 0.609 0.605 0.580 0.354 
M_Zp=2100 kL=1.05: 0.593 0.597 0.614 0.596 0.588 0.338 
M_Zp=2100 kL=1.10: 0.599 0.612 0.605 0.599 0.588 0.311 
M_Zp=2100 kL=1.15: 0.600 0.608 0.595 0.603 0.586 0.292 
M_Zp=2100 kL=1.20: 0.610 0.613 0.599 0.594 0.581 0.272 
M_Zp=2100 kL=1.30: 0.594 0.601 0.595 0.584 0.575 0.242 
M_Zp=2100 kL=1.35: 0.599 0.605 0.604 0.595 0.571 0.224 
M_Zp=2100 kL=1.40: 0.609 0.602 0.598 0.592 0.582 0.203 
M_Zp=2100 kL=1.45: 0.587 0.611 0.600 0.600 0.571 0.197 
M_Zp=2120 kL=0.15: 0.600 0.611 0.607 0.610 0.614 0.600 
M_Zp=2120 kL=0.20: 0.601 0.605 0.602 0.606 0.615 0.593 
M_Zp=2120 kL=0.25: 0.608 0.610 0.606 0.614 0.616 0.590 
M_Zp=2120 kL=0.30: 0.611 0.608 0.606 0.612 0.617 0.569 
M_Zp=2120 kL=0.35: 0.606 0.597 0.608 0.616 0.609 0.571 
M_Zp=2120 kL=0.40: 0.606 0.599 0.614 0.606 0.592 0.557 
M_Zp=2120 kL=0.45: 0.599 0.608 0.615 0.619 0.600 0.549 
M_Zp=2120 kL=0.50: 0.605 0.609 0.604 0.611 0.598 0.531 
M_Zp=2120 kL=0.55: 0.608 0.610 0.617 0.609 0.606 0.520 
M_Zp=2120 kL=0.60: 0.606 0.609 0.597 0.600 0.595 0.507 
M_Zp=2120 kL=0.65: 0.606 0.604 0.604 0.599 0.604 0.486 
M_Zp=2120 kL=0.70: 0.592 0.611 0.601 0.606 0.604 0.466 
M_Zp=2120 kL=0.75: 0.592 0.598 0.607 0.608 0.613 0.451 
M_Zp=2120 kL=0.80: 0.596 0.598 0.604 0.606 0.592 0.428 
M_Zp=2120 kL=0.85: 0.608 0.601 0.611 0.602 0.610 0.407 
M_Zp=2120 kL=0.90: 0.600 0.602 0.612 0.600 0.597 0.387 
M_Zp=2120 kL=0.95: 0.606 0.615 0.604 0.597 0.595 0.372 
M_Zp=2120 kL=1.00: 0.607 0.605 0.610 0.597 0.582 0.355 
M_Zp=2120 kL=1.05: 0.586 0.599 0.602 0.603 0.580 0.342 
M_Zp=2120 kL=1.10: 0.594 0.605 0.593 0.592 0.589 0.320 
M_Zp=2120 kL=1.15: 0.606 0.600 0.599 0.589 0.597 0.295 
M_Zp=2120 kL=1.20: 0.610 0.601 0.597 0.599 0.586 0.279 
M_Zp=2120 kL=1.25: 0.591 0.596 0.605 0.594 0.568 0.263 
M_Zp=2120 kL=1.30: 0.591 0.607 0.593 0.594 0.584 0.240 
M_Zp=2120 kL=1.35: 0.596 0.604 0.600 0.600 0.579 0.231 
M_Zp=2120 kL=1.40: 0.599 0.604 0.595 0.589 0.577 0.217 
M_Zp=2120 kL=1.45: 0.595 0.604 0.599 0.588 0.571 0.190 
M_Zp=2140 kL=0.15: 0.592 0.613 0.606 0.604 0.610 0.594 
M_Zp=2140 kL=0.25: 0.598 0.608 0.607 0.613 0.611 0.592 
M_Zp=2140 kL=0.30: 0.606 0.600 0.604 0.616 0.617 0.585 
M_Zp=2140 kL=0.35: 0.612 0.605 0.606 0.610 0.614 0.573 
M_Zp=2140 kL=0.45: 0.598 0.604 0.608 0.608 0.603 0.546 
M_Zp=2140 kL=0.50: 0.595 0.593 0.608 0.610 0.597 0.540 
M_Zp=2140 kL=0.55: 0.605 0.603 0.606 0.611 0.606 0.529 
M_Zp=2140 kL=0.60: 0.604 0.613 0.612 0.603 0.611 0.505 
M_Zp=2140 kL=0.65: 0.606 0.603 0.609 0.607 0.604 0.491 
M_Zp=2140 kL=0.70: 0.584 0.595 0.600 0.605 0.601 0.471 
M_Zp=2140 kL=0.80: 0.596 0.605 0.602 0.604 0.590 0.441 
M_Zp=2140 kL=0.85: 0.616 0.592 0.616 0.605 0.598 0.409 
M_Zp=2140 kL=0.90: 0.602 0.619 0.610 0.610 0.589 0.396 
M_Zp=2140 kL=0.95: 0.604 0.604 0.597 0.598 0.583 0.383 
M_Zp=2140 kL=1.00: 0.604 0.607 0.611 0.588 0.592 0.367 
M_Zp=2140 kL=1.05: 0.602 0.605 0.611 0.604 0.588 0.345 
M_Zp=2140 kL=1.10: 0.605 0.593 0.606 0.598 0.586 0.324 
M_Zp=2140 kL=1.15: 0.596 0.597 0.603 0.602 0.576 0.305 
M_Zp=2140 kL=1.20: 0.603 0.603 0.609 0.604 0.579 0.295 
M_Zp=2140 kL=1.25: 0.602 0.614 0.593 0.607 0.573 0.280 
M_Zp=2140 kL=1.30: 0.591 0.610 0.608 0.596 0.579 0.268 
M_Zp=2140 kL=1.35: 0.602 0.593 0.606 0.595 0.575 0.237 
M_Zp=2140 kL=1.40: 0.596 0.584 0.596 0.592 0.571 0.221 
M_Zp=2160 kL=0.20: 0.600 0.602 0.602 0.613 0.608 0.596 
M_Zp=2160 kL=0.25: 0.601 0.609 0.602 0.609 0.607 0.594 
M_Zp=2160 kL=0.30: 0.608 0.600 0.610 0.612 0.624 0.583 
M_Zp=2160 kL=0.35: 0.603 0.614 0.615 0.615 0.604 0.571 
M_Zp=2160 kL=0.40: 0.603 0.602 0.616 0.606 0.605 0.559 
M_Zp=2160 kL=0.45: 0.608 0.602 0.610 0.612 0.607 0.544 
M_Zp=2160 kL=0.50: 0.595 0.589 0.610 0.615 0.602 0.545 
M_Zp=2160 kL=0.55: 0.612 0.605 0.609 0.623 0.601 0.528 
M_Zp=2160 kL=0.60: 0.600 0.605 0.614 0.608 0.611 0.522 
M_Zp=2160 kL=0.65: 0.601 0.616 0.610 0.610 0.593 0.490 
M_Zp=2160 kL=0.75: 0.594 0.600 0.609 0.608 0.597 0.457 
M_Zp=2160 kL=0.80: 0.601 0.609 0.617 0.612 0.591 0.447 
M_Zp=2160 kL=0.85: 0.600 0.603 0.616 0.608 0.608 0.423 
M_Zp=2160 kL=0.90: 0.600 0.611 0.606 0.607 0.592 0.412 
M_Zp=2160 kL=0.95: 0.612 0.610 0.597 0.603 0.597 0.396 
M_Zp=2160 kL=1.00: 0.600 0.601 0.606 0.598 0.583 0.372 
M_Zp=2160 kL=1.05: 0.609 0.612 0.600 0.602 0.593 0.357 
M_Zp=2160 kL=1.10: 0.611 0.599 0.610 0.601 0.589 0.336 
M_Zp=2160 kL=1.15: 0.592 0.607 0.605 0.601 0.588 0.324 
M_Zp=2160 kL=1.20: 0.602 0.601 0.599 0.606 0.585 0.292 
M_Zp=2160 kL=1.25: 0.594 0.612 0.602 0.606 0.568 0.269 
M_Zp=2160 kL=1.30: 0.595 0.605 0.603 0.587 0.580 0.259 
M_Zp=2160 kL=1.35: 0.592 0.617 0.617 0.593 0.576 0.238 
M_Zp=2160 kL=1.40: 0.611 0.599 0.598 0.594 0.574 0.232 
M_Zp=2160 kL=1.45: 0.605 0.605 0.600 0.591 0.571 0.203 
M_Zp=2180 kL=0.15: 0.599 0.614 0.613 0.605 0.604 0.607 
M_Zp=2180 kL=0.20: 0.599 0.609 0.608 0.610 0.604 0.599 
M_Zp=2180 kL=0.25: 0.608 0.604 0.605 0.609 0.616 0.592 
M_Zp=2180 kL=0.30: 0.610 0.603 0.601 0.612 0.611 0.579 
M_Zp=2180 kL=0.35: 0.604 0.606 0.613 0.606 0.603 0.577 
M_Zp=2180 kL=0.40: 0.601 0.600 0.614 0.606 0.595 0.566 
M_Zp=2180 kL=0.45: 0.610 0.592 0.609 0.612 0.611 0.543 
M_Zp=2180 kL=0.50: 0.606 0.597 0.622 0.609 0.613 0.549 
M_Zp=2180 kL=0.55: 0.604 0.605 0.612 0.620 0.595 0.532 
M_Zp=2180 kL=0.60: 0.602 0.612 0.606 0.610 0.618 0.509 
M_Zp=2180 kL=0.65: 0.616 0.619 0.610 0.600 0.621 0.499 
M_Zp=2180 kL=0.70: 0.591 0.596 0.611 0.605 0.595 0.493 
M_Zp=2180 kL=0.75: 0.600 0.602 0.609 0.601 0.597 0.468 
M_Zp=2180 kL=0.80: 0.604 0.604 0.613 0.603 0.585 0.465 
M_Zp=2180 kL=0.85: 0.597 0.602 0.597 0.608 0.607 0.437 
M_Zp=2180 kL=0.90: 0.606 0.610 0.601 0.608 0.587 0.418 
M_Zp=2180 kL=0.95: 0.611 0.610 0.598 0.605 0.594 0.404 
M_Zp=2180 kL=1.00: 0.598 0.607 0.607 0.602 0.582 0.376 
M_Zp=2180 kL=1.05: 0.595 0.617 0.608 0.598 0.588 0.359 
M_Zp=2180 kL=1.10: 0.603 0.594 0.611 0.594 0.590 0.335 
M_Zp=2180 kL=1.15: 0.590 0.624 0.605 0.599 0.582 0.326 
M_Zp=2180 kL=1.20: 0.601 0.595 0.599 0.599 0.590 0.303 
M_Zp=2180 kL=1.25: 0.602 0.600 0.606 0.604 0.576 0.289 
M_Zp=2180 kL=1.30: 0.588 0.610 0.601 0.598 0.580 0.271 
M_Zp=2180 kL=1.35: 0.590 0.609 0.600 0.610 0.572 0.243 
M_Zp=2180 kL=1.40: 0.596 0.601 0.603 0.598 0.573 0.237 
M_Zp=2180 kL=1.45: 0.606 0.605 0.595 0.595 0.582 0.218 
M_Zp=2200 kL=0.15: 0.597 0.607 0.607 0.607 0.613 0.603 
M_Zp=2200 kL=0.20: 0.603 0.613 0.609 0.607 0.611 0.592 
M_Zp=2200 kL=0.25: 0.605 0.610 0.606 0.609 0.609 0.587 
M_Zp=2200 kL=0.30: 0.613 0.603 0.605 0.610 0.611 0.586 
M_Zp=2200 kL=0.35: 0.613 0.605 0.616 0.612 0.614 0.578 
M_Zp=2200 kL=0.40: 0.598 0.604 0.611 0.614 0.607 0.561 
M_Zp=2200 kL=0.45: 0.616 0.601 0.611 0.606 0.602 0.554 
M_Zp=2200 kL=0.50: 0.601 0.598 0.612 0.610 0.599 0.539 
M_Zp=2200 kL=0.55: 0.606 0.610 0.606 0.606 0.598 0.542 
M_Zp=2200 kL=0.60: 0.610 0.614 0.605 0.612 0.606 0.515 
M_Zp=2200 kL=0.65: 0.615 0.620 0.603 0.602 0.602 0.494 
M_Zp=2200 kL=0.70: 0.593 0.596 0.602 0.601 0.596 0.488 
M_Zp=2200 kL=0.75: 0.601 0.603 0.607 0.603 0.597 0.471 
M_Zp=2200 kL=0.85: 0.605 0.607 0.601 0.603 0.585 0.435 
M_Zp=2200 kL=0.90: 0.602 0.607 0.608 0.603 0.612 0.416 
M_Zp=2200 kL=0.95: 0.605 0.603 0.609 0.595 0.598 0.405 
M_Zp=2200 kL=1.00: 0.608 0.615 0.610 0.593 0.581 0.392 
M_Zp=2200 kL=1.05: 0.603 0.605 0.609 0.600 0.594 0.367 
M_Zp=2200 kL=1.10: 0.597 0.597 0.597 0.598 0.575 0.352 
M_Zp=2200 kL=1.15: 0.599 0.608 0.601 0.596 0.576 0.331 
M_Zp=2200 kL=1.20: 0.601 0.604 0.593 0.593 0.587 0.322 
M_Zp=2200 kL=1.25: 0.604 0.603 0.604 0.600 0.589 0.298 
M_Zp=2200 kL=1.30: 0.593 0.608 0.599 0.600 0.573 0.273 
M_Zp=2200 kL=1.35: 0.589 0.616 0.599 0.595 0.575 0.262 
M_Zp=2200 kL=1.40: 0.596 0.592 0.602 0.598 0.573 0.241 
M_Zp=2200 kL=1.45: 0.602 0.585 0.592 0.590 0.567 0.220 
M_Zp=2220 kL=0.70: 0.598 0.600 0.603 0.610 0.605 0.490 
M_Zp=2220 kL=0.75: 0.598 0.609 0.607 0.597 0.607 0.478 
M_Zp=2220 kL=0.80: 0.599 0.605 0.609 0.604 0.594 0.463 
M_Zp=2220 kL=0.85: 0.603 0.605 0.601 0.604 0.596 0.442 
M_Zp=2220 kL=0.90: 0.606 0.600 0.611 0.595 0.595 0.418 
M_Zp=2220 kL=0.95: 0.609 0.609 0.612 0.595 0.584 0.409 
M_Zp=2220 kL=1.00: 0.607 0.614 0.607 0.596 0.579 0.393 
M_Zp=2220 kL=1.05: 0.601 0.600 0.610 0.590 0.598 0.368 
M_Zp=2220 kL=1.10: 0.592 0.608 0.609 0.587 0.574 0.349 
M_Zp=2240 kL=0.70: 0.599 0.606 0.609 0.605 0.597 0.497 
M_Zp=2240 kL=0.75: 0.584 0.603 0.611 0.601 0.600 0.469 
M_Zp=2240 kL=0.80: 0.597 0.604 0.603 0.606 0.589 0.456 
M_Zp=2240 kL=0.85: 0.611 0.601 0.600 0.610 0.609 0.445 
M_Zp=2240 kL=0.90: 0.616 0.604 0.613 0.602 0.588 0.436 
M_Zp=2240 kL=0.95: 0.599 0.607 0.601 0.603 0.588 0.416 
M_Zp=2240 kL=1.00: 0.603 0.617 0.599 0.602 0.601 0.396 
M_Zp=2240 kL=1.05: 0.614 0.610 0.604 0.588 0.591 0.381 
M_Zp=2240 kL=1.10: 0.598 0.604 0.602 0.596 0.592 0.363 
M_Zp=2260 kL=0.70: 0.605 0.608 0.607 0.602 0.605 0.499 
M_Zp=2260 kL=0.75: 0.591 0.609 0.615 0.601 0.601 0.484 
M_Zp=2260 kL=0.80: 0.596 0.610 0.604 0.592 0.598 0.471 
M_Zp=2260 kL=0.85: 0.601 0.597 0.611 0.610 0.596 0.449 
M_Zp=2260 kL=0.90: 0.618 0.604 0.611 0.611 0.598 0.443 
M_Zp=2260 kL=0.95: 0.604 0.611 0.599 0.603 0.588 0.419 
M_Zp=2260 kL=1.00: 0.614 0.605 0.602 0.589 0.596 0.411 
M_Zp=2260 kL=1.05: 0.598 0.612 0.601 0.599 0.587 0.380 
M_Zp=2260 kL=1.10: 0.610 0.606 0.607 0.604 0.587 0.370 
M_Zp=2280 kL=0.70: 0.603 0.612 0.603 0.605 0.603 0.511 
M_Zp=2280 kL=0.75: 0.596 0.612 0.610 0.603 0.598 0.495 
M_Zp=2280 kL=0.80: 0.597 0.600 0.611 0.606 0.601 0.476 
M_Zp=2280 kL=0.85: 0.604 0.603 0.611 0.605 0.606 0.452 
M_Zp=2280 kL=0.90: 0.602 0.601 0.592 0.606 0.592 0.451 
M_Zp=2280 kL=0.95: 0.604 0.604 0.605 0.614 0.595 0.430 
M_Zp=2280 kL=1.00: 0.618 0.610 0.598 0.596 0.603 0.405 
M_Zp=2280 kL=1.05: 0.607 0.607 0.613 0.585 0.593 0.390 
M_Zp=2280 kL=1.10: 0.598 0.610 0.606 0.597 0.594 0.378 
M_Zp=2300 kL=0.70: 0.602 0.609 0.606 0.602 0.601 0.508 
M_Zp=2300 kL=0.75: 0.584 0.601 0.613 0.604 0.593 0.489 
M_Zp=2300 kL=0.80: 0.594 0.598 0.613 0.604 0.595 0.473 
M_Zp=2300 kL=0.85: 0.609 0.599 0.607 0.608 0.590 0.461 
M_Zp=2300 kL=0.90: 0.600 0.606 0.599 0.609 0.591 0.447 
M_Zp=2300 kL=0.95: 0.605 0.611 0.612 0.607 0.596 0.433 
M_Zp=2300 kL=1.00: 0.611 0.605 0.595 0.590 0.595 0.411 
M_Zp=2300 kL=1.05: 0.615 0.615 0.605 0.605 0.598 0.399 
M_Zp=2300 kL=1.10: 0.596 0.618 0.605 0.596 0.584 0.380 
M_Zp=2320 kL=0.70: 0.605 0.612 0.609 0.604 0.610 0.500 
M_Zp=2320 kL=0.75: 0.594 0.592 0.603 0.599 0.601 0.494 
M_Zp=2320 kL=0.80: 0.597 0.600 0.609 0.599 0.603 0.490 
M_Zp=2320 kL=0.85: 0.617 0.598 0.600 0.596 0.589 0.479 
M_Zp=2320 kL=0.90: 0.600 0.600 0.602 0.612 0.601 0.450 
M_Zp=2320 kL=0.95: 0.612 0.597 0.610 0.603 0.594 0.433 
M_Zp=2320 kL=1.00: 0.610 0.616 0.604 0.604 0.596 0.419 
M_Zp=2320 kL=1.05: 0.616 0.608 0.609 0.605 0.590 0.406 
M_Zp=2320 kL=1.10: 0.603 0.599 0.605 0.604 0.572 0.384 
M_Zp=2340 kL=0.70: 0.611 0.616 0.607 0.610 0.596 0.508 
M_Zp=2340 kL=0.75: 0.601 0.597 0.594 0.598 0.603 0.496 
M_Zp=2340 kL=0.80: 0.604 0.602 0.605 0.598 0.595 0.491 
M_Zp=2340 kL=0.85: 0.597 0.608 0.607 0.603 0.592 0.476 
M_Zp=2340 kL=0.90: 0.604 0.598 0.606 0.606 0.612 0.457 
M_Zp=2340 kL=0.95: 0.611 0.610 0.617 0.603 0.589 0.449 
M_Zp=2340 kL=1.00: 0.606 0.610 0.607 0.595 0.597 0.427 
M_Zp=2340 kL=1.05: 0.602 0.621 0.601 0.599 0.601 0.412 
M_Zp=2340 kL=1.10: 0.613 0.607 0.607 0.601 0.589 0.400 
M_Zp=2360 kL=0.70: 0.610 0.617 0.613 0.600 0.606 0.527 
M_Zp=2360 kL=0.75: 0.602 0.602 0.609 0.602 0.601 0.508 
M_Zp=2360 kL=0.80: 0.595 0.606 0.600 0.596 0.604 0.494 
M_Zp=2360 kL=0.85: 0.601 0.600 0.608 0.608 0.598 0.478 
M_Zp=2360 kL=0.90: 0.603 0.607 0.610 0.602 0.603 0.465 
M_Zp=2360 kL=0.95: 0.613 0.605 0.609 0.615 0.586 0.447 
M_Zp=2360 kL=1.00: 0.605 0.609 0.605 0.612 0.590 0.434 
M_Zp=2360 kL=1.05: 0.612 0.603 0.593 0.595 0.594 0.426 
M_Zp=2360 kL=1.10: 0.598 0.613 0.599 0.602 0.585 0.394 
M_Zp=2380 kL=0.70: 0.605 0.612 0.607 0.603 0.594 0.518 
M_Zp=2380 kL=0.75: 0.604 0.603 0.598 0.601 0.595 0.505 
M_Zp=2380 kL=0.80: 0.588 0.599 0.605 0.608 0.596 0.499 
M_Zp=2380 kL=0.85: 0.601 0.608 0.610 0.600 0.606 0.478 
M_Zp=2380 kL=0.90: 0.601 0.606 0.607 0.604 0.591 0.467 
M_Zp=2380 kL=0.95: 0.611 0.602 0.607 0.616 0.588 0.460 
M_Zp=2380 kL=1.00: 0.602 0.617 0.611 0.611 0.592 0.442 
M_Zp=2380 kL=1.05: 0.614 0.605 0.598 0.600 0.601 0.424 
M_Zp=2380 kL=1.10: 0.602 0.610 0.609 0.597 0.587 0.400 
M_Zp=2400 kL=0.90: 0.602 0.600 0.610 0.609 0.596 0.480 
M_Zp=2400 kL=0.95: 0.597 0.612 0.599 0.604 0.595 0.464 
M_Zp=2400 kL=1.00: 0.604 0.606 0.613 0.606 0.600 0.445 
M_Zp=2400 kL=1.05: 0.617 0.610 0.601 0.599 0.596 0.431 
M_Zp=2400 kL=1.10: 0.608 0.617 0.608 0.594 0.579 0.413 
M_Zp=2400 kL=1.15: 0.593 0.608 0.610 0.593 0.592 0.384 
M_Zp=2400 kL=1.20: 0.601 0.609 0.615 0.600 0.584 0.383 
M_Zp=2400 kL=1.25: 0.605 0.606 0.598 0.587 0.590 0.357 
M_Zp=2400 kL=1.30: 0.596 0.607 0.610 0.596 0.577 0.343 
M_Zp=2420 kL=0.90: 0.606 0.608 0.601 0.605 0.591 0.479 
M_Zp=2420 kL=0.95: 0.597 0.609 0.605 0.606 0.595 0.460 
M_Zp=2420 kL=1.00: 0.606 0.611 0.607 0.603 0.596 0.453 
M_Zp=2420 kL=1.05: 0.617 0.605 0.604 0.602 0.593 0.430 
M_Zp=2420 kL=1.10: 0.606 0.614 0.598 0.603 0.592 0.421 
M_Zp=2420 kL=1.15: 0.599 0.607 0.604 0.601 0.592 0.407 
M_Zp=2420 kL=1.20: 0.597 0.604 0.607 0.597 0.598 0.379 
M_Zp=2420 kL=1.25: 0.599 0.600 0.600 0.598 0.586 0.377 
M_Zp=2420 kL=1.30: 0.596 0.614 0.596 0.595 0.585 0.352 
M_Zp=2440 kL=0.90: 0.608 0.596 0.604 0.601 0.590 0.472 
M_Zp=2440 kL=0.95: 0.600 0.590 0.608 0.605 0.599 0.476 
M_Zp=2440 kL=1.00: 0.619 0.611 0.616 0.608 0.593 0.455 
M_Zp=2440 kL=1.05: 0.612 0.600 0.607 0.605 0.606 0.434 
M_Zp=2440 kL=1.10: 0.609 0.605 0.605 0.593 0.600 0.419 
M_Zp=2440 kL=1.15: 0.591 0.605 0.608 0.594 0.587 0.411 
M_Zp=2440 kL=1.20: 0.607 0.606 0.609 0.596 0.594 0.390 
M_Zp=2440 kL=1.25: 0.598 0.600 0.604 0.597 0.589 0.375 
M_Zp=2440 kL=1.30: 0.599 0.619 0.603 0.596 0.572 0.363 
M_Zp=2460 kL=0.90: 0.602 0.605 0.598 0.604 0.609 0.492 
M_Zp=2460 kL=0.95: 0.599 0.595 0.602 0.606 0.603 0.480 
M_Zp=2460 kL=1.00: 0.615 0.621 0.615 0.610 0.597 0.453 
M_Zp=2460 kL=1.05: 0.605 0.607 0.604 0.614 0.588 0.452 
M_Zp=2460 kL=1.10: 0.610 0.602 0.596 0.593 0.598 0.438 
M_Zp=2460 kL=1.15: 0.595 0.612 0.602 0.587 0.593 0.406 
M_Zp=2460 kL=1.20: 0.611 0.609 0.604 0.597 0.593 0.403 
M_Zp=2460 kL=1.25: 0.598 0.603 0.608 0.588 0.582 0.380 
M_Zp=2460 kL=1.30: 0.597 0.600 0.615 0.599 0.585 0.375 
M_Zp=2480 kL=0.90: 0.597 0.590 0.614 0.599 0.600 0.492 
M_Zp=2480 kL=0.95: 0.610 0.597 0.608 0.608 0.593 0.482 
M_Zp=2480 kL=1.00: 0.619 0.603 0.604 0.622 0.601 0.459 
M_Zp=2480 kL=1.05: 0.597 0.607 0.604 0.600 0.591 0.444 
M_Zp=2480 kL=1.10: 0.617 0.612 0.593 0.596 0.596 0.438 
M_Zp=2480 kL=1.15: 0.597 0.610 0.603 0.601 0.591 0.415 
M_Zp=2480 kL=1.20: 0.592 0.620 0.609 0.599 0.579 0.411 
M_Zp=2480 kL=1.25: 0.610 0.605 0.608 0.598 0.582 0.393 
M_Zp=2480 kL=1.30: 0.605 0.605 0.595 0.592 0.594 0.374 
M_Zp=2480 kL=1.35: 0.607 0.609 0.608 0.603 0.584 0.365 
M_Zp=2480 kL=1.40: 0.603 0.596 0.608 0.597 0.588 0.347 
M_Zp=2480 kL=1.45: 0.592 0.604 0.601 0.611 0.571 0.339 
M_Zp=2500 kL=0.90: 0.597 0.608 0.597 0.602 0.589 0.499 
M_Zp=2500 kL=0.95: 0.601 0.607 0.610 0.599 0.590 0.489 
M_Zp=2500 kL=1.00: 0.597 0.605 0.598 0.604 0.605 0.469 
M_Zp=2500 kL=1.05: 0.602 0.609 0.604 0.607 0.598 0.449 
M_Zp=2500 kL=1.10: 0.615 0.617 0.597 0.597 0.594 0.446 
M_Zp=2500 kL=1.15: 0.602 0.614 0.605 0.596 0.591 0.424 
M_Zp=2500 kL=1.20: 0.595 0.603 0.608 0.599 0.593 0.414 
M_Zp=2500 kL=1.25: 0.604 0.613 0.608 0.597 0.580 0.396 
M_Zp=2500 kL=1.30: 0.597 0.611 0.604 0.595 0.582 0.377 
M_Zp=2500 kL=1.35: 0.600 0.605 0.607 0.602 0.576 0.365 
M_Zp=2500 kL=1.45: 0.601 0.592 0.602 0.606 0.574 0.324 
M_Zp=2550 kL=0.95: 0.617 0.594 0.595 0.605 0.596 0.503 
M_Zp=2550 kL=1.00: 0.605 0.603 0.603 0.605 0.592 0.474 
M_Zp=2550 kL=1.05: 0.617 0.598 0.611 0.607 0.589 0.463 
M_Zp=2550 kL=1.10: 0.604 0.607 0.604 0.606 0.590 0.452 
M_Zp=2550 kL=1.15: 0.600 0.611 0.600 0.594 0.589 0.447 
M_Zp=2550 kL=1.20: 0.597 0.604 0.598 0.595 0.603 0.422 
M_Zp=2550 kL=1.25: 0.607 0.609 0.608 0.594 0.594 0.402 
M_Zp=2550 kL=1.30: 0.591 0.605 0.613 0.599 0.586 0.389 
M_Zp=2550 kL=1.35: 0.596 0.608 0.605 0.583 0.578 0.382 
M_Zp=2550 kL=1.40: 0.602 0.605 0.604 0.593 0.601 0.365 
M_Zp=2550 kL=1.45: 0.601 0.602 0.595 0.601 0.586 0.353 
M_Zp=2600 kL=0.95: 0.606 0.596 0.607 0.609 0.591 0.506 
M_Zp=2600 kL=1.00: 0.604 0.605 0.609 0.609 0.605 0.481 
M_Zp=2600 kL=1.05: 0.606 0.591 0.602 0.607 0.590 0.483 
M_Zp=2600 kL=1.10: 0.613 0.606 0.607 0.602 0.595 0.462 
M_Zp=2600 kL=1.15: 0.613 0.609 0.595 0.596 0.603 0.452 
M_Zp=2600 kL=1.20: 0.614 0.616 0.606 0.597 0.587 0.432 
M_Zp=2600 kL=1.25: 0.597 0.595 0.604 0.599 0.582 0.431 
M_Zp=2600 kL=1.35: 0.601 0.610 0.612 0.596 0.581 0.406 
M_Zp=2600 kL=1.40: 0.595 0.616 0.601 0.599 0.578 0.387 
M_Zp=2600 kL=1.45: 0.608 0.607 0.603 0.598 0.577 0.365 
M_Zp=2650 kL=1.00: 0.599 0.602 0.604 0.609 0.591 0.502 
M_Zp=2650 kL=1.05: 0.604 0.606 0.603 0.607 0.596 0.480 
M_Zp=2650 kL=1.10: 0.613 0.598 0.600 0.605 0.595 0.471 
M_Zp=2650 kL=1.15: 0.609 0.603 0.607 0.605 0.590 0.464 
M_Zp=2650 kL=1.20: 0.602 0.608 0.602 0.608 0.592 0.440 
M_Zp=2650 kL=1.25: 0.601 0.607 0.597 0.600 0.594 0.439 
M_Zp=2650 kL=1.30: 0.602 0.609 0.604 0.596 0.597 0.423 
M_Zp=2650 kL=1.35: 0.591 0.613 0.599 0.596 0.591 0.419 
M_Zp=2650 kL=1.40: 0.600 0.611 0.609 0.597 0.586 0.404 
M_Zp=2650 kL=1.45: 0.608 0.610 0.606 0.606 0.583 0.382 
M_Zp=2700 kL=0.95: 0.594 0.606 0.600 0.600 0.608 0.522 
M_Zp=2700 kL=1.00: 0.611 0.597 0.595 0.594 0.604 0.503 
M_Zp=2700 kL=1.05: 0.595 0.598 0.607 0.606 0.601 0.497 
M_Zp=2700 kL=1.10: 0.612 0.607 0.603 0.602 0.597 0.476 
M_Zp=2700 kL=1.20: 0.610 0.615 0.597 0.600 0.593 0.463 
M_Zp=2700 kL=1.25: 0.601 0.610 0.613 0.603 0.596 0.441 
M_Zp=2700 kL=1.30: 0.601 0.605 0.606 0.585 0.585 0.440 
M_Zp=2700 kL=1.35: 0.584 0.613 0.608 0.595 0.576 0.423 
M_Zp=2700 kL=1.40: 0.593 0.605 0.608 0.604 0.583 0.418 
M_Zp=2700 kL=1.45: 0.593 0.608 0.599 0.594 0.575 0.399 
M_Zp=2750 kL=0.95: 0.599 0.610 0.600 0.604 0.603 0.514 
M_Zp=2750 kL=1.00: 0.601 0.591 0.610 0.608 0.600 0.521 
M_Zp=2750 kL=1.10: 0.614 0.599 0.597 0.597 0.608 0.496 
M_Zp=2750 kL=1.15: 0.608 0.607 0.594 0.603 0.594 0.482 
M_Zp=2750 kL=1.20: 0.614 0.606 0.600 0.602 0.587 0.478 
M_Zp=2750 kL=1.25: 0.610 0.597 0.607 0.603 0.589 0.468 
M_Zp=2750 kL=1.35: 0.598 0.611 0.610 0.586 0.588 0.435 
M_Zp=2750 kL=1.40: 0.596 0.604 0.608 0.595 0.587 0.422 
M_Zp=2750 kL=1.45: 0.602 0.605 0.607 0.601 0.586 0.407 
M_Zp=1000 kL=0.10: 0.588 0.605 0.607 0.609 0.610 0.530 
M_Zp=1000 kL=0.15: 0.605 0.603 0.584 0.598 0.607 0.460 
M_Zp=1000 kL=0.20: 0.616 0.606 0.614 0.602 0.599 0.387 
M_Zp=1000 kL=0.25: 0.613 0.611 0.608 0.591 0.609 0.330 
M_Zp=1000 kL=0.30: 0.610 0.584 0.608 0.602 0.596 0.280 
M_Zp=1000 kL=0.35: 0.615 0.606 0.605 0.608 0.589 0.244 
M_Zp=1000 kL=0.40: 0.619 0.605 0.605 0.606 0.598 0.211 
M_Zp=1000 kL=0.45: 0.619 0.601 0.603 0.603 0.578 0.179 
M_Zp=1000 kL=0.50: 0.593 0.605 0.601 0.599 0.583 0.151 
M_Zp=1000 kL=0.55: 0.593 0.612 0.601 0.602 0.577 0.154 
M_Zp=1000 kL=0.60: 0.593 0.600 0.598 0.594 0.558 0.139 
M_Zp=1100 kL=0.10: 0.600 0.598 0.596 0.617 0.611 0.555 
M_Zp=1100 kL=0.15: 0.597 0.600 0.605 0.614 0.611 0.496 
M_Zp=1100 kL=0.20: 0.607 0.606 0.600 0.600 0.608 0.433 
M_Zp=1100 kL=0.25: 0.604 0.603 0.597 0.605 0.610 0.377 
M_Zp=1100 kL=0.30: 0.608 0.603 0.611 0.603 0.602 0.332 
M_Zp=1100 kL=0.35: 0.610 0.594 0.598 0.611 0.592 0.283 
M_Zp=1100 kL=0.40: 0.604 0.593 0.603 0.594 0.595 0.247 
M_Zp=1100 kL=0.45: 0.617 0.594 0.605 0.599 0.582 0.224 
M_Zp=1100 kL=0.50: 0.609 0.607 0.596 0.601 0.586 0.191 
M_Zp=1100 kL=0.55: 0.597 0.595 0.594 0.590 0.578 0.173 
M_Zp=1100 kL=0.60: 0.604 0.598 0.613 0.607 0.578 0.153 
M_Zp=1200 kL=0.10: 0.598 0.613 0.606 0.602 0.614 0.573 
M_Zp=1200 kL=0.15: 0.603 0.619 0.603 0.606 0.602 0.524 
M_Zp=1200 kL=0.20: 0.600 0.607 0.600 0.612 0.589 0.480 
M_Zp=1200 kL=0.25: 0.611 0.614 0.612 0.603 0.600 0.425 
M_Zp=1200 kL=0.30: 0.599 0.601 0.610 0.600 0.604 0.374 
M_Zp=1200 kL=0.35: 0.596 0.599 0.612 0.609 0.597 0.331 
M_Zp=1200 kL=0.40: 0.608 0.591 0.614 0.600 0.597 0.290 
M_Zp=1200 kL=0.45: 0.596 0.595 0.609 0.588 0.585 0.254 
M_Zp=1200 kL=0.50: 0.590 0.601 0.607 0.614 0.586 0.221 
M_Zp=1200 kL=0.55: 0.599 0.598 0.593 0.600 0.584 0.211 
M_Zp=1200 kL=0.60: 0.592 0.597 0.604 0.599 0.582 0.181 
M_Zp=1300 kL=0.10: 0.606 0.610 0.600 0.610 0.610 0.583 
M_Zp=1300 kL=0.15: 0.596 0.613 0.598 0.611 0.611 0.548 
M_Zp=1300 kL=0.20: 0.599 0.604 0.609 0.608 0.609 0.507 
M_Zp=1300 kL=0.25: 0.599 0.593 0.606 0.611 0.612 0.460 
M_Zp=1300 kL=0.30: 0.602 0.605 0.598 0.610 0.605 0.414 
M_Zp=1300 kL=0.35: 0.619 0.604 0.599 0.611 0.602 0.367 
M_Zp=1300 kL=0.40: 0.601 0.599 0.600 0.607 0.608 0.331 
M_Zp=1300 kL=0.45: 0.604 0.590 0.601 0.612 0.603 0.301 
M_Zp=1300 kL=0.50: 0.595 0.596 0.607 0.606 0.596 0.272 
M_Zp=1300 kL=0.55: 0.607 0.597 0.604 0.600 0.600 0.250 
M_Zp=1300 kL=0.60: 0.597 0.611 0.611 0.605 0.591 0.222 
M_Zp=1400 kL=0.15: 0.602 0.604 0.606 0.618 0.617 0.566 
M_Zp=1400 kL=0.20: 0.608 0.599 0.604 0.609 0.612 0.531 
M_Zp=1400 kL=0.25: 0.601 0.604 0.606 0.606 0.604 0.492 
M_Zp=1400 kL=0.30: 0.610 0.587 0.607 0.611 0.605 0.452 
M_Zp=1400 kL=0.35: 0.608 0.599 0.609 0.604 0.603 0.414 
M_Zp=1400 kL=0.40: 0.612 0.603 0.601 0.616 0.608 0.385 
M_Zp=1400 kL=0.45: 0.590 0.610 0.612 0.611 0.599 0.340 
M_Zp=1400 kL=0.50: 0.606 0.600 0.599 0.613 0.591 0.308 
M_Zp=1400 kL=0.55: 0.597 0.616 0.606 0.603 0.601 0.279 
M_Zp=1400 kL=0.60: 0.604 0.597 0.601 0.609 0.586 0.260 
M_Zp=1400 kL=0.65: 0.602 0.602 0.611 0.606 0.585 0.229 
M_Zp=1500 kL=0.15: 0.610 0.604 0.598 0.609 0.611 0.573 
M_Zp=1500 kL=0.20: 0.606 0.603 0.608 0.611 0.596 0.546 
M_Zp=1500 kL=0.25: 0.600 0.601 0.608 0.601 0.594 0.520 
M_Zp=1500 kL=0.30: 0.605 0.591 0.608 0.608 0.609 0.482 
M_Zp=1500 kL=0.40: 0.601 0.604 0.604 0.611 0.599 0.419 
M_Zp=1500 kL=0.45: 0.585 0.602 0.606 0.608 0.597 0.387 
M_Zp=1500 kL=0.50: 0.600 0.599 0.606 0.609 0.598 0.350 
M_Zp=1500 kL=0.55: 0.599 0.593 0.608 0.600 0.596 0.331 
M_Zp=1500 kL=0.60: 0.605 0.600 0.609 0.606 0.590 0.302 
M_Zp=1500 kL=0.65: 0.613 0.594 0.601 0.599 0.590 0.276 
M_Zp=1600 kL=0.15: 0.610 0.596 0.600 0.610 0.617 0.576 
M_Zp=1600 kL=0.20: 0.597 0.613 0.608 0.620 0.612 0.566 
M_Zp=1600 kL=0.25: 0.606 0.598 0.596 0.610 0.594 0.538 
M_Zp=1600 kL=0.30: 0.602 0.601 0.605 0.605 0.608 0.509 
M_Zp=1600 kL=0.35: 0.601 0.602 0.619 0.606 0.604 0.490 
M_Zp=1600 kL=0.40: 0.604 0.619 0.614 0.606 0.589 0.461 
M_Zp=1600 kL=0.45: 0.610 0.609 0.596 0.601 0.604 0.420 
M_Zp=1600 kL=0.50: 0.594 0.597 0.602 0.602 0.605 0.383 
M_Zp=1600 kL=0.55: 0.605 0.596 0.620 0.601 0.605 0.366 
M_Zp=1600 kL=0.60: 0.597 0.602 0.613 0.601 0.598 0.334 
M_Zp=1600 kL=0.65: 0.617 0.596 0.608 0.606 0.595 0.313 
M_Zp=1700 kL=0.15: 0.603 0.604 0.598 0.604 0.622 0.595 
M_Zp=1700 kL=0.20: 0.604 0.611 0.609 0.612 0.612 0.575 
M_Zp=1700 kL=0.25: 0.599 0.614 0.609 0.608 0.606 0.555 
M_Zp=1700 kL=0.30: 0.597 0.602 0.606 0.607 0.606 0.529 
M_Zp=1700 kL=0.35: 0.597 0.593 0.612 0.614 0.613 0.499 
M_Zp=1700 kL=0.40: 0.603 0.603 0.597 0.614 0.601 0.489 
M_Zp=1700 kL=0.45: 0.612 0.606 0.604 0.609 0.606 0.459 
M_Zp=1700 kL=0.50: 0.596 0.609 0.604 0.597 0.615 0.437 
M_Zp=1700 kL=0.55: 0.589 0.605 0.610 0.618 0.604 0.406 
M_Zp=1700 kL=0.60: 0.592 0.598 0.611 0.616 0.606 0.379 
M_Zp=1700 kL=0.65: 0.596 0.604 0.609 0.608 0.594 0.348 
M_Zp=1800 kL=0.15: 0.603 0.609 0.613 0.613 0.618 0.598 
M_Zp=1800 kL=0.20: 0.605 0.599 0.603 0.604 0.611 0.581 
M_Zp=1800 kL=0.30: 0.603 0.605 0.606 0.616 0.611 0.547 
M_Zp=1800 kL=0.35: 0.613 0.602 0.606 0.612 0.603 0.528 
M_Zp=1800 kL=0.40: 0.602 0.603 0.608 0.604 0.607 0.507 
M_Zp=1800 kL=0.45: 0.617 0.606 0.606 0.610 0.606 0.490 
M_Zp=1800 kL=0.50: 0.601 0.598 0.599 0.605 0.605 0.464 
M_Zp=1800 kL=0.55: 0.598 0.607 0.592 0.605 0.594 0.438 
M_Zp=1800 kL=0.60: 0.595 0.606 0.604 0.608 0.605 0.398 
M_Zp=1800 kL=0.65: 0.593 0.613 0.605 0.601 0.601 0.388 
M_Zp=1900 kL=0.15: 0.602 0.611 0.612 0.606 0.617 0.594 
M_Zp=1900 kL=0.20: 0.604 0.597 0.607 0.608 0.606 0.590 
M_Zp=1900 kL=0.25: 0.601 0.597 0.605 0.608 0.617 0.574 
M_Zp=1900 kL=0.30: 0.607 0.594 0.600 0.614 0.608 0.557 
M_Zp=1900 kL=0.35: 0.604 0.599 0.612 0.606 0.604 0.554 
M_Zp=1900 kL=0.45: 0.609 0.609 0.606 0.606 0.610 0.510 
M_Zp=1900 kL=0.50: 0.606 0.612 0.606 0.603 0.606 0.492 
M_Zp=1900 kL=0.55: 0.613 0.612 0.609 0.606 0.602 0.475 
M_Zp=1900 kL=0.60: 0.587 0.601 0.604 0.609 0.601 0.446 
M_Zp=1900 kL=0.65: 0.594 0.611 0.614 0.605 0.593 0.421 
M_Zp=2800 kL=0.95: 0.590 0.605 0.606 0.603 0.597 0.530 
M_Zp=2800 kL=1.00: 0.604 0.609 0.605 0.607 0.604 0.523 
M_Zp=2800 kL=1.05: 0.606 0.603 0.610 0.595 0.607 0.514 
M_Zp=2800 kL=1.10: 0.600 0.605 0.609 0.602 0.594 0.506 
M_Zp=2800 kL=1.15: 0.617 0.612 0.605 0.607 0.589 0.489 
M_Zp=2800 kL=1.20: 0.606 0.608 0.600 0.605 0.588 0.484 
M_Zp=2800 kL=1.25: 0.613 0.609 0.588 0.602 0.582 0.466 
M_Zp=2800 kL=1.30: 0.606 0.619 0.615 0.601 0.604 0.450 
M_Zp=2800 kL=1.35: 0.594 0.606 0.610 0.590 0.583 0.443 
M_Zp=2800 kL=1.40: 0.597 0.608 0.603 0.600 0.591 0.432 
M_Zp=2800 kL=1.45: 0.600 0.604 0.599 0.594 0.591 0.429 
M_Zp=2850 kL=0.95: 0.583 0.607 0.607 0.607 0.605 0.541 
M_Zp=2850 kL=1.00: 0.595 0.605 0.604 0.593 0.603 0.531 
M_Zp=2850 kL=1.05: 0.611 0.599 0.610 0.603 0.604 0.517 
M_Zp=2850 kL=1.10: 0.605 0.594 0.612 0.604 0.605 0.517 
M_Zp=2850 kL=1.15: 0.613 0.598 0.608 0.602 0.601 0.510 
M_Zp=2850 kL=1.20: 0.602 0.604 0.603 0.604 0.589 0.491 
M_Zp=2850 kL=1.25: 0.615 0.606 0.604 0.607 0.592 0.477 
M_Zp=2850 kL=1.30: 0.599 0.600 0.603 0.599 0.591 0.467 
M_Zp=2850 kL=1.35: 0.612 0.602 0.602 0.591 0.583 0.466 
M_Zp=2850 kL=1.40: 0.608 0.614 0.616 0.588 0.575 0.438 
M_Zp=2850 kL=1.45: 0.600 0.602 0.617 0.594 0.586 0.440 
M_Zp=2900 kL=0.95: 0.585 0.599 0.599 0.611 0.598 0.544 
M_Zp=2900 kL=1.00: 0.600 0.613 0.600 0.604 0.601 0.536 
M_Zp=2900 kL=1.05: 0.605 0.598 0.606 0.603 0.608 0.529 
M_Zp=2900 kL=1.10: 0.605 0.606 0.612 0.602 0.600 0.515 
M_Zp=2900 kL=1.15: 0.600 0.606 0.605 0.607 0.590 0.505 
M_Zp=2900 kL=1.20: 0.612 0.601 0.609 0.608 0.582 0.493 
M_Zp=2900 kL=1.25: 0.607 0.610 0.604 0.609 0.595 0.480 
M_Zp=2900 kL=1.35: 0.607 0.618 0.614 0.601 0.593 0.461 
M_Zp=2900 kL=1.40: 0.589 0.609 0.609 0.591 0.586 0.465 
M_Zp=2900 kL=1.45: 0.597 0.601 0.596 0.606 0.587 0.443 
M_Zp=2950 kL=0.95: 0.592 0.598 0.602 0.602 0.599 0.549 
M_Zp=2950 kL=1.00: 0.593 0.605 0.605 0.594 0.608 0.546 
M_Zp=2950 kL=1.05: 0.600 0.603 0.605 0.596 0.603 0.533 
M_Zp=2950 kL=1.10: 0.613 0.589 0.603 0.606 0.607 0.528 
M_Zp=2950 kL=1.20: 0.610 0.605 0.603 0.597 0.598 0.517 
M_Zp=2950 kL=1.25: 0.611 0.605 0.599 0.597 0.590 0.503 
M_Zp=2950 kL=1.30: 0.610 0.610 0.600 0.610 0.597 0.484 
M_Zp=2950 kL=1.35: 0.599 0.599 0.608 0.593 0.586 0.476 
M_Zp=2950 kL=1.40: 0.608 0.602 0.602 0.589 0.580 0.457 
M_Zp=3000 kL=0.95: 0.606 0.612 0.599 0.605 0.598 0.551 
M_Zp=3000 kL=1.00: 0.585 0.598 0.614 0.608 0.598 0.545 
M_Zp=3000 kL=1.05: 0.594 0.604 0.603 0.593 0.590 0.545 
M_Zp=3000 kL=1.15: 0.604 0.603 0.606 0.599 0.596 0.518 
M_Zp=3000 kL=1.20: 0.594 0.601 0.591 0.608 0.599 0.511 
M_Zp=3000 kL=1.25: 0.613 0.602 0.602 0.605 0.592 0.504 
M_Zp=3000 kL=1.30: 0.605 0.611 0.603 0.609 0.598 0.497 
M_Zp=3000 kL=1.35: 0.611 0.609 0.586 0.606 0.597 0.484 
M_Zp=3000 kL=1.40: 0.603 0.612 0.613 0.597 0.590 0.482 
M_Zp=3000 kL=1.45: 0.598 0.608 0.609 0.592 0.586 0.463 
M_Zp=3100 kL=0.95: 0.607 0.612 0.604 0.608 0.604 0.562 
M_Zp=3100 kL=1.00: 0.600 0.598 0.599 0.604 0.594 0.561 
M_Zp=3100 kL=1.10: 0.590 0.597 0.609 0.607 0.608 0.540 
M_Zp=3100 kL=1.15: 0.610 0.589 0.609 0.603 0.604 0.523 
M_Zp=3100 kL=1.20: 0.603 0.596 0.603 0.601 0.602 0.525 
M_Zp=3100 kL=1.25: 0.606 0.607 0.601 0.596 0.599 0.522 
M_Zp=3100 kL=1.30: 0.606 0.611 0.603 0.608 0.593 0.513 
M_Zp=3100 kL=1.35: 0.609 0.610 0.600 0.619 0.605 0.503 
M_Zp=3100 kL=1.40: 0.608 0.605 0.594 0.603 0.603 0.493 
M_Zp=3100 kL=1.45: 0.604 0.616 0.608 0.600 0.596 0.486 
M_Zp=3200 kL=0.95: 0.614 0.607 0.616 0.603 0.597 0.568 
M_Zp=3200 kL=1.00: 0.613 0.611 0.606 0.606 0.601 0.560 
M_Zp=3200 kL=1.05: 0.585 0.596 0.610 0.607 0.608 0.551 
M_Zp=3200 kL=1.10: 0.601 0.607 0.604 0.601 0.609 0.564 
M_Zp=3200 kL=1.20: 0.608 0.597 0.606 0.611 0.605 0.547 
M_Zp=3200 kL=1.25: 0.606 0.601 0.609 0.614 0.606 0.524 
M_Zp=3200 kL=1.30: 0.613 0.601 0.606 0.604 0.595 0.525 
M_Zp=3200 kL=1.35: 0.596 0.604 0.601 0.608 0.600 0.514 
M_Zp=3200 kL=1.40: 0.616 0.605 0.609 0.611 0.593 0.498 
M_Zp=3200 kL=1.45: 0.604 0.604 0.597 0.603 0.590 0.496 
M_Zp=3300 kL=0.95: 0.604 0.606 0.596 0.601 0.606 0.580 
M_Zp=3300 kL=1.00: 0.606 0.614 0.612 0.613 0.604 0.571 
M_Zp=3300 kL=1.05: 0.598 0.617 0.599 0.600 0.601 0.556 
M_Zp=3300 kL=1.10: 0.586 0.611 0.611 0.603 0.604 0.557 
M_Zp=3300 kL=1.15: 0.591 0.601 0.603 0.593 0.599 0.561 
M_Zp=3300 kL=1.20: 0.598 0.592 0.612 0.595 0.600 0.553 
M_Zp=3300 kL=1.25: 0.605 0.595 0.607 0.606 0.591 0.541 
M_Zp=3300 kL=1.30: 0.596 0.610 0.602 0.612 0.598 0.532 
M_Zp=3300 kL=1.35: 0.615 0.614 0.597 0.599 0.606 0.532 
M_Zp=3300 kL=1.40: 0.603 0.605 0.599 0.595 0.595 0.523 
M_Zp=3300 kL=1.45: 0.614 0.610 0.601 0.608 0.596 0.511 
M_Zp=1050 kL=0.10: 0.597 0.597 0.601 0.614 0.607 0.531 
M_Zp=1050 kL=0.15: 0.613 0.601 0.606 0.605 0.611 0.480 
M_Zp=1050 kL=0.20: 0.605 0.598 0.599 0.615 0.604 0.413 
M_Zp=1050 kL=0.25: 0.611 0.609 0.598 0.591 0.604 0.349 
M_Zp=1050 kL=0.30: 0.599 0.586 0.609 0.606 0.602 0.302 
M_Zp=1050 kL=0.35: 0.598 0.595 0.607 0.607 0.586 0.269 
M_Zp=1050 kL=0.40: 0.607 0.597 0.614 0.611 0.587 0.227 
M_Zp=1050 kL=0.45: 0.607 0.605 0.605 0.609 0.590 0.200 
M_Zp=1050 kL=0.50: 0.603 0.596 0.613 0.601 0.588 0.179 
M_Zp=1050 kL=0.55: 0.607 0.625 0.600 0.600 0.592 0.144 
M_Zp=1050 kL=0.60: 0.604 0.592 0.597 0.589 0.555 0.159 
M_Zp=1150 kL=0.10: 0.604 0.608 0.601 0.608 0.612 0.564 
M_Zp=1150 kL=0.15: 0.608 0.604 0.613 0.615 0.608 0.513 
M_Zp=1150 kL=0.20: 0.599 0.594 0.615 0.606 0.608 0.452 
M_Zp=1150 kL=0.25: 0.606 0.607 0.605 0.613 0.618 0.399 
M_Zp=1150 kL=0.30: 0.602 0.593 0.596 0.595 0.610 0.345 
M_Zp=1150 kL=0.35: 0.591 0.594 0.610 0.604 0.608 0.316 
M_Zp=1150 kL=0.40: 0.601 0.588 0.606 0.596 0.594 0.265 
M_Zp=1150 kL=0.45: 0.588 0.588 0.609 0.602 0.597 0.236 
M_Zp=1150 kL=0.50: 0.606 0.613 0.594 0.615 0.589 0.209 
M_Zp=1150 kL=0.55: 0.602 0.607 0.612 0.592 0.580 0.192 
M_Zp=1150 kL=0.60: 0.584 0.591 0.597 0.613 0.593 0.177 
M_Zp=1250 kL=0.10: 0.593 0.605 0.608 0.604 0.612 0.573 
M_Zp=1250 kL=0.15: 0.605 0.622 0.607 0.611 0.604 0.524 
M_Zp=1250 kL=0.20: 0.601 0.609 0.605 0.613 0.607 0.485 
M_Zp=1250 kL=0.25: 0.609 0.597 0.614 0.611 0.603 0.448 
M_Zp=1250 kL=0.30: 0.602 0.601 0.599 0.602 0.581 0.400 
M_Zp=1250 kL=0.35: 0.604 0.596 0.603 0.594 0.599 0.347 
M_Zp=1250 kL=0.40: 0.612 0.600 0.604 0.597 0.597 0.304 
M_Zp=1250 kL=0.45: 0.604 0.595 0.601 0.598 0.598 0.276 
M_Zp=1250 kL=0.50: 0.601 0.608 0.594 0.610 0.611 0.252 
M_Zp=1250 kL=0.55: 0.603 0.601 0.602 0.601 0.586 0.228 
M_Zp=1250 kL=0.60: 0.599 0.606 0.606 0.599 0.586 0.190 
M_Zp=1350 kL=0.15: 0.596 0.606 0.598 0.605 0.609 0.557 
M_Zp=1350 kL=0.20: 0.608 0.597 0.599 0.603 0.616 0.515 
M_Zp=1350 kL=0.25: 0.605 0.606 0.610 0.620 0.600 0.482 
M_Zp=1350 kL=0.30: 0.607 0.586 0.605 0.606 0.604 0.439 
M_Zp=1350 kL=0.35: 0.597 0.600 0.608 0.604 0.611 0.395 
M_Zp=1350 kL=0.40: 0.586 0.611 0.593 0.598 0.598 0.356 
M_Zp=1350 kL=0.45: 0.593 0.594 0.602 0.603 0.614 0.311 
M_Zp=1350 kL=0.50: 0.594 0.605 0.610 0.601 0.594 0.288 
M_Zp=1350 kL=0.55: 0.615 0.605 0.598 0.608 0.585 0.261 
M_Zp=1350 kL=0.60: 0.593 0.600 0.613 0.602 0.594 0.236 
M_Zp=1350 kL=0.65: 0.604 0.610 0.603 0.596 0.596 0.214 
M_Zp=1450 kL=0.15: 0.604 0.609 0.601 0.607 0.612 0.571 
M_Zp=1450 kL=0.20: 0.611 0.603 0.601 0.613 0.613 0.548 
M_Zp=1450 kL=0.25: 0.601 0.587 0.611 0.610 0.611 0.502 
M_Zp=1450 kL=0.30: 0.600 0.596 0.613 0.606 0.604 0.469 
M_Zp=1450 kL=0.35: 0.604 0.598 0.602 0.610 0.614 0.428 
M_Zp=1450 kL=0.40: 0.612 0.603 0.610 0.608 0.599 0.393 
M_Zp=1450 kL=0.45: 0.597 0.599 0.608 0.604 0.602 0.366 
M_Zp=1450 kL=0.50: 0.601 0.596 0.596 0.593 0.600 0.338 
M_Zp=1450 kL=0.55: 0.594 0.598 0.605 0.598 0.591 0.303 
M_Zp=1450 kL=0.60: 0.611 0.607 0.605 0.601 0.598 0.270 
M_Zp=1450 kL=0.65: 0.607 0.593 0.617 0.611 0.599 0.246 
M_Zp=1550 kL=0.20: 0.602 0.604 0.612 0.600 0.607 0.553 
M_Zp=1550 kL=0.25: 0.602 0.595 0.600 0.603 0.618 0.525 
M_Zp=1550 kL=0.30: 0.602 0.601 0.609 0.608 0.608 0.504 
M_Zp=1550 kL=0.35: 0.600 0.593 0.601 0.612 0.608 0.466 
M_Zp=1550 kL=0.40: 0.605 0.612 0.593 0.609 0.612 0.435 
M_Zp=1550 kL=0.45: 0.596 0.608 0.603 0.600 0.594 0.410 
M_Zp=1550 kL=0.50: 0.586 0.613 0.610 0.606 0.596 0.376 
M_Zp=1550 kL=0.55: 0.608 0.592 0.607 0.601 0.590 0.348 
M_Zp=1550 kL=0.60: 0.607 0.602 0.607 0.596 0.599 0.332 
M_Zp=1550 kL=0.65: 0.619 0.601 0.613 0.591 0.582 0.283 
M_Zp=1650 kL=0.15: 0.601 0.602 0.601 0.603 0.607 0.579 
M_Zp=1650 kL=0.20: 0.602 0.602 0.601 0.606 0.607 0.566 
M_Zp=1650 kL=0.25: 0.610 0.604 0.601 0.608 0.602 0.545 
M_Zp=1650 kL=0.30: 0.609 0.600 0.603 0.597 0.609 0.518 
M_Zp=1650 kL=0.35: 0.602 0.599 0.614 0.603 0.595 0.490 
M_Zp=1650 kL=0.40: 0.604 0.613 0.605 0.621 0.598 0.467 
M_Zp=1650 kL=0.45: 0.602 0.610 0.599 0.609 0.597 0.437 
M_Zp=1650 kL=0.50: 0.600 0.615 0.600 0.597 0.598 0.415 
M_Zp=1650 kL=0.55: 0.594 0.605 0.603 0.613 0.598 0.378 
M_Zp=1650 kL=0.60: 0.609 0.606 0.613 0.611 0.592 0.365 
M_Zp=1650 kL=0.65: 0.609 0.601 0.608 0.612 0.599 0.330 
M_Zp=1750 kL=0.15: 0.604 0.602 0.603 0.599 0.612 0.586 
M_Zp=1750 kL=0.20: 0.603 0.608 0.599 0.614 0.607 0.573 
M_Zp=1750 kL=0.30: 0.607 0.611 0.603 0.608 0.597 0.545 
M_Zp=1750 kL=0.35: 0.611 0.599 0.604 0.604 0.604 0.524 
M_Zp=1750 kL=0.40: 0.610 0.591 0.605 0.611 0.610 0.492 
M_Zp=1750 kL=0.45: 0.595 0.613 0.606 0.617 0.595 0.476 
M_Zp=1750 kL=0.55: 0.591 0.599 0.602 0.611 0.595 0.426 
M_Zp=1750 kL=0.60: 0.591 0.602 0.604 0.610 0.597 0.391 
M_Zp=1750 kL=0.65: 0.589 0.603 0.594 0.609 0.588 0.376 
M_Zp=1850 kL=0.15: 0.607 0.607 0.611 0.608 0.608 0.599 
M_Zp=1850 kL=0.20: 0.608 0.606 0.602 0.610 0.614 0.587 
M_Zp=1850 kL=0.25: 0.609 0.606 0.607 0.622 0.606 0.574 
M_Zp=1850 kL=0.30: 0.605 0.605 0.607 0.606 0.599 0.557 
M_Zp=1850 kL=0.35: 0.606 0.609 0.618 0.621 0.605 0.542 
M_Zp=1850 kL=0.40: 0.596 0.599 0.623 0.610 0.611 0.521 
M_Zp=1850 kL=0.45: 0.610 0.601 0.605 0.607 0.602 0.496 
M_Zp=1850 kL=0.50: 0.602 0.603 0.610 0.606 0.600 0.477 
M_Zp=1850 kL=0.55: 0.599 0.609 0.609 0.606 0.594 0.450 
M_Zp=1850 kL=0.60: 0.585 0.609 0.608 0.611 0.596 0.425 
M_Zp=1850 kL=0.65: 0.596 0.605 0.614 0.606 0.595 0.402 
M_Zp=1950 kL=0.15: 0.605 0.622 0.616 0.595 0.614 0.599 
M_Zp=1950 kL=0.20: 0.612 0.603 0.609 0.613 0.612 0.583 
M_Zp=1950 kL=0.25: 0.599 0.600 0.604 0.611 0.612 0.579 
M_Zp=1950 kL=0.30: 0.603 0.606 0.607 0.605 0.609 0.565 
M_Zp=1950 kL=0.35: 0.606 0.600 0.609 0.600 0.604 0.554 
M_Zp=1950 kL=0.40: 0.605 0.593 0.609 0.615 0.609 0.535 
M_Zp=1950 kL=0.45: 0.596 0.602 0.615 0.604 0.610 0.519 
M_Zp=1950 kL=0.50: 0.609 0.618 0.604 0.611 0.610 0.498 
M_Zp=1950 kL=0.55: 0.614 0.603 0.605 0.612 0.609 0.480 
M_Zp=1950 kL=0.60: 0.609 0.620 0.602 0.599 0.598 0.465 
M_Zp=1950 kL=0.65: 0.592 0.601 0.607 0.602 0.599 0.436 
M_Zp=2200 kL=0.15: 0.597 0.607 0.607 0.607 0.613 0.603 
M_Zp=2200 kL=0.20: 0.603 0.613 0.609 0.607 0.611 0.592 
M_Zp=2200 kL=0.25: 0.605 0.610 0.606 0.609 0.609 0.587 
M_Zp=2200 kL=0.30: 0.613 0.603 0.605 0.610 0.611 0.586 
M_Zp=2200 kL=0.35: 0.613 0.605 0.616 0.612 0.614 0.578 
M_Zp=2200 kL=0.40: 0.598 0.604 0.611 0.614 0.607 0.561 
M_Zp=2200 kL=0.45: 0.616 0.601 0.611 0.606 0.602 0.554 
M_Zp=2200 kL=0.50: 0.601 0.598 0.612 0.610 0.599 0.539 
M_Zp=2200 kL=0.55: 0.606 0.610 0.606 0.606 0.598 0.542 
M_Zp=2200 kL=0.60: 0.610 0.614 0.605 0.612 0.606 0.515 
M_Zp=2200 kL=0.65: 0.615 0.620 0.603 0.602 0.602 0.494 
M_Zp=2200 kL=0.70: 0.593 0.596 0.602 0.601 0.596 0.488 
M_Zp=2200 kL=0.75: 0.601 0.603 0.607 0.603 0.597 0.471 
M_Zp=2200 kL=0.85: 0.605 0.607 0.601 0.603 0.585 0.435 
M_Zp=2200 kL=0.90: 0.602 0.607 0.608 0.603 0.612 0.416 
M_Zp=2200 kL=0.95: 0.605 0.603 0.609 0.595 0.598 0.405 
M_Zp=2200 kL=1.00: 0.608 0.615 0.610 0.593 0.581 0.392 
M_Zp=2200 kL=1.05: 0.603 0.605 0.609 0.600 0.594 0.367 
M_Zp=2200 kL=1.10: 0.597 0.597 0.597 0.598 0.575 0.352 
M_Zp=2200 kL=1.15: 0.599 0.608 0.601 0.596 0.576 0.331 
M_Zp=2200 kL=1.20: 0.601 0.604 0.593 0.593 0.587 0.322 
M_Zp=2200 kL=1.25: 0.604 0.603 0.604 0.600 0.589 0.298 
M_Zp=2200 kL=1.30: 0.593 0.608 0.599 0.600 0.573 0.273 
M_Zp=2200 kL=1.35: 0.589 0.616 0.599 0.595 0.575 0.262 
M_Zp=2200 kL=1.40: 0.596 0.592 0.602 0.598 0.573 0.241 
M_Zp=2200 kL=1.45: 0.602 0.585 0.592 0.590 0.567 0.220 
M_Zp=2220 kL=0.30: 0.603 0.596 0.607 0.608 0.612 0.586 
M_Zp=2220 kL=0.35: 0.613 0.597 0.612 0.615 0.613 0.581 
M_Zp=2220 kL=0.40: 0.592 0.601 0.613 0.614 0.591 0.569 
M_Zp=2220 kL=0.50: 0.601 0.595 0.617 0.610 0.602 0.548 
M_Zp=2220 kL=0.55: 0.604 0.614 0.598 0.608 0.597 0.540 
M_Zp=2220 kL=0.60: 0.612 0.610 0.602 0.612 0.592 0.534 
M_Zp=2220 kL=0.65: 0.612 0.613 0.603 0.606 0.608 0.498 
M_Zp=2220 kL=0.70: 0.598 0.600 0.603 0.610 0.605 0.490 
M_Zp=2220 kL=0.75: 0.598 0.609 0.607 0.597 0.607 0.478 
M_Zp=2220 kL=0.80: 0.599 0.605 0.609 0.604 0.594 0.463 
M_Zp=2220 kL=0.85: 0.603 0.605 0.601 0.604 0.596 0.442 
M_Zp=2220 kL=0.90: 0.606 0.600 0.611 0.595 0.595 0.418 
M_Zp=2220 kL=0.95: 0.609 0.609 0.612 0.595 0.584 0.409 
M_Zp=2220 kL=1.00: 0.607 0.614 0.607 0.596 0.579 0.393 
M_Zp=2220 kL=1.05: 0.601 0.600 0.610 0.590 0.598 0.368 
M_Zp=2220 kL=1.10: 0.592 0.608 0.609 0.587 0.574 0.349 
M_Zp=2240 kL=0.25: 0.606 0.603 0.607 0.618 0.612 0.588 
M_Zp=2240 kL=0.30: 0.608 0.600 0.606 0.620 0.600 0.584 
M_Zp=2240 kL=0.40: 0.603 0.600 0.616 0.615 0.601 0.565 
M_Zp=2240 kL=0.45: 0.609 0.586 0.614 0.612 0.607 0.559 
M_Zp=2240 kL=0.50: 0.602 0.604 0.612 0.606 0.605 0.543 
M_Zp=2240 kL=0.55: 0.609 0.610 0.606 0.615 0.607 0.539 
M_Zp=2240 kL=0.60: 0.600 0.602 0.603 0.603 0.605 0.530 
M_Zp=2240 kL=0.65: 0.601 0.612 0.607 0.601 0.606 0.504 
M_Zp=2240 kL=0.70: 0.599 0.606 0.609 0.605 0.597 0.497 
M_Zp=2240 kL=0.75: 0.584 0.603 0.611 0.601 0.600 0.469 
M_Zp=2240 kL=0.80: 0.597 0.604 0.603 0.606 0.589 0.456 
M_Zp=2240 kL=0.85: 0.611 0.601 0.600 0.610 0.609 0.445 
M_Zp=2240 kL=0.90: 0.616 0.604 0.613 0.602 0.588 0.436 
M_Zp=2240 kL=0.95: 0.599 0.607 0.601 0.603 0.588 0.416 
M_Zp=2240 kL=1.00: 0.603 0.617 0.599 0.602 0.601 0.396 
M_Zp=2240 kL=1.05: 0.614 0.610 0.604 0.588 0.591 0.381 
M_Zp=2240 kL=1.10: 0.598 0.604 0.602 0.596 0.592 0.363 
M_Zp=2260 kL=0.25: 0.607 0.604 0.604 0.613 0.609 0.601 
M_Zp=2260 kL=0.30: 0.604 0.600 0.607 0.623 0.608 0.588 
M_Zp=2260 kL=0.35: 0.603 0.601 0.608 0.621 0.615 0.575 
M_Zp=2260 kL=0.40: 0.606 0.608 0.622 0.617 0.611 0.575 
M_Zp=2260 kL=0.45: 0.608 0.593 0.611 0.605 0.607 0.557 
M_Zp=2260 kL=0.50: 0.597 0.610 0.612 0.617 0.594 0.551 
M_Zp=2260 kL=0.55: 0.623 0.601 0.602 0.607 0.597 0.539 
M_Zp=2260 kL=0.60: 0.611 0.610 0.606 0.616 0.600 0.526 
M_Zp=2260 kL=0.65: 0.610 0.606 0.610 0.608 0.616 0.521 
M_Zp=2260 kL=0.70: 0.605 0.608 0.607 0.602 0.605 0.499 
M_Zp=2260 kL=0.75: 0.591 0.609 0.615 0.601 0.601 0.484 
M_Zp=2260 kL=0.80: 0.596 0.610 0.604 0.592 0.598 0.471 
M_Zp=2260 kL=0.85: 0.601 0.597 0.611 0.610 0.596 0.449 
M_Zp=2260 kL=0.90: 0.618 0.604 0.611 0.611 0.598 0.443 
M_Zp=2260 kL=0.95: 0.604 0.611 0.599 0.603 0.588 0.419 
M_Zp=2260 kL=1.00: 0.614 0.605 0.602 0.589 0.596 0.411 
M_Zp=2260 kL=1.05: 0.598 0.612 0.601 0.599 0.587 0.380 
M_Zp=2260 kL=1.10: 0.610 0.606 0.607 0.604 0.587 0.370 
M_Zp=2280 kL=0.25: 0.604 0.602 0.606 0.611 0.610 0.599 
M_Zp=2280 kL=0.30: 0.604 0.591 0.604 0.606 0.606 0.588 
M_Zp=2280 kL=0.35: 0.605 0.610 0.607 0.619 0.606 0.581 
M_Zp=2280 kL=0.40: 0.605 0.606 0.615 0.606 0.612 0.570 
M_Zp=2280 kL=0.45: 0.619 0.589 0.617 0.605 0.604 0.558 
M_Zp=2280 kL=0.50: 0.595 0.595 0.609 0.614 0.603 0.550 
M_Zp=2280 kL=0.55: 0.611 0.605 0.614 0.615 0.603 0.540 
M_Zp=2280 kL=0.60: 0.608 0.601 0.602 0.609 0.612 0.533 
M_Zp=2280 kL=0.65: 0.600 0.609 0.605 0.606 0.604 0.518 
M_Zp=2280 kL=0.70: 0.603 0.612 0.603 0.605 0.603 0.511 
M_Zp=2280 kL=0.75: 0.596 0.612 0.610 0.603 0.598 0.495 
M_Zp=2280 kL=0.80: 0.597 0.600 0.611 0.606 0.601 0.476 
M_Zp=2280 kL=0.85: 0.604 0.603 0.611 0.605 0.606 0.452 
M_Zp=2280 kL=0.90: 0.602 0.601 0.592 0.606 0.592 0.451 
M_Zp=2280 kL=0.95: 0.604 0.604 0.605 0.614 0.595 0.430 
M_Zp=2280 kL=1.00: 0.618 0.610 0.598 0.596 0.603 0.405 
M_Zp=2280 kL=1.05: 0.607 0.607 0.613 0.585 0.593 0.390 
M_Zp=2280 kL=1.10: 0.598 0.610 0.606 0.597 0.594 0.378 
M_Zp=2300 kL=0.25: 0.611 0.602 0.603 0.608 0.617 0.600 
M_Zp=2300 kL=0.30: 0.603 0.599 0.603 0.612 0.612 0.589 
M_Zp=2300 kL=0.35: 0.601 0.612 0.604 0.619 0.613 0.588 
M_Zp=2300 kL=0.40: 0.606 0.600 0.607 0.609 0.605 0.573 
M_Zp=2300 kL=0.45: 0.613 0.591 0.614 0.607 0.602 0.558 
M_Zp=2300 kL=0.50: 0.599 0.597 0.606 0.619 0.602 0.551 
M_Zp=2300 kL=0.55: 0.612 0.599 0.611 0.616 0.607 0.542 
M_Zp=2300 kL=0.60: 0.604 0.600 0.606 0.621 0.610 0.528 
M_Zp=2300 kL=0.65: 0.602 0.607 0.612 0.604 0.599 0.516 
M_Zp=2300 kL=0.70: 0.602 0.609 0.606 0.602 0.601 0.508 
M_Zp=2300 kL=0.75: 0.584 0.601 0.613 0.604 0.593 0.489 
M_Zp=2300 kL=0.80: 0.594 0.598 0.613 0.604 0.595 0.473 
M_Zp=2300 kL=0.85: 0.609 0.599 0.607 0.608 0.590 0.461 
M_Zp=2300 kL=0.90: 0.600 0.606 0.599 0.609 0.591 0.447 
M_Zp=2300 kL=0.95: 0.605 0.611 0.612 0.607 0.596 0.433 
M_Zp=2300 kL=1.00: 0.611 0.605 0.595 0.590 0.595 0.411 
M_Zp=2300 kL=1.05: 0.615 0.615 0.605 0.605 0.598 0.399 
M_Zp=2300 kL=1.10: 0.596 0.618 0.605 0.596 0.584 0.380 
M_Zp=2320 kL=0.25: 0.613 0.602 0.602 0.605 0.606 0.596 
M_Zp=2320 kL=0.30: 0.596 0.604 0.601 0.611 0.593 0.588 
M_Zp=2320 kL=0.35: 0.605 0.617 0.608 0.606 0.609 0.582 
M_Zp=2320 kL=0.40: 0.597 0.600 0.603 0.608 0.604 0.575 
M_Zp=2320 kL=0.45: 0.617 0.591 0.613 0.605 0.607 0.569 
M_Zp=2320 kL=0.50: 0.602 0.595 0.610 0.610 0.605 0.561 
M_Zp=2320 kL=0.55: 0.603 0.600 0.621 0.607 0.608 0.545 
M_Zp=2320 kL=0.65: 0.602 0.607 0.607 0.610 0.599 0.521 
M_Zp=2320 kL=0.70: 0.605 0.612 0.609 0.604 0.610 0.500 
M_Zp=2320 kL=0.75: 0.594 0.592 0.603 0.599 0.601 0.494 
M_Zp=2320 kL=0.80: 0.597 0.600 0.609 0.599 0.603 0.490 
M_Zp=2320 kL=0.85: 0.617 0.598 0.600 0.596 0.589 0.479 
M_Zp=2320 kL=0.90: 0.600 0.600 0.602 0.612 0.601 0.450 
M_Zp=2320 kL=0.95: 0.612 0.597 0.610 0.603 0.594 0.433 
M_Zp=2320 kL=1.00: 0.610 0.616 0.604 0.604 0.596 0.419 
M_Zp=2320 kL=1.05: 0.616 0.608 0.609 0.605 0.590 0.406 
M_Zp=2320 kL=1.10: 0.603 0.599 0.605 0.604 0.572 0.384 
M_Zp=2340 kL=0.25: 0.613 0.602 0.600 0.612 0.603 0.597 
M_Zp=2340 kL=0.30: 0.603 0.609 0.601 0.614 0.604 0.595 
M_Zp=2340 kL=0.35: 0.608 0.613 0.603 0.615 0.625 0.582 
M_Zp=2340 kL=0.40: 0.595 0.593 0.607 0.617 0.601 0.569 
M_Zp=2340 kL=0.45: 0.605 0.596 0.614 0.601 0.597 0.573 
M_Zp=2340 kL=0.55: 0.601 0.596 0.619 0.596 0.605 0.541 
M_Zp=2340 kL=0.60: 0.610 0.605 0.608 0.614 0.604 0.538 
M_Zp=2340 kL=0.65: 0.607 0.602 0.605 0.617 0.602 0.524 
M_Zp=2340 kL=0.70: 0.611 0.616 0.607 0.610 0.596 0.508 
M_Zp=2340 kL=0.75: 0.601 0.597 0.594 0.598 0.603 0.496 
M_Zp=2340 kL=0.80: 0.604 0.602 0.605 0.598 0.595 0.491 
M_Zp=2340 kL=0.85: 0.597 0.608 0.607 0.603 0.592 0.476 
M_Zp=2340 kL=0.90: 0.604 0.598 0.606 0.606 0.612 0.457 
M_Zp=2340 kL=0.95: 0.611 0.610 0.617 0.603 0.589 0.449 
M_Zp=2340 kL=1.00: 0.606 0.610 0.607 0.595 0.597 0.427 
M_Zp=2340 kL=1.05: 0.602 0.621 0.601 0.599 0.601 0.412 
M_Zp=2340 kL=1.10: 0.613 0.607 0.607 0.601 0.589 0.400 
M_Zp=2360 kL=0.25: 0.611 0.602 0.602 0.613 0.600 0.586 
M_Zp=2360 kL=0.30: 0.603 0.605 0.605 0.616 0.614 0.592 
M_Zp=2360 kL=0.35: 0.610 0.614 0.606 0.611 0.604 0.589 
M_Zp=2360 kL=0.40: 0.600 0.605 0.607 0.613 0.606 0.580 
M_Zp=2360 kL=0.45: 0.597 0.595 0.611 0.607 0.604 0.571 
M_Zp=2360 kL=0.50: 0.600 0.590 0.612 0.610 0.608 0.558 
M_Zp=2360 kL=0.55: 0.592 0.588 0.614 0.614 0.609 0.549 
M_Zp=2360 kL=0.60: 0.611 0.605 0.605 0.611 0.597 0.548 
M_Zp=2360 kL=0.65: 0.611 0.605 0.606 0.612 0.601 0.529 
M_Zp=2360 kL=0.70: 0.610 0.617 0.613 0.600 0.606 0.527 
M_Zp=2360 kL=0.75: 0.602 0.602 0.609 0.602 0.601 0.508 
M_Zp=2360 kL=0.80: 0.595 0.606 0.600 0.596 0.604 0.494 
M_Zp=2360 kL=0.85: 0.601 0.600 0.608 0.608 0.598 0.478 
M_Zp=2360 kL=0.90: 0.603 0.607 0.610 0.602 0.603 0.465 
M_Zp=2360 kL=0.95: 0.613 0.605 0.609 0.615 0.586 0.447 
M_Zp=2360 kL=1.00: 0.605 0.609 0.605 0.612 0.590 0.434 
M_Zp=2360 kL=1.05: 0.612 0.603 0.593 0.595 0.594 0.426 
M_Zp=2360 kL=1.10: 0.598 0.613 0.599 0.602 0.585 0.394 
M_Zp=2380 kL=0.25: 0.605 0.606 0.605 0.610 0.605 0.594 
M_Zp=2380 kL=0.35: 0.610 0.612 0.601 0.603 0.611 0.585 
M_Zp=2380 kL=0.40: 0.603 0.608 0.605 0.617 0.604 0.583 
M_Zp=2380 kL=0.45: 0.598 0.598 0.603 0.614 0.605 0.567 
M_Zp=2380 kL=0.50: 0.605 0.596 0.608 0.612 0.605 0.561 
M_Zp=2380 kL=0.55: 0.591 0.598 0.615 0.606 0.602 0.551 
M_Zp=2380 kL=0.60: 0.603 0.612 0.602 0.604 0.606 0.546 
M_Zp=2380 kL=0.65: 0.603 0.600 0.602 0.614 0.601 0.529 
M_Zp=2380 kL=0.70: 0.605 0.612 0.607 0.603 0.594 0.518 
M_Zp=2380 kL=0.75: 0.604 0.603 0.598 0.601 0.595 0.505 
M_Zp=2380 kL=0.80: 0.588 0.599 0.605 0.608 0.596 0.499 
M_Zp=2380 kL=0.85: 0.601 0.608 0.610 0.600 0.606 0.478 
M_Zp=2380 kL=0.90: 0.601 0.606 0.607 0.604 0.591 0.467 
M_Zp=2380 kL=0.95: 0.611 0.602 0.607 0.616 0.588 0.460 
M_Zp=2380 kL=1.00: 0.602 0.617 0.611 0.611 0.592 0.442 
M_Zp=2380 kL=1.05: 0.614 0.605 0.598 0.600 0.601 0.424 
M_Zp=2380 kL=1.10: 0.602 0.610 0.609 0.597 0.587 0.400 
M_Zp=2400 kL=0.25: 0.613 0.607 0.602 0.604 0.598 0.592 
M_Zp=2400 kL=0.30: 0.601 0.608 0.607 0.616 0.608 0.596 
M_Zp=2400 kL=0.35: 0.603 0.609 0.606 0.607 0.608 0.592 
M_Zp=2400 kL=0.40: 0.602 0.599 0.609 0.612 0.607 0.586 
M_Zp=2400 kL=0.45: 0.605 0.601 0.611 0.617 0.600 0.577 
M_Zp=2400 kL=0.50: 0.608 0.596 0.612 0.611 0.606 0.560 
M_Zp=2400 kL=0.55: 0.597 0.600 0.621 0.605 0.608 0.549 
M_Zp=2400 kL=0.60: 0.617 0.607 0.600 0.606 0.598 0.545 
M_Zp=2400 kL=0.65: 0.616 0.611 0.601 0.618 0.594 0.530 
M_Zp=2400 kL=0.75: 0.598 0.603 0.599 0.604 0.594 0.514 
M_Zp=2400 kL=0.80: 0.592 0.614 0.607 0.601 0.600 0.500 
M_Zp=2400 kL=0.85: 0.595 0.610 0.606 0.612 0.592 0.485 
M_Zp=2400 kL=0.90: 0.602 0.600 0.610 0.609 0.596 0.480 
M_Zp=2400 kL=0.95: 0.597 0.612 0.599 0.604 0.595 0.464 
M_Zp=2400 kL=1.00: 0.604 0.606 0.613 0.606 0.600 0.445 
M_Zp=2400 kL=1.05: 0.617 0.610 0.601 0.599 0.596 0.431 
M_Zp=2400 kL=1.10: 0.608 0.617 0.608 0.594 0.579 0.413 
M_Zp=2400 kL=1.15: 0.593 0.608 0.610 0.593 0.592 0.384 
M_Zp=2400 kL=1.20: 0.601 0.609 0.615 0.600 0.584 0.383 
M_Zp=2400 kL=1.25: 0.605 0.606 0.598 0.587 0.590 0.357 
M_Zp=2400 kL=1.30: 0.596 0.607 0.610 0.596 0.577 0.343 
M_Zp=2420 kL=0.25: 0.611 0.606 0.607 0.608 0.610 0.592 
M_Zp=2420 kL=0.40: 0.608 0.597 0.604 0.614 0.604 0.578 
M_Zp=2420 kL=0.45: 0.597 0.604 0.613 0.615 0.598 0.584 
M_Zp=2420 kL=0.50: 0.607 0.601 0.613 0.619 0.609 0.563 
M_Zp=2420 kL=0.55: 0.603 0.605 0.620 0.603 0.612 0.556 
M_Zp=2420 kL=0.60: 0.607 0.617 0.598 0.617 0.598 0.549 
M_Zp=2420 kL=0.65: 0.612 0.604 0.605 0.608 0.595 0.541 
M_Zp=2420 kL=0.70: 0.612 0.610 0.604 0.602 0.593 0.528 
M_Zp=2420 kL=0.75: 0.605 0.607 0.598 0.612 0.597 0.517 
M_Zp=2420 kL=0.80: 0.592 0.603 0.605 0.600 0.604 0.508 
M_Zp=2420 kL=0.85: 0.595 0.603 0.616 0.612 0.598 0.491 
M_Zp=2420 kL=0.90: 0.606 0.608 0.601 0.605 0.591 0.479 
M_Zp=2420 kL=0.95: 0.597 0.609 0.605 0.606 0.595 0.460 
M_Zp=2420 kL=1.00: 0.606 0.611 0.607 0.603 0.596 0.453 
M_Zp=2420 kL=1.05: 0.617 0.605 0.604 0.602 0.593 0.430 
M_Zp=2420 kL=1.10: 0.606 0.614 0.598 0.603 0.592 0.421 
M_Zp=2420 kL=1.15: 0.599 0.607 0.604 0.601 0.592 0.407 
M_Zp=2420 kL=1.20: 0.597 0.604 0.607 0.597 0.598 0.379 
M_Zp=2420 kL=1.25: 0.599 0.600 0.600 0.598 0.586 0.377 
M_Zp=2420 kL=1.30: 0.596 0.614 0.596 0.595 0.585 0.352 
M_Zp=2440 kL=0.25: 0.610 0.603 0.606 0.607 0.606 0.592 
M_Zp=2440 kL=0.30: 0.596 0.598 0.607 0.620 0.601 0.593 
M_Zp=2440 kL=0.35: 0.609 0.601 0.608 0.613 0.605 0.586 
M_Zp=2440 kL=0.40: 0.604 0.604 0.600 0.611 0.609 0.576 
M_Zp=2440 kL=0.45: 0.602 0.606 0.606 0.606 0.601 0.570 
M_Zp=2440 kL=0.50: 0.613 0.590 0.608 0.613 0.603 0.565 
M_Zp=2440 kL=0.55: 0.602 0.608 0.611 0.603 0.605 0.558 
M_Zp=2440 kL=0.60: 0.611 0.605 0.605 0.613 0.604 0.556 
M_Zp=2440 kL=0.65: 0.618 0.601 0.602 0.615 0.599 0.543 
M_Zp=2440 kL=0.70: 0.606 0.599 0.610 0.600 0.601 0.535 
M_Zp=2440 kL=0.75: 0.608 0.611 0.608 0.604 0.606 0.523 
M_Zp=2440 kL=0.80: 0.586 0.607 0.605 0.606 0.609 0.506 
M_Zp=2440 kL=0.85: 0.595 0.607 0.610 0.594 0.607 0.490 
M_Zp=2440 kL=0.90: 0.608 0.596 0.604 0.601 0.590 0.472 
M_Zp=2440 kL=0.95: 0.600 0.590 0.608 0.605 0.599 0.476 
M_Zp=2440 kL=1.00: 0.619 0.611 0.616 0.608 0.593 0.455 
M_Zp=2440 kL=1.05: 0.612 0.600 0.607 0.605 0.606 0.434 
M_Zp=2440 kL=1.10: 0.609 0.605 0.605 0.593 0.600 0.419 
M_Zp=2440 kL=1.15: 0.591 0.605 0.608 0.594 0.587 0.411 
M_Zp=2440 kL=1.20: 0.607 0.606 0.609 0.596 0.594 0.390 
M_Zp=2440 kL=1.25: 0.598 0.600 0.604 0.597 0.589 0.375 
M_Zp=2440 kL=1.30: 0.599 0.619 0.603 0.596 0.572 0.363 
M_Zp=2460 kL=0.25: 0.609 0.605 0.603 0.601 0.613 0.597 
M_Zp=2460 kL=0.35: 0.609 0.604 0.611 0.611 0.605 0.592 
M_Zp=2460 kL=0.40: 0.608 0.606 0.610 0.616 0.607 0.585 
M_Zp=2460 kL=0.45: 0.599 0.608 0.610 0.602 0.607 0.581 
M_Zp=2460 kL=0.50: 0.607 0.593 0.606 0.615 0.600 0.572 
M_Zp=2460 kL=0.55: 0.597 0.600 0.608 0.609 0.601 0.554 
M_Zp=2460 kL=0.60: 0.611 0.607 0.606 0.613 0.613 0.555 
M_Zp=2460 kL=0.65: 0.606 0.590 0.610 0.616 0.603 0.545 
M_Zp=2460 kL=0.70: 0.602 0.602 0.613 0.608 0.609 0.538 
M_Zp=2460 kL=0.75: 0.598 0.612 0.609 0.612 0.603 0.519 
M_Zp=2460 kL=0.80: 0.588 0.594 0.611 0.605 0.606 0.512 
M_Zp=2460 kL=0.85: 0.603 0.600 0.603 0.604 0.607 0.503 
M_Zp=2460 kL=0.90: 0.602 0.605 0.598 0.604 0.609 0.492 
M_Zp=2460 kL=0.95: 0.599 0.595 0.602 0.606 0.603 0.480 
M_Zp=2460 kL=1.00: 0.615 0.621 0.615 0.610 0.597 0.453 
M_Zp=2460 kL=1.05: 0.605 0.607 0.604 0.614 0.588 0.452 
M_Zp=2460 kL=1.10: 0.610 0.602 0.596 0.593 0.598 0.438 
M_Zp=2460 kL=1.15: 0.595 0.612 0.602 0.587 0.593 0.406 
M_Zp=2460 kL=1.20: 0.611 0.609 0.604 0.597 0.593 0.403 
M_Zp=2460 kL=1.25: 0.598 0.603 0.608 0.588 0.582 0.380 
M_Zp=2460 kL=1.30: 0.597 0.600 0.615 0.599 0.585 0.375 
M_Zp=2480 kL=0.25: 0.611 0.604 0.601 0.600 0.609 0.604 
M_Zp=2480 kL=0.30: 0.600 0.601 0.607 0.607 0.614 0.600 
M_Zp=2480 kL=0.40: 0.607 0.609 0.600 0.614 0.619 0.584 
M_Zp=2480 kL=0.45: 0.602 0.600 0.609 0.611 0.600 0.576 
M_Zp=2480 kL=0.50: 0.609 0.593 0.612 0.606 0.605 0.568 
M_Zp=2480 kL=0.60: 0.611 0.602 0.612 0.607 0.608 0.552 
M_Zp=2480 kL=0.65: 0.611 0.594 0.611 0.624 0.607 0.555 
M_Zp=2480 kL=0.70: 0.617 0.601 0.608 0.619 0.608 0.543 
M_Zp=2480 kL=0.75: 0.608 0.614 0.613 0.597 0.597 0.530 
M_Zp=2480 kL=0.80: 0.596 0.604 0.606 0.611 0.602 0.510 
M_Zp=2480 kL=0.85: 0.602 0.609 0.607 0.597 0.594 0.507 
M_Zp=2480 kL=0.90: 0.597 0.590 0.614 0.599 0.600 0.492 
M_Zp=2480 kL=0.95: 0.610 0.597 0.608 0.608 0.593 0.482 
M_Zp=2480 kL=1.00: 0.619 0.603 0.604 0.622 0.601 0.459 
M_Zp=2480 kL=1.05: 0.597 0.607 0.604 0.600 0.591 0.444 
M_Zp=2480 kL=1.10: 0.617 0.612 0.593 0.596 0.596 0.438 
M_Zp=2480 kL=1.15: 0.597 0.610 0.603 0.601 0.591 0.415 
M_Zp=2480 kL=1.20: 0.592 0.620 0.609 0.599 0.579 0.411 
M_Zp=2480 kL=1.25: 0.610 0.605 0.608 0.598 0.582 0.393 
M_Zp=2480 kL=1.30: 0.605 0.605 0.595 0.592 0.594 0.374 
M_Zp=2480 kL=1.35: 0.607 0.609 0.608 0.603 0.584 0.365 
M_Zp=2480 kL=1.40: 0.603 0.596 0.608 0.597 0.588 0.347 
M_Zp=2480 kL=1.45: 0.592 0.604 0.601 0.611 0.571 0.339 
M_Zp=2500 kL=0.25: 0.607 0.609 0.596 0.612 0.608 0.601 
M_Zp=2500 kL=0.30: 0.601 0.607 0.601 0.608 0.613 0.601 
M_Zp=2500 kL=0.35: 0.607 0.598 0.612 0.612 0.619 0.592 
M_Zp=2500 kL=0.40: 0.602 0.610 0.606 0.611 0.612 0.588 
M_Zp=2500 kL=0.45: 0.602 0.596 0.600 0.617 0.595 0.582 
M_Zp=2500 kL=0.55: 0.597 0.595 0.608 0.614 0.616 0.566 
M_Zp=2500 kL=0.60: 0.604 0.606 0.606 0.604 0.601 0.561 
M_Zp=2500 kL=0.65: 0.608 0.599 0.610 0.623 0.597 0.555 
M_Zp=2500 kL=0.75: 0.610 0.613 0.612 0.613 0.606 0.519 
M_Zp=2500 kL=0.80: 0.594 0.599 0.610 0.609 0.596 0.519 
M_Zp=2500 kL=0.85: 0.595 0.599 0.606 0.601 0.600 0.502 
M_Zp=2500 kL=0.90: 0.597 0.608 0.597 0.602 0.589 0.499 
M_Zp=2500 kL=0.95: 0.601 0.607 0.610 0.599 0.590 0.489 
M_Zp=2500 kL=1.00: 0.597 0.605 0.598 0.604 0.605 0.469 
M_Zp=2500 kL=1.05: 0.602 0.609 0.604 0.607 0.598 0.449 
M_Zp=2500 kL=1.10: 0.615 0.617 0.597 0.597 0.594 0.446 
M_Zp=2500 kL=1.15: 0.602 0.614 0.605 0.596 0.591 0.424 
M_Zp=2500 kL=1.20: 0.595 0.603 0.608 0.599 0.593 0.414 
M_Zp=2500 kL=1.25: 0.604 0.613 0.608 0.597 0.580 0.396 
M_Zp=2500 kL=1.30: 0.597 0.611 0.604 0.595 0.582 0.377 
M_Zp=2500 kL=1.35: 0.600 0.605 0.607 0.602 0.576 0.365 
M_Zp=2500 kL=1.45: 0.601 0.592 0.602 0.606 0.574 0.324 
M_Zp=2550 kL=0.60: 0.604 0.593 0.615 0.618 0.598 0.558 
M_Zp=2550 kL=0.65: 0.607 0.603 0.607 0.616 0.604 0.548 
M_Zp=2550 kL=0.70: 0.611 0.614 0.604 0.618 0.598 0.539 
M_Zp=2550 kL=0.75: 0.603 0.618 0.610 0.608 0.605 0.538 
M_Zp=2550 kL=0.80: 0.604 0.601 0.600 0.599 0.601 0.536 
M_Zp=2550 kL=0.85: 0.589 0.607 0.599 0.590 0.602 0.514 
M_Zp=2550 kL=0.95: 0.617 0.594 0.595 0.605 0.596 0.503 
M_Zp=2550 kL=1.00: 0.605 0.603 0.603 0.605 0.592 0.474 
M_Zp=2550 kL=1.05: 0.617 0.598 0.611 0.607 0.589 0.463 
M_Zp=2550 kL=1.10: 0.604 0.607 0.604 0.606 0.590 0.452 
M_Zp=2550 kL=1.15: 0.600 0.611 0.600 0.594 0.589 0.447 
M_Zp=2550 kL=1.20: 0.597 0.604 0.598 0.595 0.603 0.422 
M_Zp=2550 kL=1.25: 0.607 0.609 0.608 0.594 0.594 0.402 
M_Zp=2550 kL=1.30: 0.591 0.605 0.613 0.599 0.586 0.389 
M_Zp=2550 kL=1.35: 0.596 0.608 0.605 0.583 0.578 0.382 
M_Zp=2550 kL=1.40: 0.602 0.605 0.604 0.593 0.601 0.365 
M_Zp=2550 kL=1.45: 0.601 0.602 0.595 0.601 0.586 0.353 
M_Zp=2600 kL=0.60: 0.596 0.601 0.614 0.607 0.595 0.560 
M_Zp=2600 kL=0.65: 0.609 0.604 0.597 0.613 0.592 0.549 
M_Zp=2600 kL=0.70: 0.611 0.599 0.609 0.608 0.605 0.545 
M_Zp=2600 kL=0.80: 0.606 0.611 0.607 0.597 0.596 0.527 
M_Zp=2600 kL=0.85: 0.583 0.587 0.602 0.598 0.595 0.523 
M_Zp=2600 kL=0.95: 0.606 0.596 0.607 0.609 0.591 0.506 
M_Zp=2600 kL=1.00: 0.604 0.605 0.609 0.609 0.605 0.481 
M_Zp=2600 kL=1.05: 0.606 0.591 0.602 0.607 0.590 0.483 
M_Zp=2600 kL=1.10: 0.613 0.606 0.607 0.602 0.595 0.462 
M_Zp=2600 kL=1.15: 0.613 0.609 0.595 0.596 0.603 0.452 
M_Zp=2600 kL=1.20: 0.614 0.616 0.606 0.597 0.587 0.432 
M_Zp=2600 kL=1.25: 0.597 0.595 0.604 0.599 0.582 0.431 
M_Zp=2600 kL=1.35: 0.601 0.610 0.612 0.596 0.581 0.406 
M_Zp=2600 kL=1.40: 0.595 0.616 0.601 0.599 0.578 0.387 
M_Zp=2600 kL=1.45: 0.608 0.607 0.603 0.598 0.577 0.365 
M_Zp=2650 kL=0.60: 0.603 0.604 0.607 0.609 0.601 0.566 
M_Zp=2650 kL=0.70: 0.609 0.597 0.609 0.617 0.587 0.563 
M_Zp=2650 kL=0.80: 0.613 0.618 0.609 0.608 0.594 0.531 
M_Zp=2650 kL=0.85: 0.593 0.600 0.604 0.607 0.594 0.537 
M_Zp=2650 kL=0.90: 0.593 0.611 0.602 0.604 0.591 0.523 
M_Zp=2650 kL=1.00: 0.599 0.602 0.604 0.609 0.591 0.502 
M_Zp=2650 kL=1.05: 0.604 0.606 0.603 0.607 0.596 0.480 
M_Zp=2650 kL=1.10: 0.613 0.598 0.600 0.605 0.595 0.471 
M_Zp=2650 kL=1.15: 0.609 0.603 0.607 0.605 0.590 0.464 
M_Zp=2650 kL=1.20: 0.602 0.608 0.602 0.608 0.592 0.440 
M_Zp=2650 kL=1.25: 0.601 0.607 0.597 0.600 0.594 0.439 
M_Zp=2650 kL=1.30: 0.602 0.609 0.604 0.596 0.597 0.423 
M_Zp=2650 kL=1.35: 0.591 0.613 0.599 0.596 0.591 0.419 
M_Zp=2650 kL=1.40: 0.600 0.611 0.609 0.597 0.586 0.404 
M_Zp=2650 kL=1.45: 0.608 0.610 0.606 0.606 0.583 0.382 
M_Zp=2700 kL=0.60: 0.598 0.601 0.609 0.605 0.600 0.565 
M_Zp=2700 kL=0.65: 0.613 0.608 0.615 0.616 0.599 0.561 
M_Zp=2700 kL=0.70: 0.608 0.613 0.614 0.618 0.606 0.558 
M_Zp=2700 kL=0.75: 0.602 0.609 0.604 0.610 0.609 0.554 
M_Zp=2700 kL=0.80: 0.606 0.609 0.600 0.608 0.603 0.536 
M_Zp=2700 kL=0.85: 0.598 0.613 0.598 0.606 0.597 0.536 
M_Zp=2700 kL=0.90: 0.588 0.603 0.600 0.603 0.608 0.530 
M_Zp=2700 kL=0.95: 0.594 0.606 0.600 0.600 0.608 0.522 
M_Zp=2700 kL=1.00: 0.611 0.597 0.595 0.594 0.604 0.503 
M_Zp=2700 kL=1.05: 0.595 0.598 0.607 0.606 0.601 0.497 
M_Zp=2700 kL=1.10: 0.612 0.607 0.603 0.602 0.597 0.476 
M_Zp=2700 kL=1.20: 0.610 0.615 0.597 0.600 0.593 0.463 
M_Zp=2700 kL=1.25: 0.601 0.610 0.613 0.603 0.596 0.441 
M_Zp=2700 kL=1.30: 0.601 0.605 0.606 0.585 0.585 0.440 
M_Zp=2700 kL=1.35: 0.584 0.613 0.608 0.595 0.576 0.423 
M_Zp=2700 kL=1.40: 0.593 0.605 0.608 0.604 0.583 0.418 
M_Zp=2700 kL=1.45: 0.593 0.608 0.599 0.594 0.575 0.399 
M_Zp=2750 kL=0.60: 0.604 0.601 0.606 0.607 0.603 0.582 
M_Zp=2750 kL=0.65: 0.600 0.594 0.613 0.611 0.597 0.584 
M_Zp=2750 kL=0.70: 0.608 0.606 0.601 0.608 0.605 0.566 
M_Zp=2750 kL=0.75: 0.617 0.604 0.606 0.610 0.607 0.553 
M_Zp=2750 kL=0.80: 0.611 0.622 0.609 0.614 0.605 0.547 
M_Zp=2750 kL=0.85: 0.607 0.615 0.610 0.597 0.604 0.540 
M_Zp=2750 kL=0.95: 0.599 0.610 0.600 0.604 0.603 0.514 
M_Zp=2750 kL=1.00: 0.601 0.591 0.610 0.608 0.600 0.521 
M_Zp=2750 kL=1.10: 0.614 0.599 0.597 0.597 0.608 0.496 
M_Zp=2750 kL=1.15: 0.608 0.607 0.594 0.603 0.594 0.482 
M_Zp=2750 kL=1.20: 0.614 0.606 0.600 0.602 0.587 0.478 
M_Zp=2750 kL=1.25: 0.610 0.597 0.607 0.603 0.589 0.468 
M_Zp=2750 kL=1.35: 0.598 0.611 0.610 0.586 0.588 0.435 
M_Zp=2750 kL=1.40: 0.596 0.604 0.608 0.595 0.587 0.422 
M_Zp=2750 kL=1.45: 0.602 0.605 0.607 0.601 0.586 0.407 
M_Zp=2800 kL=0.60: 0.613 0.598 0.608 0.610 0.609 0.578 
M_Zp=2800 kL=0.65: 0.595 0.601 0.613 0.612 0.603 0.577 
M_Zp=2800 kL=0.70: 0.607 0.610 0.602 0.614 0.599 0.563 
M_Zp=2800 kL=0.75: 0.612 0.594 0.618 0.613 0.597 0.577 
M_Zp=2800 kL=0.80: 0.600 0.611 0.610 0.617 0.606 0.552 
M_Zp=2800 kL=0.85: 0.618 0.613 0.604 0.613 0.598 0.541 
M_Zp=2800 kL=0.90: 0.594 0.601 0.599 0.601 0.599 0.545 
M_Zp=2800 kL=0.95: 0.590 0.605 0.606 0.603 0.597 0.530 
M_Zp=2800 kL=1.00: 0.604 0.609 0.605 0.607 0.604 0.523 
M_Zp=2800 kL=1.05: 0.606 0.603 0.610 0.595 0.607 0.514 
M_Zp=2800 kL=1.10: 0.600 0.605 0.609 0.602 0.594 0.506 
M_Zp=2800 kL=1.15: 0.617 0.612 0.605 0.607 0.589 0.489 
M_Zp=2800 kL=1.20: 0.606 0.608 0.600 0.605 0.588 0.484 
M_Zp=2800 kL=1.25: 0.613 0.609 0.588 0.602 0.582 0.466 
M_Zp=2800 kL=1.30: 0.606 0.619 0.615 0.601 0.604 0.450 
M_Zp=2800 kL=1.35: 0.594 0.606 0.610 0.590 0.583 0.443 
M_Zp=2800 kL=1.40: 0.597 0.608 0.603 0.600 0.591 0.432 
M_Zp=2800 kL=1.45: 0.600 0.604 0.599 0.594 0.591 0.429 
M_Zp=2850 kL=0.60: 0.612 0.588 0.607 0.608 0.608 0.577 
M_Zp=2850 kL=0.65: 0.605 0.611 0.603 0.608 0.603 0.568 
M_Zp=2850 kL=0.70: 0.611 0.604 0.609 0.603 0.597 0.573 
M_Zp=2850 kL=0.75: 0.612 0.602 0.614 0.618 0.615 0.569 
M_Zp=2850 kL=0.80: 0.608 0.615 0.605 0.604 0.595 0.561 
M_Zp=2850 kL=0.85: 0.604 0.612 0.604 0.611 0.602 0.549 
M_Zp=2850 kL=0.90: 0.604 0.610 0.597 0.600 0.603 0.544 
M_Zp=2850 kL=0.95: 0.583 0.607 0.607 0.607 0.605 0.541 
M_Zp=2850 kL=1.00: 0.595 0.605 0.604 0.593 0.603 0.531 
M_Zp=2850 kL=1.05: 0.611 0.599 0.610 0.603 0.604 0.517 
M_Zp=2850 kL=1.10: 0.605 0.594 0.612 0.604 0.605 0.517 
M_Zp=2850 kL=1.15: 0.613 0.598 0.608 0.602 0.601 0.510 
M_Zp=2850 kL=1.20: 0.602 0.604 0.603 0.604 0.589 0.491 
M_Zp=2850 kL=1.25: 0.615 0.606 0.604 0.607 0.592 0.477 
M_Zp=2850 kL=1.30: 0.599 0.600 0.603 0.599 0.591 0.467 
M_Zp=2850 kL=1.35: 0.612 0.602 0.602 0.591 0.583 0.466 
M_Zp=2850 kL=1.40: 0.608 0.614 0.616 0.588 0.575 0.438 
M_Zp=2850 kL=1.45: 0.600 0.602 0.617 0.594 0.586 0.440 
M_Zp=2900 kL=0.65: 0.598 0.602 0.611 0.616 0.604 0.589 
M_Zp=2900 kL=0.70: 0.617 0.613 0.614 0.615 0.597 0.571 
M_Zp=2900 kL=0.75: 0.597 0.600 0.611 0.609 0.600 0.571 
M_Zp=2900 kL=0.80: 0.608 0.600 0.611 0.606 0.612 0.568 
M_Zp=2900 kL=0.85: 0.606 0.614 0.602 0.624 0.591 0.556 
M_Zp=2900 kL=0.95: 0.585 0.599 0.599 0.611 0.598 0.544 
M_Zp=2900 kL=1.00: 0.600 0.613 0.600 0.604 0.601 0.536 
M_Zp=2900 kL=1.05: 0.605 0.598 0.606 0.603 0.608 0.529 
M_Zp=2900 kL=1.10: 0.605 0.606 0.612 0.602 0.600 0.515 
M_Zp=2900 kL=1.15: 0.600 0.606 0.605 0.607 0.590 0.505 
M_Zp=2900 kL=1.20: 0.612 0.601 0.609 0.608 0.582 0.493 
M_Zp=2900 kL=1.25: 0.607 0.610 0.604 0.609 0.595 0.480 
M_Zp=2900 kL=1.35: 0.607 0.618 0.614 0.601 0.593 0.461 
M_Zp=2900 kL=1.40: 0.589 0.609 0.609 0.591 0.586 0.465 
M_Zp=2900 kL=1.45: 0.597 0.601 0.596 0.606 0.587 0.443 
M_Zp=2950 kL=0.60: 0.612 0.597 0.613 0.604 0.609 0.583 
M_Zp=2950 kL=0.65: 0.606 0.603 0.605 0.607 0.598 0.584 
M_Zp=2950 kL=0.70: 0.599 0.598 0.610 0.618 0.601 0.571 
M_Zp=2950 kL=0.75: 0.607 0.603 0.601 0.609 0.599 0.564 
M_Zp=2950 kL=0.85: 0.614 0.605 0.605 0.615 0.598 0.559 
M_Zp=2950 kL=0.90: 0.608 0.618 0.600 0.611 0.607 0.555 
M_Zp=2950 kL=0.95: 0.592 0.598 0.602 0.602 0.599 0.549 
M_Zp=2950 kL=1.00: 0.593 0.605 0.605 0.594 0.608 0.546 
M_Zp=2950 kL=1.05: 0.600 0.603 0.605 0.596 0.603 0.533 
M_Zp=2950 kL=1.10: 0.613 0.589 0.603 0.606 0.607 0.528 
M_Zp=2950 kL=1.20: 0.610 0.605 0.603 0.597 0.598 0.517 
M_Zp=2950 kL=1.25: 0.611 0.605 0.599 0.597 0.590 0.503 
M_Zp=2950 kL=1.30: 0.610 0.610 0.600 0.610 0.597 0.484 
M_Zp=2950 kL=1.35: 0.599 0.599 0.608 0.593 0.586 0.476 
M_Zp=2950 kL=1.40: 0.608 0.602 0.602 0.589 0.580 0.457 
M_Zp=3000 kL=0.60: 0.610 0.587 0.610 0.604 0.602 0.588 
M_Zp=3000 kL=0.65: 0.608 0.594 0.598 0.616 0.604 0.581 
M_Zp=3000 kL=0.70: 0.601 0.603 0.606 0.610 0.601 0.579 
M_Zp=3000 kL=0.75: 0.607 0.607 0.594 0.617 0.594 0.567 
M_Zp=3000 kL=0.80: 0.611 0.596 0.615 0.622 0.597 0.569 
M_Zp=3000 kL=0.85: 0.606 0.616 0.614 0.613 0.605 0.569 
M_Zp=3000 kL=0.90: 0.608 0.616 0.607 0.608 0.601 0.552 
M_Zp=3000 kL=0.95: 0.606 0.612 0.599 0.605 0.598 0.551 
M_Zp=3000 kL=1.00: 0.585 0.598 0.614 0.608 0.598 0.545 
M_Zp=3000 kL=1.05: 0.594 0.604 0.603 0.593 0.590 0.545 
M_Zp=3000 kL=1.15: 0.604 0.603 0.606 0.599 0.596 0.518 
M_Zp=3000 kL=1.20: 0.594 0.601 0.591 0.608 0.599 0.511 
M_Zp=3000 kL=1.25: 0.613 0.602 0.602 0.605 0.592 0.504 
M_Zp=3000 kL=1.30: 0.605 0.611 0.603 0.609 0.598 0.497 
M_Zp=3000 kL=1.35: 0.611 0.609 0.586 0.606 0.597 0.484 
M_Zp=3000 kL=1.40: 0.603 0.612 0.613 0.597 0.590 0.482 
M_Zp=3000 kL=1.45: 0.598 0.608 0.609 0.592 0.586 0.463 
M_Zp=3100 kL=0.60: 0.608 0.595 0.615 0.607 0.600 0.592 
M_Zp=3100 kL=0.65: 0.611 0.599 0.608 0.605 0.609 0.591 
M_Zp=3100 kL=0.75: 0.614 0.605 0.610 0.608 0.600 0.585 
M_Zp=3100 kL=0.80: 0.601 0.615 0.604 0.610 0.603 0.569 
M_Zp=3100 kL=0.85: 0.616 0.598 0.613 0.608 0.607 0.570 
M_Zp=3100 kL=0.90: 0.613 0.607 0.599 0.609 0.608 0.560 
M_Zp=3100 kL=0.95: 0.607 0.612 0.604 0.608 0.604 0.562 
M_Zp=3100 kL=1.00: 0.600 0.598 0.599 0.604 0.594 0.561 
M_Zp=3100 kL=1.10: 0.590 0.597 0.609 0.607 0.608 0.540 
M_Zp=3100 kL=1.15: 0.610 0.589 0.609 0.603 0.604 0.523 
M_Zp=3100 kL=1.20: 0.603 0.596 0.603 0.601 0.602 0.525 
M_Zp=3100 kL=1.25: 0.606 0.607 0.601 0.596 0.599 0.522 
M_Zp=3100 kL=1.30: 0.606 0.611 0.603 0.608 0.593 0.513 
M_Zp=3100 kL=1.35: 0.609 0.610 0.600 0.619 0.605 0.503 
M_Zp=3100 kL=1.40: 0.608 0.605 0.594 0.603 0.603 0.493 
M_Zp=3100 kL=1.45: 0.604 0.616 0.608 0.600 0.596 0.486 
M_Zp=3200 kL=0.60: 0.598 0.599 0.612 0.613 0.609 0.587 
M_Zp=3200 kL=0.65: 0.618 0.596 0.616 0.605 0.610 0.589 
M_Zp=3200 kL=0.70: 0.607 0.608 0.604 0.615 0.602 0.586 
M_Zp=3200 kL=0.75: 0.596 0.603 0.606 0.611 0.591 0.582 
M_Zp=3200 kL=0.80: 0.620 0.608 0.605 0.613 0.609 0.573 
M_Zp=3200 kL=0.85: 0.606 0.593 0.614 0.617 0.610 0.565 
M_Zp=3200 kL=0.90: 0.607 0.607 0.608 0.614 0.619 0.577 
M_Zp=3200 kL=0.95: 0.614 0.607 0.616 0.603 0.597 0.568 
M_Zp=3200 kL=1.00: 0.613 0.611 0.606 0.606 0.601 0.560 
M_Zp=3200 kL=1.05: 0.585 0.596 0.610 0.607 0.608 0.551 
M_Zp=3200 kL=1.10: 0.601 0.607 0.604 0.601 0.609 0.564 
M_Zp=3200 kL=1.20: 0.608 0.597 0.606 0.611 0.605 0.547 
M_Zp=3200 kL=1.25: 0.606 0.601 0.609 0.614 0.606 0.524 
M_Zp=3200 kL=1.30: 0.613 0.601 0.606 0.604 0.595 0.525 
M_Zp=3200 kL=1.35: 0.596 0.604 0.601 0.608 0.600 0.514 
M_Zp=3200 kL=1.40: 0.616 0.605 0.609 0.611 0.593 0.498 
M_Zp=3200 kL=1.45: 0.604 0.604 0.597 0.603 0.590 0.496 
M_Zp=3300 kL=0.60: 0.600 0.591 0.614 0.614 0.616 0.591 
M_Zp=3300 kL=0.65: 0.603 0.597 0.610 0.607 0.601 0.592 
M_Zp=3300 kL=0.70: 0.604 0.601 0.606 0.616 0.593 0.584 
M_Zp=3300 kL=0.75: 0.605 0.607 0.604 0.606 0.603 0.587 
M_Zp=3300 kL=0.80: 0.619 0.612 0.612 0.606 0.602 0.584 
M_Zp=3300 kL=0.85: 0.608 0.610 0.606 0.609 0.598 0.577 
M_Zp=3300 kL=0.90: 0.613 0.596 0.602 0.621 0.604 0.577 
M_Zp=3300 kL=0.95: 0.604 0.606 0.596 0.601 0.606 0.580 
M_Zp=3300 kL=1.00: 0.606 0.614 0.612 0.613 0.604 0.571 
M_Zp=3300 kL=1.05: 0.598 0.617 0.599 0.600 0.601 0.556 
M_Zp=3300 kL=1.10: 0.586 0.611 0.611 0.603 0.604 0.557 
M_Zp=3300 kL=1.15: 0.591 0.601 0.603 0.593 0.599 0.561 
M_Zp=3300 kL=1.20: 0.598 0.592 0.612 0.595 0.600 0.553 
M_Zp=3300 kL=1.25: 0.605 0.595 0.607 0.606 0.591 0.541 
M_Zp=3300 kL=1.30: 0.596 0.610 0.602 0.612 0.598 0.532 
M_Zp=3300 kL=1.35: 0.615 0.614 0.597 0.599 0.606 0.532 
M_Zp=3300 kL=1.40: 0.603 0.605 0.599 0.595 0.595 0.523 
M_Zp=3300 kL=1.45: 0.614 0.610 0.601 0.608 0.596 0.511 
M_Zp=3400 kL=0.60: 0.599 0.588 0.614 0.609 0.608 0.594 
M_Zp=3400 kL=0.65: 0.601 0.599 0.618 0.610 0.614 0.594 
M_Zp=3400 kL=0.70: 0.614 0.591 0.612 0.611 0.609 0.593 
M_Zp=3400 kL=0.75: 0.606 0.617 0.600 0.608 0.605 0.589 
M_Zp=3400 kL=0.80: 0.600 0.597 0.607 0.614 0.595 0.591 
M_Zp=3400 kL=0.85: 0.612 0.608 0.611 0.612 0.606 0.581 
M_Zp=3500 kL=0.60: 0.601 0.602 0.607 0.611 0.600 0.601 
M_Zp=3500 kL=0.65: 0.595 0.604 0.614 0.606 0.602 0.591 
M_Zp=3500 kL=0.70: 0.605 0.587 0.606 0.599 0.608 0.594 
M_Zp=3500 kL=0.75: 0.602 0.605 0.606 0.613 0.601 0.586 
M_Zp=3500 kL=0.80: 0.609 0.603 0.605 0.598 0.602 0.588 
M_Zp=3500 kL=0.85: 0.608 0.609 0.609 0.609 0.598 0.591 
M_Zp=3500 kL=0.90: 0.609 0.601 0.603 0.600 0.596 0.582 
M_Zp=2600 kL=0.60: 0.596 0.601 0.614 0.607 0.595 0.560 
M_Zp=2600 kL=0.65: 0.609 0.604 0.597 0.613 0.592 0.549 
M_Zp=2600 kL=0.70: 0.611 0.599 0.609 0.608 0.605 0.545 
M_Zp=2600 kL=0.80: 0.606 0.611 0.607 0.597 0.596 0.527 
M_Zp=2600 kL=0.85: 0.583 0.587 0.602 0.598 0.595 0.523 
M_Zp=2600 kL=0.95: 0.606 0.596 0.607 0.609 0.591 0.506 
M_Zp=2600 kL=1.00: 0.604 0.605 0.609 0.609 0.605 0.481 
M_Zp=2600 kL=1.05: 0.606 0.591 0.602 0.607 0.590 0.483 
M_Zp=2600 kL=1.10: 0.613 0.606 0.607 0.602 0.595 0.462 
M_Zp=2600 kL=1.15: 0.613 0.609 0.595 0.596 0.603 0.452 
M_Zp=2600 kL=1.20: 0.614 0.616 0.606 0.597 0.587 0.432 
M_Zp=2600 kL=1.25: 0.597 0.595 0.604 0.599 0.582 0.431 
M_Zp=2600 kL=1.35: 0.601 0.610 0.612 0.596 0.581 0.406 
M_Zp=2600 kL=1.40: 0.595 0.616 0.601 0.599 0.578 0.387 
M_Zp=2600 kL=1.45: 0.608 0.607 0.603 0.598 0.577 0.365 
M_Zp=2600 kL=1.50: 0.606 0.604 0.605 0.603 0.575 0.348 
M_Zp=2600 kL=1.55: 0.591 0.613 0.599 0.594 0.579 0.336 
M_Zp=2600 kL=1.60: 0.598 0.605 0.608 0.599 0.582 0.322 
M_Zp=2600 kL=1.70: 0.605 0.603 0.604 0.594 0.582 0.285 
M_Zp=2600 kL=1.75: 0.611 0.608 0.600 0.597 0.571 0.288 
M_Zp=2600 kL=1.85: 0.591 0.597 0.603 0.591 0.568 0.238 
M_Zp=2600 kL=1.90: 0.589 0.601 0.598 0.590 0.564 0.234 
M_Zp=2600 kL=1.95: 0.592 0.609 0.603 0.582 0.545 0.205 
M_Zp=2600 kL=2.00: 0.586 0.612 0.592 0.584 0.549 0.189 
M_Zp=2600 kL=2.05: 0.588 0.604 0.592 0.591 0.547 0.173 
M_Zp=2600 kL=2.10: 0.613 0.613 0.599 0.586 0.540 0.165 
M_Zp=2600 kL=2.15: 0.601 0.621 0.593 0.593 0.536 0.150 
M_Zp=2600 kL=2.20: 0.611 0.612 0.586 0.580 0.535 0.145 
M_Zp=2650 kL=0.60: 0.603 0.604 0.607 0.609 0.601 0.566 
M_Zp=2650 kL=0.70: 0.609 0.597 0.609 0.617 0.587 0.563 
M_Zp=2650 kL=0.80: 0.613 0.618 0.609 0.608 0.594 0.531 
M_Zp=2650 kL=0.85: 0.593 0.600 0.604 0.607 0.594 0.537 
M_Zp=2650 kL=0.90: 0.593 0.611 0.602 0.604 0.591 0.523 
M_Zp=2650 kL=1.00: 0.599 0.602 0.604 0.609 0.591 0.502 
M_Zp=2650 kL=1.05: 0.604 0.606 0.603 0.607 0.596 0.480 
M_Zp=2650 kL=1.10: 0.613 0.598 0.600 0.605 0.595 0.471 
M_Zp=2650 kL=1.15: 0.609 0.603 0.607 0.605 0.590 0.464 
M_Zp=2650 kL=1.20: 0.602 0.608 0.602 0.608 0.592 0.440 
M_Zp=2650 kL=1.25: 0.601 0.607 0.597 0.600 0.594 0.439 
M_Zp=2650 kL=1.30: 0.602 0.609 0.604 0.596 0.597 0.423 
M_Zp=2650 kL=1.35: 0.591 0.613 0.599 0.596 0.591 0.419 
M_Zp=2650 kL=1.40: 0.600 0.611 0.609 0.597 0.586 0.404 
M_Zp=2650 kL=1.45: 0.608 0.610 0.606 0.606 0.583 0.382 
M_Zp=2650 kL=1.50: 0.601 0.614 0.600 0.602 0.578 0.377 
M_Zp=2650 kL=1.55: 0.602 0.590 0.600 0.602 0.582 0.359 
M_Zp=2650 kL=1.60: 0.586 0.601 0.608 0.610 0.589 0.334 
M_Zp=2650 kL=1.65: 0.597 0.599 0.612 0.591 0.583 0.324 
M_Zp=2650 kL=1.70: 0.596 0.592 0.598 0.600 0.575 0.310 
M_Zp=2650 kL=1.75: 0.597 0.582 0.596 0.598 0.565 0.293 
M_Zp=2650 kL=1.85: 0.603 0.599 0.600 0.590 0.571 0.257 
M_Zp=2650 kL=1.90: 0.603 0.607 0.591 0.584 0.569 0.246 
M_Zp=2650 kL=2.05: 0.582 0.606 0.595 0.585 0.561 0.192 
M_Zp=2650 kL=2.10: 0.590 0.606 0.600 0.589 0.551 0.174 
M_Zp=2650 kL=2.15: 0.604 0.606 0.590 0.577 0.541 0.171 
M_Zp=2650 kL=2.20: 0.601 0.608 0.593 0.588 0.538 0.156 
M_Zp=2700 kL=0.60: 0.598 0.601 0.609 0.605 0.600 0.565 
M_Zp=2700 kL=0.65: 0.613 0.608 0.615 0.616 0.599 0.561 
M_Zp=2700 kL=0.70: 0.608 0.613 0.614 0.618 0.606 0.558 
M_Zp=2700 kL=0.75: 0.602 0.609 0.604 0.610 0.609 0.554 
M_Zp=2700 kL=0.80: 0.606 0.609 0.600 0.608 0.603 0.536 
M_Zp=2700 kL=0.85: 0.598 0.613 0.598 0.606 0.597 0.536 
M_Zp=2700 kL=0.90: 0.588 0.603 0.600 0.603 0.608 0.530 
M_Zp=2700 kL=0.95: 0.594 0.606 0.600 0.600 0.608 0.522 
M_Zp=2700 kL=1.00: 0.611 0.597 0.595 0.594 0.604 0.503 
M_Zp=2700 kL=1.05: 0.595 0.598 0.607 0.606 0.601 0.497 
M_Zp=2700 kL=1.10: 0.612 0.607 0.603 0.602 0.597 0.476 
M_Zp=2700 kL=1.20: 0.610 0.615 0.597 0.600 0.593 0.463 
M_Zp=2700 kL=1.25: 0.601 0.610 0.613 0.603 0.596 0.441 
M_Zp=2700 kL=1.30: 0.601 0.605 0.606 0.585 0.585 0.440 
M_Zp=2700 kL=1.35: 0.584 0.613 0.608 0.595 0.576 0.423 
M_Zp=2700 kL=1.40: 0.593 0.605 0.608 0.604 0.583 0.418 
M_Zp=2700 kL=1.45: 0.593 0.608 0.599 0.594 0.575 0.399 
M_Zp=2700 kL=1.50: 0.591 0.611 0.600 0.598 0.592 0.382 
M_Zp=2700 kL=1.55: 0.597 0.598 0.597 0.600 0.593 0.371 
M_Zp=2700 kL=1.60: 0.599 0.603 0.598 0.603 0.588 0.352 
M_Zp=2700 kL=1.65: 0.598 0.600 0.615 0.595 0.588 0.340 
M_Zp=2700 kL=1.70: 0.593 0.605 0.614 0.597 0.564 0.318 
M_Zp=2700 kL=1.75: 0.595 0.591 0.601 0.589 0.572 0.308 
M_Zp=2700 kL=1.80: 0.602 0.600 0.593 0.599 0.561 0.292 
M_Zp=2700 kL=1.85: 0.609 0.602 0.604 0.581 0.563 0.289 
M_Zp=2700 kL=1.90: 0.597 0.599 0.590 0.599 0.572 0.265 
M_Zp=2700 kL=1.95: 0.591 0.599 0.597 0.594 0.556 0.254 
M_Zp=2700 kL=2.00: 0.598 0.594 0.606 0.588 0.564 0.227 
M_Zp=2700 kL=2.05: 0.596 0.622 0.595 0.586 0.554 0.213 
M_Zp=2700 kL=2.10: 0.592 0.602 0.595 0.588 0.556 0.202 
M_Zp=2700 kL=2.15: 0.596 0.606 0.595 0.591 0.556 0.177 
M_Zp=2700 kL=2.20: 0.614 0.610 0.601 0.580 0.560 0.170 
M_Zp=2750 kL=0.60: 0.604 0.601 0.606 0.607 0.603 0.582 
M_Zp=2750 kL=0.65: 0.600 0.594 0.613 0.611 0.597 0.584 
M_Zp=2750 kL=0.70: 0.608 0.606 0.601 0.608 0.605 0.566 
M_Zp=2750 kL=0.75: 0.617 0.604 0.606 0.610 0.607 0.553 
M_Zp=2750 kL=0.80: 0.611 0.622 0.609 0.614 0.605 0.547 
M_Zp=2750 kL=0.85: 0.607 0.615 0.610 0.597 0.604 0.540 
M_Zp=2750 kL=0.95: 0.599 0.610 0.600 0.604 0.603 0.514 
M_Zp=2750 kL=1.00: 0.601 0.591 0.610 0.608 0.600 0.521 
M_Zp=2750 kL=1.10: 0.614 0.599 0.597 0.597 0.608 0.496 
M_Zp=2750 kL=1.15: 0.608 0.607 0.594 0.603 0.594 0.482 
M_Zp=2750 kL=1.20: 0.614 0.606 0.600 0.602 0.587 0.478 
M_Zp=2750 kL=1.25: 0.610 0.597 0.607 0.603 0.589 0.468 
M_Zp=2750 kL=1.35: 0.598 0.611 0.610 0.586 0.588 0.435 
M_Zp=2750 kL=1.40: 0.596 0.604 0.608 0.595 0.587 0.422 
M_Zp=2750 kL=1.45: 0.602 0.605 0.607 0.601 0.586 0.407 
M_Zp=2750 kL=1.50: 0.601 0.606 0.613 0.593 0.583 0.388 
M_Zp=2750 kL=1.55: 0.607 0.608 0.599 0.590 0.575 0.381 
M_Zp=2750 kL=1.60: 0.605 0.594 0.597 0.593 0.581 0.366 
M_Zp=2750 kL=1.65: 0.596 0.608 0.599 0.607 0.581 0.358 
M_Zp=2750 kL=1.70: 0.604 0.605 0.604 0.597 0.570 0.347 
M_Zp=2750 kL=1.75: 0.602 0.605 0.597 0.597 0.572 0.322 
M_Zp=2750 kL=1.80: 0.609 0.590 0.603 0.600 0.576 0.311 
M_Zp=2750 kL=1.85: 0.597 0.594 0.593 0.598 0.564 0.296 
M_Zp=2750 kL=1.90: 0.604 0.601 0.591 0.586 0.570 0.277 
M_Zp=2750 kL=1.95: 0.599 0.605 0.600 0.591 0.556 0.258 
M_Zp=2750 kL=2.00: 0.584 0.615 0.588 0.596 0.550 0.247 
M_Zp=2750 kL=2.05: 0.597 0.602 0.600 0.583 0.551 0.234 
M_Zp=2750 kL=2.10: 0.604 0.616 0.597 0.582 0.555 0.211 
M_Zp=2750 kL=2.15: 0.585 0.603 0.596 0.595 0.548 0.206 
M_Zp=2750 kL=2.20: 0.602 0.599 0.590 0.581 0.543 0.180 
M_Zp=2800 kL=0.60: 0.613 0.598 0.608 0.610 0.609 0.578 
M_Zp=2800 kL=0.65: 0.595 0.601 0.613 0.612 0.603 0.577 
M_Zp=2800 kL=0.70: 0.607 0.610 0.602 0.614 0.599 0.563 
M_Zp=2800 kL=0.75: 0.612 0.594 0.618 0.613 0.597 0.577 
M_Zp=2800 kL=0.80: 0.600 0.611 0.610 0.617 0.606 0.552 
M_Zp=2800 kL=0.85: 0.618 0.613 0.604 0.613 0.598 0.541 
M_Zp=2800 kL=0.90: 0.594 0.601 0.599 0.601 0.599 0.545 
M_Zp=2800 kL=0.95: 0.590 0.605 0.606 0.603 0.597 0.530 
M_Zp=2800 kL=1.00: 0.604 0.609 0.605 0.607 0.604 0.523 
M_Zp=2800 kL=1.05: 0.606 0.603 0.610 0.595 0.607 0.514 
M_Zp=2800 kL=1.10: 0.600 0.605 0.609 0.602 0.594 0.506 
M_Zp=2800 kL=1.15: 0.617 0.612 0.605 0.607 0.589 0.489 
M_Zp=2800 kL=1.20: 0.606 0.608 0.600 0.605 0.588 0.484 
M_Zp=2800 kL=1.25: 0.613 0.609 0.588 0.602 0.582 0.466 
M_Zp=2800 kL=1.30: 0.606 0.619 0.615 0.601 0.604 0.450 
M_Zp=2800 kL=1.35: 0.594 0.606 0.610 0.590 0.583 0.443 
M_Zp=2800 kL=1.40: 0.597 0.608 0.603 0.600 0.591 0.432 
M_Zp=2800 kL=1.45: 0.600 0.604 0.599 0.594 0.591 0.429 
M_Zp=2800 kL=1.50: 0.597 0.613 0.604 0.598 0.582 0.399 
M_Zp=2800 kL=1.55: 0.595 0.603 0.618 0.593 0.583 0.399 
M_Zp=2800 kL=1.65: 0.604 0.602 0.602 0.603 0.572 0.366 
M_Zp=2800 kL=1.70: 0.580 0.594 0.608 0.601 0.580 0.357 
M_Zp=2800 kL=1.75: 0.583 0.598 0.608 0.588 0.580 0.343 
M_Zp=2800 kL=1.80: 0.591 0.603 0.591 0.597 0.571 0.325 
M_Zp=2800 kL=1.85: 0.594 0.591 0.593 0.602 0.579 0.313 
M_Zp=2800 kL=1.90: 0.613 0.606 0.597 0.606 0.569 0.294 
M_Zp=2800 kL=2.00: 0.600 0.592 0.602 0.605 0.545 0.261 
M_Zp=2800 kL=2.05: 0.585 0.603 0.591 0.589 0.549 0.250 
M_Zp=2800 kL=2.10: 0.594 0.598 0.588 0.587 0.554 0.217 
M_Zp=2800 kL=2.15: 0.603 0.611 0.596 0.582 0.553 0.227 
M_Zp=2850 kL=0.60: 0.612 0.588 0.607 0.608 0.608 0.577 
M_Zp=2850 kL=0.65: 0.605 0.611 0.603 0.608 0.603 0.568 
M_Zp=2850 kL=0.70: 0.611 0.604 0.609 0.603 0.597 0.573 
M_Zp=2850 kL=0.75: 0.612 0.602 0.614 0.618 0.615 0.569 
M_Zp=2850 kL=0.80: 0.608 0.615 0.605 0.604 0.595 0.561 
M_Zp=2850 kL=0.85: 0.604 0.612 0.604 0.611 0.602 0.549 
M_Zp=2850 kL=0.90: 0.604 0.610 0.597 0.600 0.603 0.544 
M_Zp=2850 kL=0.95: 0.583 0.607 0.607 0.607 0.605 0.541 
M_Zp=2850 kL=1.00: 0.595 0.605 0.604 0.593 0.603 0.531 
M_Zp=2850 kL=1.05: 0.611 0.599 0.610 0.603 0.604 0.517 
M_Zp=2850 kL=1.10: 0.605 0.594 0.612 0.604 0.605 0.517 
M_Zp=2850 kL=1.15: 0.613 0.598 0.608 0.602 0.601 0.510 
M_Zp=2850 kL=1.20: 0.602 0.604 0.603 0.604 0.589 0.491 
M_Zp=2850 kL=1.25: 0.615 0.606 0.604 0.607 0.592 0.477 
M_Zp=2850 kL=1.30: 0.599 0.600 0.603 0.599 0.591 0.467 
M_Zp=2850 kL=1.35: 0.612 0.602 0.602 0.591 0.583 0.466 
M_Zp=2850 kL=1.40: 0.608 0.614 0.616 0.588 0.575 0.438 
M_Zp=2850 kL=1.45: 0.600 0.602 0.617 0.594 0.586 0.440 
M_Zp=2850 kL=1.50: 0.597 0.613 0.596 0.600 0.597 0.421 
M_Zp=2850 kL=1.55: 0.605 0.611 0.610 0.602 0.581 0.406 
M_Zp=2850 kL=1.60: 0.605 0.605 0.604 0.591 0.589 0.404 
M_Zp=2850 kL=1.65: 0.605 0.600 0.598 0.603 0.580 0.381 
M_Zp=2850 kL=1.70: 0.594 0.603 0.597 0.607 0.583 0.366 
M_Zp=2850 kL=1.80: 0.593 0.600 0.607 0.607 0.579 0.337 
M_Zp=2850 kL=1.90: 0.605 0.581 0.611 0.592 0.562 0.310 
M_Zp=2850 kL=1.95: 0.611 0.605 0.588 0.594 0.572 0.289 
M_Zp=2850 kL=2.00: 0.593 0.595 0.597 0.592 0.550 0.284 
M_Zp=2850 kL=2.05: 0.600 0.601 0.597 0.592 0.553 0.267 
M_Zp=2850 kL=2.10: 0.592 0.599 0.595 0.594 0.555 0.249 
M_Zp=2850 kL=2.20: 0.596 0.613 0.596 0.594 0.559 0.218 
M_Zp=2900 kL=0.65: 0.598 0.602 0.611 0.616 0.604 0.589 
M_Zp=2900 kL=0.70: 0.617 0.613 0.614 0.615 0.597 0.571 
M_Zp=2900 kL=0.75: 0.597 0.600 0.611 0.609 0.600 0.571 
M_Zp=2900 kL=0.80: 0.608 0.600 0.611 0.606 0.612 0.568 
M_Zp=2900 kL=0.85: 0.606 0.614 0.602 0.624 0.591 0.556 
M_Zp=2900 kL=0.95: 0.585 0.599 0.599 0.611 0.598 0.544 
M_Zp=2900 kL=1.00: 0.600 0.613 0.600 0.604 0.601 0.536 
M_Zp=2900 kL=1.05: 0.605 0.598 0.606 0.603 0.608 0.529 
M_Zp=2900 kL=1.10: 0.605 0.606 0.612 0.602 0.600 0.515 
M_Zp=2900 kL=1.15: 0.600 0.606 0.605 0.607 0.590 0.505 
M_Zp=2900 kL=1.20: 0.612 0.601 0.609 0.608 0.582 0.493 
M_Zp=2900 kL=1.25: 0.607 0.610 0.604 0.609 0.595 0.480 
M_Zp=2900 kL=1.35: 0.607 0.618 0.614 0.601 0.593 0.461 
M_Zp=2900 kL=1.40: 0.589 0.609 0.609 0.591 0.586 0.465 
M_Zp=2900 kL=1.45: 0.597 0.601 0.596 0.606 0.587 0.443 
M_Zp=2900 kL=1.50: 0.603 0.616 0.608 0.597 0.583 0.440 
M_Zp=2900 kL=1.55: 0.604 0.595 0.608 0.595 0.583 0.418 
M_Zp=2900 kL=1.60: 0.608 0.610 0.612 0.597 0.587 0.411 
M_Zp=2900 kL=1.65: 0.596 0.610 0.599 0.597 0.579 0.396 
M_Zp=2900 kL=1.70: 0.597 0.595 0.603 0.597 0.582 0.385 
M_Zp=2900 kL=1.75: 0.595 0.603 0.596 0.600 0.582 0.366 
M_Zp=2900 kL=1.80: 0.599 0.602 0.610 0.599 0.570 0.361 
M_Zp=2900 kL=1.85: 0.597 0.604 0.604 0.596 0.583 0.341 
M_Zp=2900 kL=1.90: 0.603 0.581 0.594 0.596 0.566 0.325 
M_Zp=2900 kL=1.95: 0.606 0.601 0.600 0.585 0.566 0.307 
M_Zp=2900 kL=2.00: 0.604 0.603 0.600 0.578 0.577 0.296 
M_Zp=2900 kL=2.05: 0.602 0.594 0.599 0.593 0.556 0.288 
M_Zp=2900 kL=2.10: 0.594 0.602 0.599 0.590 0.552 0.276 
M_Zp=2900 kL=2.15: 0.585 0.600 0.604 0.593 0.557 0.251 
M_Zp=2900 kL=2.20: 0.590 0.611 0.599 0.588 0.554 0.223 
M_Zp=2950 kL=0.60: 0.612 0.597 0.613 0.604 0.609 0.583 
M_Zp=2950 kL=0.65: 0.606 0.603 0.605 0.607 0.598 0.584 
M_Zp=2950 kL=0.70: 0.599 0.598 0.610 0.618 0.601 0.571 
M_Zp=2950 kL=0.75: 0.607 0.603 0.601 0.609 0.599 0.564 
M_Zp=2950 kL=0.85: 0.614 0.605 0.605 0.615 0.598 0.559 
M_Zp=2950 kL=0.90: 0.608 0.618 0.600 0.611 0.607 0.555 
M_Zp=2950 kL=0.95: 0.592 0.598 0.602 0.602 0.599 0.549 
M_Zp=2950 kL=1.00: 0.593 0.605 0.605 0.594 0.608 0.546 
M_Zp=2950 kL=1.05: 0.600 0.603 0.605 0.596 0.603 0.533 
M_Zp=2950 kL=1.10: 0.613 0.589 0.603 0.606 0.607 0.528 
M_Zp=2950 kL=1.20: 0.610 0.605 0.603 0.597 0.598 0.517 
M_Zp=2950 kL=1.25: 0.611 0.605 0.599 0.597 0.590 0.503 
M_Zp=2950 kL=1.30: 0.610 0.610 0.600 0.610 0.597 0.484 
M_Zp=2950 kL=1.35: 0.599 0.599 0.608 0.593 0.586 0.476 
M_Zp=2950 kL=1.40: 0.608 0.602 0.602 0.589 0.580 0.457 
M_Zp=2950 kL=1.50: 0.594 0.608 0.619 0.590 0.585 0.454 
M_Zp=2950 kL=1.55: 0.606 0.605 0.613 0.598 0.577 0.430 
M_Zp=2950 kL=1.60: 0.593 0.617 0.599 0.591 0.574 0.418 
M_Zp=2950 kL=1.65: 0.606 0.609 0.600 0.595 0.586 0.402 
M_Zp=2950 kL=1.70: 0.601 0.595 0.609 0.601 0.586 0.400 
M_Zp=2950 kL=1.75: 0.598 0.591 0.596 0.603 0.573 0.387 
M_Zp=2950 kL=1.80: 0.592 0.590 0.605 0.595 0.580 0.378 
M_Zp=2950 kL=1.85: 0.592 0.593 0.620 0.587 0.574 0.358 
M_Zp=2950 kL=1.90: 0.597 0.594 0.600 0.600 0.571 0.336 
M_Zp=2950 kL=1.95: 0.599 0.604 0.599 0.599 0.573 0.332 
M_Zp=2950 kL=2.05: 0.597 0.605 0.602 0.582 0.563 0.294 
M_Zp=2950 kL=2.10: 0.609 0.599 0.595 0.595 0.563 0.285 
M_Zp=2950 kL=2.15: 0.595 0.604 0.601 0.592 0.555 0.266 
M_Zp=2950 kL=2.20: 0.598 0.597 0.592 0.584 0.556 0.260 
M_Zp=3000 kL=0.60: 0.610 0.587 0.610 0.604 0.602 0.588 
M_Zp=3000 kL=0.65: 0.608 0.594 0.598 0.616 0.604 0.581 
M_Zp=3000 kL=0.70: 0.601 0.603 0.606 0.610 0.601 0.579 
M_Zp=3000 kL=0.75: 0.607 0.607 0.594 0.617 0.594 0.567 
M_Zp=3000 kL=0.80: 0.611 0.596 0.615 0.622 0.597 0.569 
M_Zp=3000 kL=0.85: 0.606 0.616 0.614 0.613 0.605 0.569 
M_Zp=3000 kL=0.90: 0.608 0.616 0.607 0.608 0.601 0.552 
M_Zp=3000 kL=0.95: 0.606 0.612 0.599 0.605 0.598 0.551 
M_Zp=3000 kL=1.00: 0.585 0.598 0.614 0.608 0.598 0.545 
M_Zp=3000 kL=1.05: 0.594 0.604 0.603 0.593 0.590 0.545 
M_Zp=3000 kL=1.15: 0.604 0.603 0.606 0.599 0.596 0.518 
M_Zp=3000 kL=1.20: 0.594 0.601 0.591 0.608 0.599 0.511 
M_Zp=3000 kL=1.25: 0.613 0.602 0.602 0.605 0.592 0.504 
M_Zp=3000 kL=1.30: 0.605 0.611 0.603 0.609 0.598 0.497 
M_Zp=3000 kL=1.35: 0.611 0.609 0.586 0.606 0.597 0.484 
M_Zp=3000 kL=1.40: 0.603 0.612 0.613 0.597 0.590 0.482 
M_Zp=3000 kL=1.45: 0.598 0.608 0.609 0.592 0.586 0.463 
M_Zp=3000 kL=1.50: 0.593 0.616 0.596 0.599 0.592 0.454 
M_Zp=3000 kL=1.55: 0.614 0.606 0.605 0.597 0.595 0.449 
M_Zp=3000 kL=1.65: 0.602 0.596 0.607 0.598 0.580 0.418 
M_Zp=3000 kL=1.70: 0.600 0.611 0.603 0.603 0.576 0.410 
M_Zp=3000 kL=1.75: 0.601 0.600 0.589 0.600 0.582 0.391 
M_Zp=3000 kL=1.80: 0.593 0.614 0.599 0.606 0.575 0.387 
M_Zp=3000 kL=1.85: 0.590 0.607 0.600 0.605 0.582 0.367 
M_Zp=3000 kL=1.90: 0.594 0.603 0.623 0.599 0.578 0.350 
M_Zp=3000 kL=1.95: 0.600 0.588 0.602 0.596 0.570 0.340 
M_Zp=3000 kL=2.00: 0.600 0.590 0.608 0.603 0.570 0.336 
M_Zp=3000 kL=2.05: 0.605 0.596 0.597 0.592 0.567 0.327 
M_Zp=3000 kL=2.10: 0.599 0.606 0.601 0.602 0.562 0.300 
M_Zp=3000 kL=2.15: 0.606 0.593 0.605 0.595 0.563 0.289 
M_Zp=3000 kL=2.20: 0.587 0.603 0.594 0.585 0.555 0.268 
M_Zp=3100 kL=0.60: 0.608 0.595 0.615 0.607 0.600 0.592 
M_Zp=3100 kL=0.65: 0.611 0.599 0.608 0.605 0.609 0.591 
M_Zp=3100 kL=0.75: 0.614 0.605 0.610 0.608 0.600 0.585 
M_Zp=3100 kL=0.80: 0.601 0.615 0.604 0.610 0.603 0.569 
M_Zp=3100 kL=0.85: 0.616 0.598 0.613 0.608 0.607 0.570 
M_Zp=3100 kL=0.90: 0.613 0.607 0.599 0.609 0.608 0.560 
M_Zp=3100 kL=0.95: 0.607 0.612 0.604 0.608 0.604 0.562 
M_Zp=3100 kL=1.00: 0.600 0.598 0.599 0.604 0.594 0.561 
M_Zp=3100 kL=1.10: 0.590 0.597 0.609 0.607 0.608 0.540 
M_Zp=3100 kL=1.15: 0.610 0.589 0.609 0.603 0.604 0.523 
M_Zp=3100 kL=1.20: 0.603 0.596 0.603 0.601 0.602 0.525 
M_Zp=3100 kL=1.25: 0.606 0.607 0.601 0.596 0.599 0.522 
M_Zp=3100 kL=1.30: 0.606 0.611 0.603 0.608 0.593 0.513 
M_Zp=3100 kL=1.35: 0.609 0.610 0.600 0.619 0.605 0.503 
M_Zp=3100 kL=1.40: 0.608 0.605 0.594 0.603 0.603 0.493 
M_Zp=3100 kL=1.45: 0.604 0.616 0.608 0.600 0.596 0.486 
M_Zp=3100 kL=1.50: 0.591 0.609 0.606 0.593 0.583 0.472 
M_Zp=3100 kL=1.55: 0.594 0.615 0.601 0.597 0.593 0.467 
M_Zp=3100 kL=1.60: 0.601 0.611 0.604 0.600 0.588 0.450 
M_Zp=3100 kL=1.65: 0.598 0.611 0.609 0.601 0.587 0.444 
M_Zp=3100 kL=1.70: 0.603 0.611 0.603 0.596 0.579 0.443 
M_Zp=3100 kL=1.75: 0.604 0.616 0.608 0.594 0.577 0.430 
M_Zp=3100 kL=1.80: 0.608 0.604 0.609 0.595 0.587 0.403 
M_Zp=3100 kL=1.85: 0.596 0.586 0.606 0.606 0.571 0.405 
M_Zp=3100 kL=1.90: 0.589 0.604 0.597 0.592 0.576 0.385 
M_Zp=3100 kL=1.95: 0.595 0.605 0.606 0.599 0.573 0.376 
M_Zp=3100 kL=2.00: 0.606 0.608 0.598 0.599 0.573 0.366 
M_Zp=3100 kL=2.05: 0.611 0.602 0.605 0.589 0.574 0.350 
M_Zp=3100 kL=2.10: 0.603 0.602 0.601 0.590 0.562 0.338 
M_Zp=3100 kL=2.15: 0.603 0.593 0.589 0.592 0.575 0.318 
M_Zp=3100 kL=2.20: 0.603 0.604 0.591 0.591 0.558 0.311 
M_Zp=3200 kL=0.60: 0.598 0.599 0.612 0.613 0.609 0.587 
M_Zp=3200 kL=0.65: 0.618 0.596 0.616 0.605 0.610 0.589 
M_Zp=3200 kL=0.70: 0.607 0.608 0.604 0.615 0.602 0.586 
M_Zp=3200 kL=0.75: 0.596 0.603 0.606 0.611 0.591 0.582 
M_Zp=3200 kL=0.80: 0.620 0.608 0.605 0.613 0.609 0.573 
M_Zp=3200 kL=0.85: 0.606 0.593 0.614 0.617 0.610 0.565 
M_Zp=3200 kL=0.90: 0.607 0.607 0.608 0.614 0.619 0.577 
M_Zp=3200 kL=0.95: 0.614 0.607 0.616 0.603 0.597 0.568 
M_Zp=3200 kL=1.00: 0.613 0.611 0.606 0.606 0.601 0.560 
M_Zp=3200 kL=1.05: 0.585 0.596 0.610 0.607 0.608 0.551 
M_Zp=3200 kL=1.10: 0.601 0.607 0.604 0.601 0.609 0.564 
M_Zp=3200 kL=1.20: 0.608 0.597 0.606 0.611 0.605 0.547 
M_Zp=3200 kL=1.25: 0.606 0.601 0.609 0.614 0.606 0.524 
M_Zp=3200 kL=1.30: 0.613 0.601 0.606 0.604 0.595 0.525 
M_Zp=3200 kL=1.35: 0.596 0.604 0.601 0.608 0.600 0.514 
M_Zp=3200 kL=1.40: 0.616 0.605 0.609 0.611 0.593 0.498 
M_Zp=3200 kL=1.45: 0.604 0.604 0.597 0.603 0.590 0.496 
M_Zp=3200 kL=1.50: 0.601 0.616 0.609 0.598 0.594 0.498 
M_Zp=3200 kL=1.55: 0.592 0.612 0.608 0.586 0.593 0.488 
M_Zp=3200 kL=1.60: 0.594 0.609 0.605 0.595 0.585 0.476 
M_Zp=3200 kL=1.65: 0.604 0.602 0.605 0.600 0.591 0.463 
M_Zp=3200 kL=1.70: 0.606 0.606 0.604 0.603 0.591 0.459 
M_Zp=3200 kL=1.80: 0.599 0.617 0.599 0.596 0.587 0.432 
M_Zp=3200 kL=1.85: 0.596 0.595 0.609 0.608 0.580 0.428 
M_Zp=3200 kL=1.90: 0.594 0.593 0.604 0.596 0.571 0.411 
M_Zp=3200 kL=1.95: 0.592 0.583 0.598 0.595 0.576 0.394 
M_Zp=3200 kL=2.00: 0.600 0.606 0.609 0.602 0.578 0.386 
M_Zp=3200 kL=2.05: 0.604 0.602 0.611 0.595 0.579 0.376 
M_Zp=3200 kL=2.10: 0.600 0.584 0.598 0.597 0.562 0.354 
M_Zp=3200 kL=2.15: 0.600 0.593 0.596 0.599 0.579 0.352 
M_Zp=3200 kL=2.20: 0.609 0.603 0.600 0.602 0.567 0.338 
M_Zp=3300 kL=0.60: 0.600 0.591 0.614 0.614 0.616 0.591 
M_Zp=3300 kL=0.65: 0.603 0.597 0.610 0.607 0.601 0.592 
M_Zp=3300 kL=0.70: 0.604 0.601 0.606 0.616 0.593 0.584 
M_Zp=3300 kL=0.75: 0.605 0.607 0.604 0.606 0.603 0.587 
M_Zp=3300 kL=0.80: 0.619 0.612 0.612 0.606 0.602 0.584 
M_Zp=3300 kL=0.85: 0.608 0.610 0.606 0.609 0.598 0.577 
M_Zp=3300 kL=0.90: 0.613 0.596 0.602 0.621 0.604 0.577 
M_Zp=3300 kL=0.95: 0.604 0.606 0.596 0.601 0.606 0.580 
M_Zp=3300 kL=1.00: 0.606 0.614 0.612 0.613 0.604 0.571 
M_Zp=3300 kL=1.05: 0.598 0.617 0.599 0.600 0.601 0.556 
M_Zp=3300 kL=1.10: 0.586 0.611 0.611 0.603 0.604 0.557 
M_Zp=3300 kL=1.15: 0.591 0.601 0.603 0.593 0.599 0.561 
M_Zp=3300 kL=1.20: 0.598 0.592 0.612 0.595 0.600 0.553 
M_Zp=3300 kL=1.25: 0.605 0.595 0.607 0.606 0.591 0.541 
M_Zp=3300 kL=1.30: 0.596 0.610 0.602 0.612 0.598 0.532 
M_Zp=3300 kL=1.35: 0.615 0.614 0.597 0.599 0.606 0.532 
M_Zp=3300 kL=1.40: 0.603 0.605 0.599 0.595 0.595 0.523 
M_Zp=3300 kL=1.45: 0.614 0.610 0.601 0.608 0.596 0.511 
M_Zp=3300 kL=1.50: 0.607 0.604 0.601 0.602 0.593 0.495 
M_Zp=3300 kL=1.55: 0.597 0.611 0.613 0.598 0.594 0.504 
M_Zp=3300 kL=1.60: 0.595 0.605 0.603 0.595 0.579 0.487 
M_Zp=3300 kL=1.65: 0.599 0.606 0.606 0.586 0.602 0.479 
M_Zp=3300 kL=1.70: 0.604 0.596 0.610 0.597 0.583 0.476 
M_Zp=3300 kL=1.75: 0.594 0.607 0.607 0.604 0.591 0.462 
M_Zp=3300 kL=1.80: 0.587 0.614 0.600 0.602 0.582 0.453 
M_Zp=3300 kL=1.85: 0.599 0.602 0.604 0.602 0.592 0.446 
M_Zp=3300 kL=1.90: 0.600 0.596 0.603 0.595 0.578 0.424 
M_Zp=3300 kL=1.95: 0.596 0.601 0.600 0.594 0.580 0.415 
M_Zp=3300 kL=2.00: 0.594 0.604 0.607 0.593 0.576 0.412 
M_Zp=3300 kL=2.05: 0.586 0.595 0.601 0.596 0.566 0.401 
M_Zp=3300 kL=2.10: 0.599 0.606 0.600 0.607 0.564 0.392 
M_Zp=3300 kL=2.15: 0.593 0.603 0.602 0.591 0.582 0.373 
M_Zp=3300 kL=2.20: 0.602 0.606 0.599 0.590 0.565 0.367 
M_Zp=3400 kL=0.60: 0.599 0.588 0.614 0.609 0.608 0.594 
M_Zp=3400 kL=0.65: 0.601 0.599 0.618 0.610 0.614 0.594 
M_Zp=3400 kL=0.70: 0.614 0.591 0.612 0.611 0.609 0.593 
M_Zp=3400 kL=0.75: 0.606 0.617 0.600 0.608 0.605 0.589 
M_Zp=3400 kL=0.80: 0.600 0.597 0.607 0.614 0.595 0.591 
M_Zp=3400 kL=0.85: 0.612 0.608 0.611 0.612 0.606 0.581 
M_Zp=3400 kL=1.50: 0.622 0.611 0.593 0.616 0.596 0.512 
M_Zp=3400 kL=1.55: 0.602 0.606 0.606 0.601 0.596 0.520 
M_Zp=3400 kL=1.60: 0.598 0.610 0.615 0.597 0.593 0.509 
M_Zp=3400 kL=1.65: 0.594 0.601 0.609 0.589 0.577 0.493 
M_Zp=3400 kL=1.70: 0.593 0.607 0.609 0.594 0.588 0.485 
M_Zp=3400 kL=1.75: 0.594 0.596 0.609 0.597 0.581 0.482 
M_Zp=3400 kL=1.80: 0.592 0.611 0.604 0.600 0.595 0.466 
M_Zp=3400 kL=1.85: 0.600 0.602 0.608 0.591 0.586 0.460 
M_Zp=3400 kL=1.95: 0.607 0.599 0.600 0.599 0.587 0.437 
M_Zp=3400 kL=2.00: 0.599 0.599 0.594 0.596 0.575 0.431 
M_Zp=3400 kL=2.05: 0.591 0.602 0.604 0.585 0.577 0.423 
M_Zp=3400 kL=2.10: 0.592 0.609 0.601 0.593 0.581 0.397 
M_Zp=3400 kL=2.15: 0.594 0.595 0.598 0.590 0.570 0.406 
M_Zp=3400 kL=2.20: 0.610 0.601 0.602 0.598 0.566 0.394 
M_Zp=3500 kL=0.60: 0.601 0.602 0.607 0.611 0.600 0.601 
M_Zp=3500 kL=0.65: 0.595 0.604 0.614 0.606 0.602 0.591 
M_Zp=3500 kL=0.70: 0.605 0.587 0.606 0.599 0.608 0.594 
M_Zp=3500 kL=0.75: 0.602 0.605 0.606 0.613 0.601 0.586 
M_Zp=3500 kL=0.80: 0.609 0.603 0.605 0.598 0.602 0.588 
M_Zp=3500 kL=0.85: 0.608 0.609 0.609 0.609 0.598 0.591 
M_Zp=3500 kL=0.90: 0.609 0.601 0.603 0.600 0.596 0.582 
M_Zp=3500 kL=1.50: 0.598 0.602 0.601 0.594 0.599 0.517 
M_Zp=3500 kL=1.55: 0.625 0.610 0.587 0.604 0.600 0.517 
M_Zp=3500 kL=1.60: 0.608 0.604 0.605 0.597 0.593 0.511 
M_Zp=3500 kL=1.65: 0.600 0.613 0.610 0.602 0.589 0.507 
M_Zp=3500 kL=1.75: 0.596 0.605 0.612 0.590 0.587 0.487 
M_Zp=3500 kL=1.80: 0.589 0.602 0.612 0.598 0.575 0.469 
M_Zp=3500 kL=1.85: 0.595 0.611 0.608 0.605 0.575 0.470 
M_Zp=3500 kL=1.90: 0.593 0.609 0.607 0.590 0.574 0.470 
M_Zp=3500 kL=1.95: 0.607 0.602 0.601 0.595 0.575 0.457 
M_Zp=3500 kL=2.00: 0.603 0.607 0.596 0.597 0.571 0.447 
M_Zp=3500 kL=2.05: 0.595 0.608 0.602 0.600 0.581 0.433 
M_Zp=3500 kL=2.10: 0.589 0.590 0.603 0.611 0.576 0.441 
M_Zp=3500 kL=2.15: 0.585 0.593 0.605 0.588 0.581 0.409 
M_Zp=3500 kL=2.20: 0.599 0.602 0.599 0.597 0.573 0.417 
