M_Zp=1000 kL=0.10: 0.589 0.608 0.607 0.608 0.609 0.525 
M_Zp=1000 kL=0.15: 0.606 0.606 0.584 0.598 0.606 0.454 
M_Zp=1000 kL=0.20: 0.616 0.609 0.613 0.601 0.599 0.379 
M_Zp=1000 kL=0.25: 0.613 0.615 0.608 0.591 0.609 0.322 
M_Zp=1000 kL=0.30: 0.611 0.588 0.610 0.602 0.596 0.272 
M_Zp=1000 kL=0.35: 0.617 0.609 0.605 0.608 0.590 0.237 
M_Zp=1000 kL=0.40: 0.620 0.609 0.605 0.606 0.599 0.204 
M_Zp=1000 kL=0.45: 0.620 0.605 0.602 0.603 0.579 0.173 
M_Zp=1000 kL=0.50: 0.595 0.606 0.601 0.600 0.585 0.146 
M_Zp=1000 kL=0.55: 0.594 0.615 0.601 0.602 0.580 0.148 
M_Zp=1000 kL=0.60: 0.594 0.601 0.598 0.595 0.561 0.133 
M_Zp=1050 kL=0.10: 0.598 0.600 0.601 0.614 0.605 0.527 
M_Zp=1050 kL=0.15: 0.613 0.603 0.606 0.605 0.609 0.474 
M_Zp=1050 kL=0.20: 0.606 0.600 0.599 0.614 0.602 0.406 
M_Zp=1050 kL=0.25: 0.612 0.612 0.598 0.591 0.604 0.342 
M_Zp=1050 kL=0.30: 0.600 0.589 0.610 0.606 0.602 0.295 
M_Zp=1050 kL=0.35: 0.598 0.599 0.606 0.607 0.586 0.261 
M_Zp=1050 kL=0.40: 0.607 0.600 0.614 0.611 0.587 0.220 
M_Zp=1050 kL=0.45: 0.608 0.607 0.605 0.609 0.591 0.193 
M_Zp=1050 kL=0.50: 0.604 0.598 0.614 0.601 0.589 0.173 
M_Zp=1050 kL=0.55: 0.610 0.628 0.600 0.600 0.594 0.138 
M_Zp=1050 kL=0.60: 0.604 0.595 0.597 0.590 0.558 0.153 
M_Zp=1100 kL=0.10: 0.601 0.601 0.595 0.617 0.609 0.551 
M_Zp=1100 kL=0.15: 0.598 0.603 0.605 0.614 0.610 0.491 
M_Zp=1100 kL=0.20: 0.609 0.609 0.600 0.600 0.607 0.427 
M_Zp=1100 kL=0.25: 0.604 0.605 0.597 0.605 0.609 0.369 
M_Zp=1100 kL=0.30: 0.610 0.606 0.611 0.603 0.602 0.324 
M_Zp=1100 kL=0.35: 0.611 0.597 0.598 0.611 0.592 0.275 
M_Zp=1100 kL=0.40: 0.605 0.596 0.604 0.593 0.596 0.240 
M_Zp=1100 kL=0.45: 0.618 0.598 0.605 0.599 0.583 0.217 
M_Zp=1100 kL=0.50: 0.610 0.610 0.597 0.601 0.587 0.185 
M_Zp=1100 kL=0.55: 0.599 0.598 0.594 0.589 0.579 0.167 
M_Zp=1100 kL=0.60: 0.604 0.600 0.613 0.608 0.579 0.147 
M_Zp=1150 kL=0.10: 0.604 0.611 0.600 0.608 0.611 0.561 
M_Zp=1150 kL=0.15: 0.609 0.606 0.613 0.615 0.607 0.508 
M_Zp=1150 kL=0.20: 0.600 0.597 0.616 0.605 0.607 0.446 
M_Zp=1150 kL=0.25: 0.607 0.610 0.606 0.612 0.617 0.392 
M_Zp=1150 kL=0.30: 0.603 0.596 0.595 0.594 0.609 0.338 
M_Zp=1150 kL=0.35: 0.592 0.598 0.610 0.604 0.608 0.308 
M_Zp=1150 kL=0.40: 0.602 0.591 0.607 0.596 0.594 0.258 
M_Zp=1150 kL=0.45: 0.590 0.591 0.609 0.602 0.598 0.229 
M_Zp=1150 kL=0.50: 0.607 0.616 0.595 0.615 0.590 0.202 
M_Zp=1150 kL=0.55: 0.603 0.609 0.612 0.593 0.582 0.186 
M_Zp=1150 kL=0.60: 0.585 0.594 0.598 0.613 0.595 0.171 
M_Zp=1200 kL=0.10: 0.598 0.617 0.605 0.602 0.613 0.569 
M_Zp=1200 kL=0.15: 0.605 0.622 0.603 0.606 0.600 0.519 
M_Zp=1200 kL=0.20: 0.602 0.610 0.600 0.611 0.587 0.474 
M_Zp=1200 kL=0.25: 0.611 0.616 0.612 0.603 0.600 0.418 
M_Zp=1200 kL=0.30: 0.599 0.604 0.610 0.600 0.603 0.367 
M_Zp=1200 kL=0.35: 0.597 0.603 0.613 0.609 0.596 0.323 
M_Zp=1200 kL=0.40: 0.608 0.594 0.613 0.600 0.597 0.283 
M_Zp=1200 kL=0.45: 0.597 0.599 0.610 0.588 0.586 0.246 
M_Zp=1200 kL=0.50: 0.592 0.604 0.607 0.615 0.586 0.214 
M_Zp=1200 kL=0.55: 0.599 0.601 0.593 0.600 0.585 0.204 
M_Zp=1200 kL=0.60: 0.594 0.600 0.604 0.599 0.583 0.175 
M_Zp=1250 kL=0.10: 0.593 0.608 0.608 0.604 0.611 0.570 
M_Zp=1250 kL=0.15: 0.606 0.626 0.607 0.610 0.603 0.520 
M_Zp=1250 kL=0.20: 0.602 0.611 0.606 0.612 0.607 0.480 
M_Zp=1250 kL=0.25: 0.609 0.600 0.613 0.610 0.603 0.441 
M_Zp=1250 kL=0.30: 0.603 0.603 0.599 0.602 0.581 0.392 
M_Zp=1250 kL=0.35: 0.604 0.599 0.603 0.594 0.599 0.340 
M_Zp=1250 kL=0.40: 0.612 0.605 0.605 0.598 0.597 0.297 
M_Zp=1250 kL=0.45: 0.605 0.599 0.601 0.598 0.599 0.269 
M_Zp=1250 kL=0.50: 0.602 0.612 0.594 0.610 0.612 0.245 
M_Zp=1250 kL=0.55: 0.605 0.604 0.602 0.602 0.586 0.221 
M_Zp=1250 kL=0.60: 0.601 0.608 0.605 0.600 0.587 0.184 
M_Zp=1300 kL=0.10: 0.607 0.612 0.600 0.609 0.609 0.580 
M_Zp=1300 kL=0.15: 0.596 0.616 0.597 0.611 0.611 0.544 
M_Zp=1300 kL=0.20: 0.600 0.606 0.609 0.608 0.608 0.501 
M_Zp=1300 kL=0.25: 0.601 0.596 0.605 0.611 0.611 0.454 
M_Zp=1300 kL=0.30: 0.604 0.608 0.598 0.609 0.605 0.408 
M_Zp=1300 kL=0.35: 0.620 0.607 0.600 0.610 0.602 0.360 
M_Zp=1300 kL=0.40: 0.601 0.602 0.600 0.607 0.608 0.324 
M_Zp=1300 kL=0.45: 0.604 0.593 0.602 0.612 0.603 0.294 
M_Zp=1300 kL=0.50: 0.597 0.600 0.607 0.606 0.596 0.264 
M_Zp=1300 kL=0.55: 0.607 0.600 0.604 0.601 0.601 0.243 
M_Zp=1300 kL=0.60: 0.598 0.615 0.611 0.606 0.592 0.215 
M_Zp=1350 kL=0.15: 0.597 0.609 0.598 0.605 0.607 0.554 
M_Zp=1350 kL=0.20: 0.609 0.600 0.599 0.603 0.615 0.510 
M_Zp=1350 kL=0.25: 0.606 0.608 0.610 0.620 0.599 0.476 
M_Zp=1350 kL=0.30: 0.609 0.590 0.605 0.606 0.603 0.432 
M_Zp=1350 kL=0.35: 0.598 0.603 0.608 0.603 0.611 0.388 
M_Zp=1350 kL=0.40: 0.587 0.614 0.594 0.599 0.598 0.349 
M_Zp=1350 kL=0.45: 0.594 0.598 0.603 0.602 0.614 0.304 
M_Zp=1350 kL=0.50: 0.595 0.608 0.610 0.601 0.595 0.281 
M_Zp=1350 kL=0.55: 0.617 0.609 0.598 0.608 0.586 0.253 
M_Zp=1350 kL=0.60: 0.594 0.602 0.613 0.602 0.594 0.229 
M_Zp=1350 kL=0.65: 0.605 0.614 0.603 0.597 0.597 0.208 
M_Zp=1400 kL=0.15: 0.602 0.607 0.606 0.617 0.615 0.563 
M_Zp=1400 kL=0.20: 0.610 0.602 0.603 0.608 0.610 0.527 
M_Zp=1400 kL=0.25: 0.602 0.607 0.607 0.605 0.603 0.487 
M_Zp=1400 kL=0.30: 0.611 0.590 0.607 0.611 0.604 0.446 
M_Zp=1400 kL=0.35: 0.608 0.603 0.610 0.604 0.603 0.407 
M_Zp=1400 kL=0.40: 0.613 0.607 0.601 0.615 0.608 0.378 
M_Zp=1400 kL=0.45: 0.591 0.613 0.612 0.611 0.599 0.333 
M_Zp=1400 kL=0.50: 0.606 0.603 0.599 0.612 0.590 0.301 
M_Zp=1400 kL=0.55: 0.598 0.619 0.607 0.603 0.601 0.272 
M_Zp=1400 kL=0.60: 0.605 0.601 0.602 0.609 0.587 0.253 
M_Zp=1400 kL=0.65: 0.602 0.606 0.611 0.606 0.586 0.222 
M_Zp=1450 kL=0.15: 0.604 0.612 0.601 0.607 0.610 0.567 
M_Zp=1450 kL=0.20: 0.613 0.605 0.601 0.613 0.612 0.544 
M_Zp=1450 kL=0.25: 0.602 0.590 0.612 0.609 0.610 0.497 
M_Zp=1450 kL=0.30: 0.602 0.599 0.612 0.606 0.603 0.463 
M_Zp=1450 kL=0.35: 0.604 0.600 0.602 0.610 0.614 0.422 
M_Zp=1450 kL=0.40: 0.612 0.606 0.610 0.608 0.598 0.387 
M_Zp=1450 kL=0.45: 0.598 0.602 0.609 0.603 0.601 0.359 
M_Zp=1450 kL=0.50: 0.602 0.599 0.597 0.593 0.600 0.331 
M_Zp=1450 kL=0.55: 0.596 0.601 0.605 0.598 0.590 0.296 
M_Zp=1450 kL=0.60: 0.613 0.611 0.606 0.602 0.597 0.263 
M_Zp=1450 kL=0.65: 0.607 0.596 0.619 0.611 0.600 0.239 
M_Zp=1500 kL=0.15: 0.610 0.607 0.598 0.609 0.611 0.570 
M_Zp=1500 kL=0.20: 0.607 0.607 0.608 0.610 0.595 0.542 
M_Zp=1500 kL=0.25: 0.601 0.604 0.608 0.601 0.593 0.516 
M_Zp=1500 kL=0.30: 0.606 0.594 0.607 0.608 0.609 0.476 
M_Zp=1500 kL=0.40: 0.600 0.607 0.603 0.611 0.598 0.412 
M_Zp=1500 kL=0.45: 0.585 0.606 0.606 0.608 0.597 0.380 
M_Zp=1500 kL=0.50: 0.601 0.602 0.606 0.609 0.598 0.343 
M_Zp=1500 kL=0.55: 0.600 0.596 0.608 0.599 0.597 0.323 
M_Zp=1500 kL=0.60: 0.607 0.603 0.610 0.606 0.590 0.295 
M_Zp=1500 kL=0.65: 0.614 0.597 0.602 0.599 0.590 0.269 
M_Zp=1550 kL=0.20: 0.603 0.608 0.612 0.600 0.606 0.550 
M_Zp=1550 kL=0.25: 0.602 0.597 0.599 0.602 0.616 0.521 
M_Zp=1550 kL=0.30: 0.603 0.604 0.609 0.607 0.607 0.499 
M_Zp=1550 kL=0.35: 0.600 0.595 0.601 0.611 0.607 0.461 
M_Zp=1550 kL=0.40: 0.606 0.615 0.593 0.608 0.611 0.428 
M_Zp=1550 kL=0.45: 0.597 0.611 0.603 0.601 0.593 0.403 
M_Zp=1550 kL=0.50: 0.587 0.616 0.610 0.606 0.595 0.369 
M_Zp=1550 kL=0.55: 0.609 0.596 0.608 0.602 0.590 0.341 
M_Zp=1550 kL=0.60: 0.608 0.605 0.608 0.596 0.599 0.324 
M_Zp=1550 kL=0.65: 0.620 0.605 0.614 0.592 0.583 0.276 
M_Zp=1600 kL=0.15: 0.610 0.599 0.599 0.609 0.616 0.573 
M_Zp=1600 kL=0.20: 0.598 0.616 0.607 0.620 0.611 0.562 
M_Zp=1600 kL=0.25: 0.608 0.601 0.597 0.609 0.593 0.534 
M_Zp=1600 kL=0.30: 0.603 0.603 0.605 0.605 0.607 0.504 
M_Zp=1600 kL=0.35: 0.601 0.605 0.619 0.607 0.603 0.485 
M_Zp=1600 kL=0.40: 0.605 0.622 0.614 0.606 0.588 0.454 
M_Zp=1600 kL=0.45: 0.610 0.613 0.596 0.601 0.604 0.414 
M_Zp=1600 kL=0.50: 0.595 0.599 0.604 0.602 0.605 0.376 
M_Zp=1600 kL=0.55: 0.607 0.599 0.622 0.600 0.604 0.359 
M_Zp=1600 kL=0.60: 0.598 0.604 0.614 0.601 0.598 0.327 
M_Zp=1600 kL=0.65: 0.619 0.600 0.609 0.606 0.595 0.306 
M_Zp=1650 kL=0.15: 0.601 0.605 0.601 0.602 0.606 0.577 
M_Zp=1650 kL=0.20: 0.603 0.605 0.601 0.605 0.605 0.563 
M_Zp=1650 kL=0.25: 0.611 0.607 0.601 0.608 0.601 0.541 
M_Zp=1650 kL=0.30: 0.610 0.601 0.603 0.597 0.607 0.514 
M_Zp=1650 kL=0.35: 0.603 0.601 0.615 0.603 0.594 0.485 
M_Zp=1650 kL=0.40: 0.605 0.616 0.604 0.621 0.598 0.462 
M_Zp=1650 kL=0.45: 0.603 0.613 0.599 0.609 0.596 0.431 
M_Zp=1650 kL=0.50: 0.602 0.619 0.600 0.596 0.597 0.408 
M_Zp=1650 kL=0.55: 0.595 0.608 0.604 0.613 0.597 0.372 
M_Zp=1650 kL=0.60: 0.609 0.609 0.613 0.611 0.591 0.358 
M_Zp=1650 kL=0.65: 0.611 0.604 0.608 0.612 0.598 0.324 
M_Zp=1700 kL=0.15: 0.602 0.608 0.598 0.603 0.621 0.592 
M_Zp=1700 kL=0.20: 0.604 0.614 0.609 0.611 0.611 0.572 
M_Zp=1700 kL=0.25: 0.600 0.616 0.608 0.608 0.605 0.551 
M_Zp=1700 kL=0.30: 0.598 0.604 0.605 0.607 0.605 0.525 
M_Zp=1700 kL=0.35: 0.598 0.596 0.613 0.613 0.612 0.494 
M_Zp=1700 kL=0.40: 0.605 0.606 0.597 0.614 0.601 0.484 
M_Zp=1700 kL=0.45: 0.614 0.609 0.603 0.609 0.606 0.453 
M_Zp=1700 kL=0.50: 0.597 0.613 0.604 0.597 0.614 0.431 
M_Zp=1700 kL=0.55: 0.591 0.608 0.610 0.617 0.604 0.400 
M_Zp=1700 kL=0.60: 0.593 0.601 0.611 0.616 0.606 0.372 
M_Zp=1700 kL=0.65: 0.597 0.607 0.611 0.609 0.593 0.341 
M_Zp=1750 kL=0.15: 0.604 0.606 0.603 0.599 0.611 0.584 
M_Zp=1750 kL=0.20: 0.603 0.612 0.599 0.614 0.606 0.570 
M_Zp=1750 kL=0.30: 0.608 0.614 0.604 0.607 0.595 0.541 
M_Zp=1750 kL=0.35: 0.612 0.601 0.604 0.604 0.603 0.519 
M_Zp=1750 kL=0.40: 0.611 0.594 0.605 0.611 0.609 0.487 
M_Zp=1750 kL=0.45: 0.596 0.616 0.606 0.617 0.594 0.471 
M_Zp=1750 kL=0.55: 0.593 0.602 0.602 0.611 0.594 0.420 
M_Zp=1750 kL=0.60: 0.592 0.605 0.604 0.610 0.597 0.385 
M_Zp=1750 kL=0.65: 0.589 0.607 0.594 0.609 0.587 0.370 
M_Zp=1800 kL=0.15: 0.603 0.612 0.613 0.612 0.617 0.596 
M_Zp=1800 kL=0.20: 0.605 0.603 0.602 0.603 0.610 0.578 
M_Zp=1800 kL=0.30: 0.604 0.608 0.605 0.615 0.611 0.543 
M_Zp=1800 kL=0.35: 0.614 0.605 0.605 0.612 0.602 0.524 
M_Zp=1800 kL=0.40: 0.602 0.605 0.608 0.603 0.606 0.502 
M_Zp=1800 kL=0.45: 0.618 0.608 0.605 0.610 0.605 0.485 
M_Zp=1800 kL=0.50: 0.602 0.600 0.599 0.605 0.605 0.458 
M_Zp=1800 kL=0.55: 0.599 0.610 0.592 0.605 0.593 0.432 
M_Zp=1800 kL=0.60: 0.597 0.610 0.605 0.609 0.604 0.393 
M_Zp=1800 kL=0.65: 0.594 0.616 0.605 0.602 0.601 0.382 
M_Zp=1850 kL=0.15: 0.606 0.609 0.611 0.608 0.607 0.597 
M_Zp=1850 kL=0.20: 0.608 0.610 0.601 0.609 0.613 0.584 
M_Zp=1850 kL=0.25: 0.610 0.610 0.607 0.621 0.605 0.571 
M_Zp=1850 kL=0.30: 0.607 0.608 0.607 0.606 0.598 0.554 
M_Zp=1850 kL=0.35: 0.608 0.611 0.617 0.620 0.604 0.539 
M_Zp=1850 kL=0.40: 0.597 0.602 0.622 0.610 0.610 0.517 
M_Zp=1850 kL=0.45: 0.612 0.603 0.604 0.607 0.602 0.492 
M_Zp=1850 kL=0.50: 0.603 0.607 0.610 0.606 0.600 0.472 
M_Zp=1850 kL=0.55: 0.599 0.612 0.609 0.607 0.593 0.444 
M_Zp=1850 kL=0.60: 0.586 0.613 0.608 0.611 0.595 0.419 
M_Zp=1850 kL=0.65: 0.598 0.609 0.615 0.606 0.595 0.396 
M_Zp=1900 kL=0.15: 0.602 0.614 0.613 0.606 0.616 0.592 
M_Zp=1900 kL=0.20: 0.604 0.600 0.607 0.607 0.605 0.587 
M_Zp=1900 kL=0.25: 0.602 0.601 0.606 0.607 0.616 0.572 
M_Zp=1900 kL=0.30: 0.609 0.597 0.601 0.613 0.607 0.554 
M_Zp=1900 kL=0.35: 0.606 0.601 0.612 0.606 0.603 0.551 
M_Zp=1900 kL=0.45: 0.610 0.612 0.606 0.606 0.610 0.506 
M_Zp=1900 kL=0.50: 0.607 0.615 0.606 0.603 0.606 0.488 
M_Zp=1900 kL=0.55: 0.614 0.614 0.610 0.606 0.601 0.470 
M_Zp=1900 kL=0.60: 0.588 0.604 0.604 0.609 0.600 0.440 
M_Zp=1900 kL=0.65: 0.596 0.615 0.615 0.605 0.593 0.416 
M_Zp=1950 kL=0.15: 0.605 0.626 0.616 0.595 0.613 0.597 
M_Zp=1950 kL=0.20: 0.612 0.606 0.608 0.612 0.611 0.581 
M_Zp=1950 kL=0.25: 0.600 0.603 0.604 0.611 0.611 0.576 
M_Zp=1950 kL=0.30: 0.604 0.609 0.607 0.604 0.608 0.562 
M_Zp=1950 kL=0.35: 0.608 0.601 0.609 0.599 0.603 0.550 
M_Zp=1950 kL=0.40: 0.605 0.595 0.609 0.614 0.608 0.532 
M_Zp=1950 kL=0.45: 0.598 0.605 0.615 0.604 0.610 0.515 
M_Zp=1950 kL=0.50: 0.609 0.621 0.603 0.611 0.609 0.493 
M_Zp=1950 kL=0.55: 0.615 0.607 0.604 0.612 0.608 0.475 
M_Zp=1950 kL=0.60: 0.609 0.621 0.602 0.599 0.598 0.460 
M_Zp=1950 kL=0.65: 0.593 0.604 0.607 0.603 0.599 0.431 
M_Zp=2000 kL=0.15: 0.597 0.616 0.616 0.596 0.606 0.601 
M_Zp=2000 kL=0.20: 0.610 0.597 0.602 0.609 0.611 0.588 
M_Zp=2000 kL=0.30: 0.603 0.615 0.612 0.615 0.608 0.560 
M_Zp=2000 kL=0.35: 0.601 0.595 0.612 0.604 0.614 0.549 
M_Zp=2000 kL=0.40: 0.615 0.588 0.603 0.610 0.603 0.538 
M_Zp=2000 kL=0.45: 0.604 0.604 0.618 0.609 0.606 0.529 
M_Zp=2000 kL=0.50: 0.610 0.608 0.608 0.616 0.614 0.502 
M_Zp=2000 kL=0.55: 0.607 0.607 0.610 0.604 0.592 0.497 
M_Zp=2000 kL=0.60: 0.594 0.603 0.609 0.606 0.601 0.478 
M_Zp=2000 kL=0.65: 0.590 0.610 0.609 0.612 0.601 0.444 
M_Zp=2000 kL=0.70: 0.594 0.606 0.600 0.601 0.595 0.429 
M_Zp=2000 kL=0.75: 0.603 0.603 0.605 0.617 0.594 0.413 
M_Zp=2000 kL=0.80: 0.618 0.607 0.608 0.600 0.594 0.386 
M_Zp=2000 kL=0.85: 0.603 0.608 0.610 0.598 0.597 0.364 
M_Zp=2000 kL=0.90: 0.613 0.612 0.602 0.602 0.581 0.343 
M_Zp=2000 kL=0.95: 0.599 0.612 0.604 0.600 0.585 0.325 
M_Zp=2000 kL=1.10: 0.600 0.607 0.592 0.601 0.590 0.264 
M_Zp=2000 kL=1.15: 0.599 0.611 0.610 0.609 0.575 0.248 
M_Zp=2380 kL=0.25: 0.605 0.609 0.605 0.610 0.605 0.592 
M_Zp=2380 kL=0.35: 0.612 0.614 0.601 0.602 0.610 0.583 
M_Zp=2380 kL=0.40: 0.603 0.610 0.606 0.617 0.603 0.581 
M_Zp=2380 kL=0.45: 0.598 0.601 0.603 0.613 0.603 0.565 
M_Zp=2380 kL=0.50: 0.605 0.599 0.608 0.612 0.604 0.559 
M_Zp=2380 kL=0.55: 0.592 0.601 0.615 0.606 0.602 0.548 
M_Zp=2380 kL=0.60: 0.604 0.615 0.601 0.604 0.605 0.543 
M_Zp=2380 kL=0.65: 0.604 0.604 0.602 0.614 0.601 0.526 
M_Zp=2380 kL=0.70: 0.606 0.615 0.608 0.603 0.593 0.515 
M_Zp=2380 kL=0.75: 0.604 0.607 0.598 0.601 0.594 0.501 
M_Zp=2380 kL=0.80: 0.589 0.603 0.605 0.608 0.595 0.495 
M_Zp=2380 kL=0.85: 0.603 0.611 0.610 0.600 0.606 0.475 
M_Zp=2380 kL=0.90: 0.603 0.609 0.606 0.604 0.591 0.463 
M_Zp=2380 kL=0.95: 0.612 0.606 0.608 0.615 0.588 0.456 
M_Zp=2380 kL=1.00: 0.603 0.620 0.611 0.611 0.592 0.439 
M_Zp=2380 kL=1.05: 0.615 0.608 0.599 0.600 0.601 0.420 
M_Zp=2380 kL=1.10: 0.604 0.613 0.609 0.598 0.588 0.397 
M_Zp=2400 kL=0.25: 0.613 0.610 0.602 0.604 0.597 0.590 
M_Zp=2400 kL=0.30: 0.601 0.611 0.607 0.616 0.607 0.595 
M_Zp=2400 kL=0.35: 0.604 0.611 0.607 0.607 0.607 0.590 
M_Zp=2400 kL=0.40: 0.602 0.602 0.609 0.612 0.606 0.584 
M_Zp=2400 kL=0.45: 0.606 0.604 0.611 0.616 0.599 0.575 
M_Zp=2400 kL=0.50: 0.610 0.598 0.612 0.611 0.604 0.557 
M_Zp=2400 kL=0.55: 0.598 0.604 0.622 0.605 0.608 0.546 
M_Zp=2400 kL=0.60: 0.618 0.609 0.600 0.607 0.597 0.543 
M_Zp=2400 kL=0.65: 0.617 0.614 0.600 0.618 0.594 0.527 
M_Zp=2400 kL=0.75: 0.599 0.606 0.599 0.603 0.594 0.511 
M_Zp=2400 kL=0.80: 0.592 0.618 0.607 0.601 0.601 0.497 
M_Zp=2400 kL=0.85: 0.596 0.613 0.606 0.612 0.592 0.482 
M_Zp=2400 kL=0.90: 0.603 0.602 0.611 0.609 0.596 0.476 
M_Zp=2400 kL=0.95: 0.598 0.615 0.600 0.604 0.594 0.460 
M_Zp=2400 kL=1.00: 0.607 0.609 0.613 0.606 0.600 0.441 
M_Zp=2400 kL=1.05: 0.619 0.613 0.602 0.599 0.596 0.427 
M_Zp=2400 kL=1.10: 0.609 0.619 0.609 0.594 0.580 0.410 
M_Zp=2400 kL=1.15: 0.594 0.610 0.611 0.593 0.592 0.381 
M_Zp=2400 kL=1.20: 0.600 0.612 0.615 0.601 0.585 0.379 
M_Zp=2400 kL=1.25: 0.605 0.609 0.599 0.587 0.591 0.354 
M_Zp=2400 kL=1.30: 0.595 0.610 0.611 0.597 0.578 0.340 
M_Zp=2400 kL=1.50: 0.587 0.599 0.613 0.581 0.580 0.275 
M_Zp=2400 kL=1.55: 0.598 0.598 0.617 0.600 0.576 0.260 
M_Zp=2400 kL=1.60: 0.613 0.600 0.593 0.585 0.573 0.250 
M_Zp=2400 kL=1.65: 0.593 0.614 0.608 0.589 0.564 0.235 
M_Zp=2400 kL=1.70: 0.597 0.619 0.600 0.595 0.560 0.213 
M_Zp=2400 kL=1.75: 0.604 0.604 0.599 0.589 0.565 0.200 
M_Zp=2400 kL=1.80: 0.598 0.613 0.599 0.583 0.563 0.189 
M_Zp=2400 kL=1.85: 0.601 0.603 0.596 0.590 0.563 0.171 
M_Zp=2400 kL=1.90: 0.598 0.606 0.596 0.591 0.554 0.162 
M_Zp=2400 kL=1.95: 0.609 0.613 0.602 0.586 0.552 0.142 
M_Zp=2400 kL=2.05: 0.601 0.599 0.586 0.584 0.542 0.118 
M_Zp=2400 kL=2.10: 0.585 0.612 0.603 0.580 0.528 0.106 
M_Zp=2400 kL=2.15: 0.609 0.595 0.611 0.573 0.523 0.086 
M_Zp=2400 kL=2.20: 0.605 0.608 0.600 0.584 0.511 0.081 
M_Zp=2420 kL=0.25: 0.611 0.609 0.607 0.607 0.608 0.590 
M_Zp=2420 kL=0.40: 0.609 0.599 0.604 0.614 0.602 0.576 
M_Zp=2420 kL=0.45: 0.599 0.606 0.613 0.614 0.597 0.582 
M_Zp=2420 kL=0.50: 0.609 0.603 0.614 0.619 0.608 0.561 
M_Zp=2420 kL=0.55: 0.604 0.608 0.620 0.602 0.611 0.553 
M_Zp=2420 kL=0.60: 0.607 0.619 0.598 0.617 0.598 0.547 
M_Zp=2420 kL=0.65: 0.614 0.608 0.605 0.608 0.594 0.539 
M_Zp=2420 kL=0.70: 0.613 0.613 0.604 0.602 0.593 0.526 
M_Zp=2420 kL=0.75: 0.605 0.609 0.597 0.612 0.597 0.514 
M_Zp=2420 kL=0.80: 0.592 0.608 0.606 0.600 0.603 0.505 
M_Zp=2420 kL=0.85: 0.596 0.605 0.616 0.612 0.597 0.488 
M_Zp=2420 kL=0.90: 0.607 0.610 0.601 0.605 0.591 0.475 
M_Zp=2420 kL=0.95: 0.599 0.612 0.606 0.606 0.595 0.457 
M_Zp=2420 kL=1.00: 0.608 0.615 0.608 0.604 0.596 0.449 
M_Zp=2420 kL=1.05: 0.619 0.608 0.605 0.602 0.594 0.426 
M_Zp=2420 kL=1.10: 0.607 0.617 0.599 0.603 0.593 0.417 
M_Zp=2420 kL=1.15: 0.598 0.610 0.604 0.601 0.593 0.404 
M_Zp=2420 kL=1.20: 0.597 0.607 0.607 0.597 0.599 0.375 
M_Zp=2420 kL=1.25: 0.598 0.604 0.601 0.598 0.587 0.374 
M_Zp=2420 kL=1.30: 0.595 0.618 0.597 0.595 0.585 0.348 
M_Zp=2420 kL=1.50: 0.588 0.611 0.597 0.599 0.583 0.284 
M_Zp=2420 kL=1.55: 0.601 0.590 0.606 0.590 0.579 0.268 
M_Zp=2420 kL=1.60: 0.608 0.590 0.597 0.594 0.561 0.250 
M_Zp=2420 kL=1.65: 0.601 0.591 0.602 0.592 0.567 0.242 
M_Zp=2420 kL=1.70: 0.605 0.612 0.602 0.596 0.566 0.225 
M_Zp=2420 kL=1.75: 0.583 0.601 0.593 0.587 0.566 0.197 
M_Zp=2420 kL=1.80: 0.598 0.618 0.596 0.583 0.568 0.198 
M_Zp=2420 kL=1.85: 0.593 0.626 0.598 0.581 0.550 0.184 
M_Zp=2420 kL=1.90: 0.586 0.616 0.599 0.587 0.551 0.160 
M_Zp=2420 kL=1.95: 0.599 0.608 0.604 0.589 0.543 0.148 
M_Zp=2420 kL=2.00: 0.611 0.615 0.592 0.583 0.543 0.135 
M_Zp=2420 kL=2.05: 0.607 0.606 0.598 0.588 0.533 0.118 
M_Zp=2420 kL=2.10: 0.597 0.595 0.583 0.579 0.544 0.115 
M_Zp=2420 kL=2.15: 0.615 0.608 0.593 0.588 0.530 0.095 
M_Zp=2440 kL=0.25: 0.610 0.606 0.606 0.607 0.605 0.590 
M_Zp=2440 kL=0.30: 0.597 0.601 0.608 0.619 0.601 0.591 
M_Zp=2440 kL=0.35: 0.610 0.604 0.608 0.613 0.604 0.584 
M_Zp=2440 kL=0.40: 0.605 0.606 0.599 0.611 0.609 0.574 
M_Zp=2440 kL=0.45: 0.604 0.608 0.607 0.606 0.600 0.567 
M_Zp=2440 kL=0.50: 0.614 0.591 0.608 0.613 0.602 0.563 
M_Zp=2440 kL=0.55: 0.602 0.612 0.611 0.603 0.604 0.556 
M_Zp=2440 kL=0.60: 0.612 0.609 0.605 0.613 0.603 0.553 
M_Zp=2440 kL=0.65: 0.618 0.604 0.602 0.615 0.598 0.540 
M_Zp=2440 kL=0.70: 0.607 0.603 0.610 0.601 0.600 0.532 
M_Zp=2440 kL=0.75: 0.608 0.614 0.608 0.603 0.606 0.520 
M_Zp=2440 kL=0.80: 0.588 0.611 0.605 0.606 0.609 0.503 
M_Zp=2440 kL=0.85: 0.597 0.611 0.609 0.593 0.607 0.487 
M_Zp=2440 kL=0.90: 0.609 0.599 0.604 0.602 0.589 0.469 
M_Zp=2440 kL=0.95: 0.603 0.593 0.608 0.605 0.599 0.473 
M_Zp=2440 kL=1.00: 0.621 0.613 0.616 0.608 0.593 0.451 
M_Zp=2440 kL=1.05: 0.613 0.603 0.607 0.604 0.606 0.430 
M_Zp=2440 kL=1.10: 0.610 0.608 0.605 0.594 0.599 0.415 
M_Zp=2440 kL=1.15: 0.592 0.608 0.609 0.595 0.587 0.408 
M_Zp=2440 kL=1.20: 0.607 0.607 0.609 0.596 0.595 0.386 
M_Zp=2440 kL=1.25: 0.597 0.603 0.605 0.598 0.590 0.372 
M_Zp=2440 kL=1.30: 0.598 0.623 0.604 0.597 0.572 0.360 
M_Zp=2440 kL=1.50: 0.600 0.605 0.609 0.588 0.583 0.290 
M_Zp=2440 kL=1.55: 0.595 0.603 0.606 0.587 0.574 0.271 
M_Zp=2440 kL=1.60: 0.602 0.604 0.602 0.588 0.570 0.264 
M_Zp=2440 kL=1.65: 0.612 0.603 0.594 0.597 0.579 0.249 
M_Zp=2440 kL=1.70: 0.598 0.603 0.599 0.596 0.563 0.230 
M_Zp=2440 kL=1.75: 0.595 0.610 0.594 0.589 0.561 0.218 
M_Zp=2440 kL=1.80: 0.601 0.605 0.588 0.586 0.555 0.198 
M_Zp=2440 kL=1.85: 0.606 0.608 0.603 0.592 0.556 0.177 
M_Zp=2440 kL=1.90: 0.600 0.603 0.597 0.580 0.545 0.174 
M_Zp=2440 kL=1.95: 0.604 0.605 0.603 0.581 0.548 0.157 
M_Zp=2440 kL=2.00: 0.599 0.615 0.590 0.591 0.554 0.140 
M_Zp=2440 kL=2.10: 0.618 0.598 0.593 0.586 0.535 0.112 
M_Zp=2440 kL=2.15: 0.598 0.613 0.584 0.586 0.528 0.095 
M_Zp=2440 kL=2.20: 0.601 0.601 0.599 0.582 0.525 0.092 
M_Zp=2460 kL=0.25: 0.609 0.609 0.603 0.600 0.612 0.596 
M_Zp=2460 kL=0.35: 0.610 0.609 0.610 0.610 0.605 0.591 
M_Zp=2460 kL=0.40: 0.610 0.608 0.610 0.615 0.607 0.583 
M_Zp=2460 kL=0.45: 0.601 0.611 0.610 0.600 0.606 0.579 
M_Zp=2460 kL=0.50: 0.608 0.596 0.607 0.614 0.599 0.570 
M_Zp=2460 kL=0.55: 0.598 0.603 0.608 0.608 0.600 0.552 
M_Zp=2460 kL=0.60: 0.612 0.611 0.606 0.613 0.611 0.553 
M_Zp=2460 kL=0.65: 0.606 0.595 0.610 0.615 0.603 0.543 
M_Zp=2460 kL=0.70: 0.603 0.606 0.613 0.607 0.608 0.535 
M_Zp=2460 kL=0.75: 0.598 0.615 0.609 0.611 0.603 0.517 
M_Zp=2460 kL=0.80: 0.590 0.598 0.610 0.604 0.605 0.510 
M_Zp=2460 kL=0.85: 0.604 0.604 0.602 0.603 0.606 0.500 
M_Zp=2460 kL=0.90: 0.603 0.609 0.597 0.603 0.609 0.490 
M_Zp=2460 kL=0.95: 0.601 0.599 0.602 0.605 0.603 0.477 
M_Zp=2460 kL=1.00: 0.617 0.625 0.615 0.609 0.597 0.450 
M_Zp=2460 kL=1.05: 0.607 0.610 0.603 0.613 0.587 0.449 
M_Zp=2460 kL=1.10: 0.611 0.606 0.597 0.593 0.598 0.435 
M_Zp=2460 kL=1.15: 0.595 0.616 0.602 0.586 0.594 0.403 
M_Zp=2460 kL=1.20: 0.611 0.612 0.604 0.597 0.593 0.400 
M_Zp=2460 kL=1.25: 0.599 0.607 0.607 0.587 0.583 0.377 
M_Zp=2460 kL=1.30: 0.596 0.604 0.616 0.599 0.586 0.371 
M_Zp=2460 kL=1.50: 0.596 0.608 0.620 0.599 0.583 0.303 
M_Zp=2460 kL=1.55: 0.600 0.613 0.612 0.591 0.584 0.281 
M_Zp=2460 kL=1.60: 0.604 0.593 0.602 0.594 0.579 0.259 
M_Zp=2460 kL=1.65: 0.608 0.603 0.591 0.599 0.569 0.257 
M_Zp=2460 kL=1.70: 0.593 0.616 0.602 0.599 0.562 0.244 
M_Zp=2460 kL=1.75: 0.591 0.619 0.601 0.596 0.563 0.225 
M_Zp=2460 kL=1.80: 0.597 0.596 0.601 0.588 0.569 0.202 
M_Zp=2460 kL=1.85: 0.594 0.613 0.596 0.585 0.560 0.188 
M_Zp=2460 kL=1.90: 0.591 0.613 0.597 0.596 0.552 0.168 
M_Zp=2460 kL=1.95: 0.596 0.603 0.596 0.582 0.541 0.165 
M_Zp=2460 kL=2.00: 0.616 0.611 0.598 0.588 0.556 0.144 
M_Zp=2460 kL=2.05: 0.588 0.624 0.590 0.580 0.542 0.135 
M_Zp=2460 kL=2.15: 0.590 0.586 0.605 0.578 0.530 0.103 
M_Zp=2460 kL=2.20: 0.606 0.607 0.597 0.583 0.532 0.089 
M_Zp=2480 kL=0.25: 0.611 0.607 0.601 0.598 0.608 0.602 
M_Zp=2480 kL=0.30: 0.601 0.604 0.607 0.605 0.613 0.599 
M_Zp=2480 kL=0.40: 0.608 0.612 0.600 0.613 0.619 0.583 
M_Zp=2480 kL=0.45: 0.603 0.602 0.608 0.610 0.599 0.574 
M_Zp=2480 kL=0.50: 0.610 0.595 0.612 0.605 0.604 0.566 
M_Zp=2480 kL=0.60: 0.612 0.606 0.612 0.606 0.607 0.550 
M_Zp=2480 kL=0.65: 0.612 0.598 0.610 0.623 0.606 0.553 
M_Zp=2480 kL=0.70: 0.618 0.605 0.607 0.619 0.608 0.541 
M_Zp=2480 kL=0.75: 0.608 0.618 0.613 0.597 0.597 0.528 
M_Zp=2480 kL=0.80: 0.596 0.609 0.605 0.610 0.601 0.508 
M_Zp=2480 kL=0.85: 0.604 0.613 0.606 0.596 0.593 0.505 
M_Zp=2480 kL=0.90: 0.598 0.594 0.614 0.598 0.600 0.489 
M_Zp=2480 kL=0.95: 0.612 0.600 0.608 0.607 0.592 0.480 
M_Zp=2480 kL=1.00: 0.620 0.606 0.605 0.622 0.600 0.457 
M_Zp=2480 kL=1.05: 0.599 0.611 0.604 0.600 0.591 0.441 
M_Zp=2480 kL=1.10: 0.619 0.615 0.594 0.596 0.596 0.435 
M_Zp=2480 kL=1.15: 0.598 0.613 0.603 0.601 0.591 0.412 
M_Zp=2480 kL=1.20: 0.592 0.623 0.609 0.599 0.579 0.407 
M_Zp=2480 kL=1.25: 0.610 0.609 0.607 0.598 0.583 0.390 
M_Zp=2480 kL=1.30: 0.605 0.609 0.596 0.592 0.595 0.370 
M_Zp=2480 kL=1.35: 0.606 0.613 0.608 0.603 0.584 0.362 
M_Zp=2480 kL=1.40: 0.603 0.600 0.607 0.597 0.590 0.344 
M_Zp=2480 kL=1.45: 0.591 0.607 0.601 0.611 0.573 0.336 
M_Zp=2480 kL=1.50: 0.598 0.612 0.604 0.598 0.572 0.308 
M_Zp=2480 kL=1.55: 0.595 0.605 0.610 0.589 0.569 0.297 
M_Zp=2480 kL=1.65: 0.606 0.597 0.587 0.591 0.576 0.266 
M_Zp=2480 kL=1.70: 0.596 0.600 0.597 0.584 0.564 0.238 
M_Zp=2480 kL=1.75: 0.604 0.617 0.609 0.591 0.566 0.225 
M_Zp=2480 kL=1.80: 0.588 0.606 0.593 0.581 0.582 0.210 
M_Zp=2480 kL=1.85: 0.595 0.615 0.596 0.587 0.555 0.197 
M_Zp=2480 kL=1.90: 0.594 0.620 0.594 0.583 0.556 0.172 
M_Zp=2480 kL=1.95: 0.590 0.607 0.597 0.592 0.553 0.170 
M_Zp=2480 kL=2.00: 0.605 0.610 0.600 0.587 0.554 0.143 
M_Zp=2480 kL=2.05: 0.599 0.624 0.595 0.591 0.536 0.131 
M_Zp=2480 kL=2.15: 0.600 0.596 0.599 0.581 0.530 0.106 
M_Zp=2480 kL=2.20: 0.604 0.609 0.591 0.582 0.530 0.109 
M_Zp=2500 kL=0.25: 0.607 0.612 0.596 0.611 0.607 0.600 
M_Zp=2500 kL=0.30: 0.602 0.611 0.601 0.606 0.612 0.600 
M_Zp=2500 kL=0.35: 0.608 0.603 0.612 0.610 0.617 0.590 
M_Zp=2500 kL=0.40: 0.604 0.614 0.605 0.610 0.610 0.587 
M_Zp=2500 kL=0.45: 0.604 0.599 0.600 0.616 0.594 0.580 
M_Zp=2500 kL=0.55: 0.598 0.598 0.608 0.613 0.615 0.564 
M_Zp=2500 kL=0.60: 0.605 0.610 0.605 0.603 0.600 0.559 
M_Zp=2500 kL=0.65: 0.609 0.603 0.609 0.622 0.596 0.553 
M_Zp=2500 kL=0.75: 0.610 0.616 0.612 0.612 0.605 0.517 
M_Zp=2500 kL=0.80: 0.594 0.603 0.609 0.608 0.596 0.517 
M_Zp=2500 kL=0.85: 0.596 0.603 0.606 0.601 0.600 0.500 
M_Zp=2500 kL=0.90: 0.597 0.612 0.597 0.602 0.588 0.496 
M_Zp=2500 kL=0.95: 0.602 0.611 0.610 0.599 0.590 0.487 
M_Zp=2500 kL=1.00: 0.598 0.609 0.598 0.603 0.605 0.466 
M_Zp=2500 kL=1.05: 0.604 0.613 0.604 0.607 0.599 0.446 
M_Zp=2500 kL=1.10: 0.616 0.620 0.598 0.597 0.595 0.443 
M_Zp=2500 kL=1.15: 0.604 0.617 0.605 0.595 0.591 0.421 
M_Zp=2500 kL=1.20: 0.594 0.606 0.609 0.599 0.592 0.410 
M_Zp=2500 kL=1.25: 0.603 0.616 0.607 0.597 0.581 0.393 
M_Zp=2500 kL=1.30: 0.597 0.615 0.604 0.596 0.582 0.374 
M_Zp=2500 kL=1.35: 0.600 0.609 0.608 0.602 0.577 0.362 
M_Zp=2500 kL=1.45: 0.600 0.594 0.603 0.605 0.575 0.321 
M_Zp=2500 kL=1.50: 0.582 0.603 0.599 0.605 0.591 0.309 
M_Zp=2500 kL=1.55: 0.606 0.611 0.602 0.595 0.575 0.304 
M_Zp=2500 kL=1.60: 0.600 0.604 0.598 0.584 0.580 0.292 
M_Zp=2500 kL=1.65: 0.603 0.593 0.599 0.595 0.570 0.269 
M_Zp=2500 kL=1.75: 0.591 0.603 0.597 0.601 0.554 0.235 
M_Zp=2500 kL=1.80: 0.593 0.604 0.589 0.589 0.558 0.225 
M_Zp=2500 kL=1.90: 0.603 0.613 0.598 0.576 0.546 0.186 
M_Zp=2500 kL=1.95: 0.598 0.609 0.590 0.588 0.545 0.161 
M_Zp=2500 kL=2.10: 0.598 0.613 0.599 0.592 0.529 0.136 
M_Zp=2500 kL=2.15: 0.612 0.597 0.595 0.585 0.545 0.121 
M_Zp=2500 kL=2.20: 0.585 0.602 0.600 0.591 0.534 0.108 
M_Zp=2550 kL=0.60: 0.605 0.598 0.615 0.618 0.597 0.556 
M_Zp=2550 kL=0.65: 0.607 0.606 0.606 0.616 0.604 0.546 
M_Zp=2550 kL=0.70: 0.612 0.618 0.604 0.617 0.598 0.537 
M_Zp=2550 kL=0.75: 0.603 0.621 0.610 0.607 0.605 0.536 
M_Zp=2550 kL=0.80: 0.605 0.604 0.600 0.599 0.601 0.533 
M_Zp=2550 kL=0.85: 0.590 0.612 0.599 0.590 0.602 0.512 
M_Zp=2550 kL=0.95: 0.617 0.598 0.595 0.605 0.596 0.501 
M_Zp=2550 kL=1.00: 0.606 0.607 0.603 0.603 0.592 0.472 
M_Zp=2550 kL=1.05: 0.619 0.601 0.610 0.607 0.590 0.460 
M_Zp=2550 kL=1.10: 0.605 0.611 0.604 0.605 0.590 0.450 
M_Zp=2550 kL=1.15: 0.601 0.615 0.600 0.595 0.589 0.444 
M_Zp=2550 kL=1.20: 0.596 0.608 0.598 0.594 0.603 0.419 
M_Zp=2550 kL=1.25: 0.607 0.612 0.608 0.593 0.595 0.399 
M_Zp=2550 kL=1.30: 0.590 0.609 0.613 0.599 0.587 0.386 
M_Zp=2550 kL=1.35: 0.595 0.612 0.606 0.582 0.579 0.379 
M_Zp=2550 kL=1.40: 0.602 0.607 0.603 0.594 0.602 0.362 
M_Zp=2550 kL=1.45: 0.601 0.604 0.595 0.601 0.586 0.351 
M_Zp=2550 kL=1.50: 0.600 0.599 0.597 0.607 0.569 0.326 
M_Zp=2550 kL=1.60: 0.589 0.602 0.605 0.593 0.574 0.306 
M_Zp=2550 kL=1.65: 0.596 0.587 0.609 0.597 0.588 0.282 
M_Zp=2550 kL=1.70: 0.600 0.601 0.588 0.592 0.573 0.268 
M_Zp=2550 kL=1.80: 0.606 0.616 0.594 0.594 0.558 0.234 
M_Zp=2550 kL=1.85: 0.590 0.611 0.598 0.593 0.561 0.215 
M_Zp=2550 kL=1.95: 0.600 0.617 0.593 0.592 0.537 0.189 
M_Zp=2550 kL=2.00: 0.600 0.615 0.590 0.590 0.555 0.168 
M_Zp=2550 kL=2.10: 0.592 0.605 0.599 0.591 0.541 0.149 
M_Zp=2550 kL=2.15: 0.609 0.613 0.605 0.582 0.532 0.130 
M_Zp=2550 kL=2.20: 0.612 0.597 0.595 0.584 0.535 0.116 
M_Zp=2600 kL=0.60: 0.597 0.605 0.614 0.606 0.594 0.559 
M_Zp=2600 kL=0.65: 0.610 0.608 0.596 0.612 0.592 0.547 
M_Zp=2600 kL=0.70: 0.612 0.604 0.609 0.608 0.604 0.544 
M_Zp=2600 kL=0.80: 0.607 0.615 0.606 0.596 0.596 0.525 
M_Zp=2600 kL=0.85: 0.584 0.591 0.601 0.597 0.594 0.522 
M_Zp=2600 kL=0.95: 0.606 0.599 0.607 0.608 0.590 0.503 
M_Zp=2600 kL=1.00: 0.605 0.608 0.609 0.608 0.605 0.479 
M_Zp=2600 kL=1.05: 0.607 0.595 0.602 0.606 0.590 0.480 
M_Zp=2600 kL=1.10: 0.614 0.609 0.607 0.602 0.596 0.460 
M_Zp=2600 kL=1.15: 0.614 0.612 0.596 0.596 0.603 0.450 
M_Zp=2600 kL=1.20: 0.614 0.618 0.607 0.598 0.587 0.429 
M_Zp=2600 kL=1.25: 0.597 0.598 0.604 0.599 0.583 0.428 
M_Zp=2600 kL=1.35: 0.600 0.614 0.611 0.595 0.582 0.403 
M_Zp=2600 kL=1.40: 0.594 0.620 0.602 0.598 0.579 0.385 
M_Zp=2600 kL=1.45: 0.608 0.610 0.603 0.597 0.578 0.362 
M_Zp=2600 kL=1.50: 0.605 0.607 0.605 0.603 0.576 0.346 
M_Zp=2600 kL=1.55: 0.591 0.615 0.599 0.594 0.580 0.333 
M_Zp=2600 kL=1.60: 0.599 0.609 0.609 0.600 0.583 0.320 
M_Zp=2600 kL=1.70: 0.606 0.606 0.604 0.594 0.583 0.282 
M_Zp=2600 kL=1.75: 0.610 0.612 0.601 0.597 0.573 0.285 
M_Zp=2600 kL=1.85: 0.591 0.601 0.603 0.591 0.570 0.235 
M_Zp=2600 kL=1.90: 0.590 0.605 0.599 0.589 0.566 0.231 
M_Zp=2600 kL=1.95: 0.593 0.613 0.604 0.582 0.548 0.202 
M_Zp=2600 kL=2.00: 0.585 0.617 0.593 0.584 0.552 0.186 
M_Zp=2600 kL=2.05: 0.589 0.607 0.592 0.591 0.550 0.171 
M_Zp=2600 kL=2.10: 0.613 0.617 0.599 0.586 0.543 0.163 
M_Zp=2600 kL=2.15: 0.602 0.626 0.594 0.595 0.539 0.148 
M_Zp=2600 kL=2.20: 0.611 0.615 0.587 0.581 0.538 0.143 
M_Zp=2650 kL=0.60: 0.605 0.608 0.606 0.609 0.600 0.565 
M_Zp=2650 kL=0.70: 0.610 0.600 0.608 0.616 0.586 0.562 
M_Zp=2650 kL=0.80: 0.613 0.623 0.609 0.608 0.593 0.529 
M_Zp=2650 kL=0.85: 0.593 0.603 0.603 0.606 0.593 0.536 
M_Zp=2650 kL=0.90: 0.594 0.616 0.602 0.603 0.590 0.521 
M_Zp=2650 kL=1.00: 0.601 0.605 0.604 0.608 0.591 0.500 
M_Zp=2650 kL=1.05: 0.605 0.610 0.603 0.607 0.596 0.478 
M_Zp=2650 kL=1.10: 0.615 0.601 0.600 0.605 0.596 0.469 
M_Zp=2650 kL=1.15: 0.611 0.607 0.608 0.603 0.590 0.462 
M_Zp=2650 kL=1.20: 0.603 0.612 0.603 0.608 0.592 0.438 
M_Zp=2650 kL=1.25: 0.602 0.611 0.597 0.599 0.594 0.436 
M_Zp=2650 kL=1.30: 0.602 0.612 0.604 0.595 0.598 0.421 
M_Zp=2650 kL=1.35: 0.592 0.616 0.599 0.596 0.592 0.417 
M_Zp=2650 kL=1.40: 0.600 0.614 0.609 0.596 0.587 0.401 
M_Zp=2650 kL=1.45: 0.608 0.614 0.606 0.606 0.584 0.379 
M_Zp=2650 kL=1.50: 0.600 0.616 0.599 0.602 0.580 0.374 
M_Zp=2650 kL=1.55: 0.601 0.593 0.600 0.601 0.583 0.356 
M_Zp=2650 kL=1.60: 0.587 0.603 0.608 0.609 0.591 0.332 
M_Zp=2650 kL=1.65: 0.598 0.603 0.612 0.591 0.584 0.321 
M_Zp=2650 kL=1.70: 0.596 0.596 0.599 0.599 0.577 0.307 
M_Zp=2650 kL=1.75: 0.596 0.586 0.597 0.598 0.567 0.290 
M_Zp=2650 kL=1.85: 0.604 0.603 0.600 0.591 0.573 0.254 
M_Zp=2650 kL=1.90: 0.604 0.612 0.592 0.584 0.571 0.244 
M_Zp=2650 kL=2.05: 0.582 0.610 0.596 0.585 0.563 0.190 
M_Zp=2650 kL=2.10: 0.590 0.611 0.599 0.590 0.553 0.172 
M_Zp=2650 kL=2.15: 0.605 0.610 0.590 0.577 0.545 0.169 
M_Zp=2650 kL=2.20: 0.601 0.613 0.594 0.589 0.542 0.154 
M_Zp=2700 kL=0.60: 0.600 0.605 0.609 0.604 0.599 0.564 
M_Zp=2700 kL=0.65: 0.614 0.612 0.614 0.614 0.599 0.560 
M_Zp=2700 kL=0.70: 0.609 0.616 0.613 0.617 0.605 0.557 
M_Zp=2700 kL=0.75: 0.602 0.613 0.604 0.609 0.608 0.553 
M_Zp=2700 kL=0.80: 0.607 0.612 0.600 0.607 0.603 0.535 
M_Zp=2700 kL=0.85: 0.599 0.616 0.597 0.606 0.596 0.534 
M_Zp=2700 kL=0.90: 0.589 0.607 0.600 0.603 0.608 0.528 
M_Zp=2700 kL=0.95: 0.596 0.610 0.600 0.599 0.607 0.520 
M_Zp=2700 kL=1.00: 0.612 0.600 0.595 0.594 0.603 0.501 
M_Zp=2700 kL=1.05: 0.597 0.601 0.607 0.605 0.602 0.495 
M_Zp=2700 kL=1.10: 0.614 0.611 0.603 0.601 0.597 0.474 
M_Zp=2700 kL=1.20: 0.612 0.619 0.598 0.600 0.594 0.461 
M_Zp=2700 kL=1.25: 0.602 0.613 0.614 0.602 0.596 0.439 
M_Zp=2700 kL=1.30: 0.600 0.608 0.606 0.584 0.586 0.438 
M_Zp=2700 kL=1.35: 0.583 0.616 0.608 0.595 0.576 0.421 
M_Zp=2700 kL=1.40: 0.593 0.608 0.608 0.604 0.583 0.416 
M_Zp=2700 kL=1.45: 0.592 0.612 0.599 0.593 0.576 0.397 
M_Zp=2700 kL=1.50: 0.591 0.614 0.601 0.598 0.593 0.380 
M_Zp=2700 kL=1.55: 0.596 0.601 0.597 0.600 0.593 0.369 
M_Zp=2700 kL=1.60: 0.599 0.605 0.598 0.602 0.589 0.350 
M_Zp=2700 kL=1.65: 0.599 0.603 0.615 0.594 0.589 0.338 
M_Zp=2700 kL=1.70: 0.594 0.609 0.614 0.596 0.565 0.316 
M_Zp=2700 kL=1.75: 0.595 0.594 0.601 0.589 0.573 0.305 
M_Zp=2700 kL=1.80: 0.602 0.604 0.594 0.599 0.563 0.290 
M_Zp=2700 kL=1.85: 0.609 0.605 0.604 0.582 0.564 0.287 
M_Zp=2700 kL=1.90: 0.598 0.604 0.590 0.599 0.574 0.263 
M_Zp=2700 kL=1.95: 0.592 0.604 0.598 0.594 0.558 0.251 
M_Zp=2700 kL=2.00: 0.600 0.598 0.607 0.589 0.566 0.225 
M_Zp=2700 kL=2.05: 0.596 0.626 0.596 0.586 0.556 0.211 
M_Zp=2700 kL=2.10: 0.592 0.606 0.595 0.589 0.558 0.200 
M_Zp=2700 kL=2.15: 0.596 0.610 0.595 0.592 0.559 0.175 
M_Zp=2700 kL=2.20: 0.614 0.614 0.601 0.580 0.564 0.168 
M_Zp=2750 kL=0.60: 0.606 0.604 0.606 0.606 0.602 0.581 
M_Zp=2750 kL=0.65: 0.601 0.598 0.612 0.611 0.597 0.583 
M_Zp=2750 kL=0.70: 0.608 0.609 0.600 0.607 0.604 0.565 
M_Zp=2750 kL=0.75: 0.617 0.608 0.605 0.609 0.606 0.552 
M_Zp=2750 kL=0.80: 0.612 0.626 0.609 0.613 0.605 0.546 
M_Zp=2750 kL=0.85: 0.608 0.618 0.609 0.597 0.603 0.538 
M_Zp=2750 kL=0.95: 0.601 0.613 0.599 0.603 0.603 0.512 
M_Zp=2750 kL=1.00: 0.602 0.595 0.609 0.607 0.601 0.519 
M_Zp=2750 kL=1.10: 0.616 0.604 0.597 0.597 0.609 0.495 
M_Zp=2750 kL=1.15: 0.611 0.611 0.594 0.603 0.594 0.480 
M_Zp=2750 kL=1.20: 0.615 0.609 0.600 0.601 0.587 0.476 
M_Zp=2750 kL=1.25: 0.611 0.601 0.608 0.602 0.590 0.466 
M_Zp=2750 kL=1.35: 0.599 0.615 0.610 0.586 0.589 0.434 
M_Zp=2750 kL=1.40: 0.595 0.608 0.608 0.595 0.588 0.420 
M_Zp=2750 kL=1.45: 0.602 0.609 0.606 0.601 0.587 0.405 
M_Zp=2750 kL=1.50: 0.601 0.609 0.614 0.593 0.584 0.387 
M_Zp=2750 kL=1.55: 0.606 0.611 0.599 0.589 0.576 0.379 
M_Zp=2750 kL=1.60: 0.604 0.597 0.598 0.593 0.582 0.364 
M_Zp=2750 kL=1.65: 0.596 0.611 0.598 0.607 0.582 0.356 
M_Zp=2750 kL=1.70: 0.604 0.609 0.604 0.597 0.571 0.344 
M_Zp=2750 kL=1.75: 0.602 0.609 0.597 0.596 0.573 0.320 
M_Zp=2750 kL=1.80: 0.609 0.593 0.603 0.600 0.578 0.309 
M_Zp=2750 kL=1.85: 0.596 0.598 0.593 0.598 0.566 0.294 
M_Zp=2750 kL=1.90: 0.604 0.604 0.592 0.586 0.573 0.275 
M_Zp=2750 kL=1.95: 0.600 0.610 0.600 0.591 0.558 0.256 
M_Zp=2750 kL=2.00: 0.585 0.619 0.589 0.596 0.552 0.245 
M_Zp=2750 kL=2.05: 0.597 0.607 0.600 0.583 0.554 0.232 
M_Zp=2750 kL=2.10: 0.604 0.621 0.598 0.582 0.558 0.209 
M_Zp=2750 kL=2.15: 0.585 0.607 0.596 0.596 0.550 0.204 
M_Zp=2750 kL=2.20: 0.603 0.602 0.591 0.582 0.546 0.178 
M_Zp=2800 kL=0.60: 0.614 0.602 0.608 0.609 0.607 0.576 
M_Zp=2800 kL=0.65: 0.596 0.604 0.613 0.612 0.601 0.576 
M_Zp=2800 kL=0.70: 0.609 0.614 0.601 0.614 0.598 0.561 
M_Zp=2800 kL=0.75: 0.612 0.597 0.617 0.612 0.596 0.576 
M_Zp=2800 kL=0.80: 0.601 0.615 0.609 0.617 0.605 0.551 
M_Zp=2800 kL=0.85: 0.618 0.617 0.604 0.612 0.597 0.540 
M_Zp=2800 kL=0.90: 0.594 0.604 0.598 0.600 0.598 0.544 
M_Zp=2800 kL=0.95: 0.591 0.609 0.606 0.602 0.597 0.529 
M_Zp=2800 kL=1.00: 0.605 0.613 0.604 0.607 0.604 0.521 
M_Zp=2800 kL=1.05: 0.607 0.607 0.610 0.594 0.607 0.513 
M_Zp=2800 kL=1.10: 0.602 0.610 0.609 0.601 0.594 0.504 
M_Zp=2800 kL=1.15: 0.619 0.616 0.604 0.606 0.589 0.487 
M_Zp=2800 kL=1.20: 0.607 0.613 0.600 0.604 0.587 0.482 
M_Zp=2800 kL=1.25: 0.615 0.613 0.590 0.602 0.582 0.465 
M_Zp=2800 kL=1.30: 0.607 0.621 0.615 0.600 0.603 0.449 
M_Zp=2800 kL=1.35: 0.594 0.609 0.610 0.590 0.583 0.442 
M_Zp=2800 kL=1.40: 0.596 0.611 0.603 0.599 0.592 0.430 
M_Zp=2800 kL=1.45: 0.598 0.608 0.599 0.594 0.592 0.428 
M_Zp=2800 kL=1.50: 0.597 0.617 0.603 0.598 0.583 0.397 
M_Zp=2800 kL=1.55: 0.595 0.606 0.618 0.593 0.584 0.397 
M_Zp=2800 kL=1.65: 0.603 0.605 0.602 0.603 0.574 0.364 
M_Zp=2800 kL=1.70: 0.580 0.597 0.608 0.601 0.581 0.355 
M_Zp=2800 kL=1.75: 0.583 0.602 0.608 0.588 0.581 0.341 
M_Zp=2800 kL=1.80: 0.591 0.607 0.592 0.597 0.572 0.323 
M_Zp=2800 kL=1.85: 0.594 0.595 0.594 0.602 0.581 0.311 
M_Zp=2800 kL=1.90: 0.613 0.610 0.598 0.606 0.571 0.292 
M_Zp=2800 kL=2.00: 0.600 0.596 0.603 0.605 0.547 0.259 
M_Zp=2800 kL=2.05: 0.586 0.607 0.591 0.590 0.551 0.249 
M_Zp=2800 kL=2.10: 0.594 0.603 0.589 0.587 0.556 0.215 
M_Zp=2800 kL=2.15: 0.603 0.615 0.597 0.583 0.555 0.225 
M_Zp=2850 kL=0.60: 0.613 0.590 0.606 0.607 0.607 0.576 
M_Zp=2850 kL=0.65: 0.606 0.614 0.602 0.607 0.602 0.566 
M_Zp=2850 kL=0.70: 0.613 0.608 0.609 0.603 0.596 0.571 
M_Zp=2850 kL=0.75: 0.613 0.606 0.614 0.617 0.614 0.568 
M_Zp=2850 kL=0.80: 0.609 0.618 0.605 0.603 0.595 0.560 
M_Zp=2850 kL=0.85: 0.605 0.615 0.604 0.610 0.602 0.548 
M_Zp=2850 kL=0.90: 0.606 0.613 0.596 0.599 0.602 0.543 
M_Zp=2850 kL=0.95: 0.583 0.610 0.606 0.606 0.604 0.541 
M_Zp=2850 kL=1.00: 0.596 0.609 0.604 0.593 0.603 0.530 
M_Zp=2850 kL=1.05: 0.612 0.603 0.610 0.603 0.604 0.515 
M_Zp=2850 kL=1.10: 0.607 0.597 0.612 0.604 0.605 0.516 
M_Zp=2850 kL=1.15: 0.615 0.602 0.608 0.602 0.601 0.509 
M_Zp=2850 kL=1.20: 0.604 0.609 0.602 0.603 0.589 0.490 
M_Zp=2850 kL=1.25: 0.618 0.609 0.605 0.606 0.592 0.476 
M_Zp=2850 kL=1.30: 0.601 0.603 0.604 0.599 0.591 0.466 
M_Zp=2850 kL=1.35: 0.613 0.605 0.602 0.590 0.583 0.465 
M_Zp=2850 kL=1.40: 0.608 0.617 0.615 0.588 0.576 0.437 
M_Zp=2850 kL=1.45: 0.600 0.606 0.618 0.594 0.587 0.439 
M_Zp=2850 kL=1.50: 0.597 0.617 0.596 0.599 0.598 0.419 
M_Zp=2850 kL=1.55: 0.605 0.614 0.610 0.602 0.582 0.405 
M_Zp=2850 kL=1.60: 0.605 0.608 0.603 0.591 0.591 0.403 
M_Zp=2850 kL=1.65: 0.604 0.604 0.598 0.603 0.581 0.380 
M_Zp=2850 kL=1.70: 0.593 0.606 0.597 0.607 0.584 0.364 
M_Zp=2850 kL=1.80: 0.594 0.604 0.607 0.607 0.580 0.336 
M_Zp=2850 kL=1.90: 0.605 0.584 0.612 0.592 0.563 0.309 
M_Zp=2850 kL=1.95: 0.610 0.608 0.588 0.595 0.574 0.287 
M_Zp=2850 kL=2.00: 0.594 0.599 0.597 0.592 0.552 0.283 
M_Zp=2850 kL=2.05: 0.601 0.605 0.597 0.592 0.555 0.266 
M_Zp=2850 kL=2.10: 0.592 0.604 0.595 0.594 0.558 0.248 
M_Zp=2850 kL=2.20: 0.595 0.618 0.596 0.594 0.562 0.217 
M_Zp=2900 kL=0.65: 0.599 0.606 0.611 0.615 0.603 0.588 
M_Zp=2900 kL=0.70: 0.618 0.617 0.613 0.614 0.596 0.570 
M_Zp=2900 kL=0.75: 0.598 0.604 0.610 0.608 0.599 0.570 
M_Zp=2900 kL=0.80: 0.608 0.603 0.610 0.606 0.612 0.567 
M_Zp=2900 kL=0.85: 0.607 0.618 0.602 0.623 0.591 0.555 
M_Zp=2900 kL=0.95: 0.586 0.603 0.599 0.610 0.598 0.543 
M_Zp=2900 kL=1.00: 0.602 0.617 0.600 0.603 0.600 0.535 
M_Zp=2900 kL=1.05: 0.606 0.602 0.606 0.602 0.608 0.529 
M_Zp=2900 kL=1.10: 0.605 0.609 0.612 0.601 0.600 0.514 
M_Zp=2900 kL=1.15: 0.602 0.610 0.605 0.606 0.589 0.504 
M_Zp=2900 kL=1.20: 0.614 0.605 0.609 0.608 0.582 0.492 
M_Zp=2900 kL=1.25: 0.609 0.614 0.605 0.609 0.595 0.479 
M_Zp=2900 kL=1.35: 0.608 0.621 0.614 0.600 0.594 0.460 
M_Zp=2900 kL=1.40: 0.590 0.612 0.609 0.591 0.586 0.464 
M_Zp=2900 kL=1.45: 0.597 0.605 0.596 0.606 0.588 0.442 
M_Zp=2900 kL=1.50: 0.603 0.620 0.608 0.597 0.584 0.439 
M_Zp=2900 kL=1.55: 0.603 0.599 0.608 0.594 0.583 0.417 
M_Zp=2900 kL=1.60: 0.607 0.613 0.613 0.597 0.588 0.409 
M_Zp=2900 kL=1.65: 0.596 0.613 0.599 0.597 0.580 0.395 
M_Zp=2900 kL=1.70: 0.597 0.598 0.603 0.596 0.583 0.383 
M_Zp=2900 kL=1.75: 0.594 0.606 0.596 0.600 0.584 0.365 
M_Zp=2900 kL=1.80: 0.600 0.605 0.609 0.599 0.572 0.360 
M_Zp=2900 kL=1.85: 0.597 0.609 0.604 0.595 0.585 0.340 
M_Zp=2900 kL=1.90: 0.603 0.584 0.595 0.596 0.567 0.323 
M_Zp=2900 kL=1.95: 0.606 0.605 0.601 0.586 0.567 0.306 
M_Zp=2900 kL=2.00: 0.604 0.607 0.601 0.579 0.579 0.295 
M_Zp=2900 kL=2.05: 0.603 0.599 0.599 0.593 0.557 0.286 
M_Zp=2900 kL=2.10: 0.595 0.607 0.599 0.590 0.554 0.275 
M_Zp=2900 kL=2.15: 0.586 0.605 0.605 0.593 0.559 0.250 
M_Zp=2900 kL=2.20: 0.590 0.616 0.600 0.589 0.557 0.221 
M_Zp=2950 kL=0.60: 0.613 0.600 0.613 0.603 0.608 0.582 
M_Zp=2950 kL=0.65: 0.608 0.606 0.605 0.606 0.597 0.583 
M_Zp=2950 kL=0.70: 0.600 0.601 0.609 0.617 0.601 0.570 
M_Zp=2950 kL=0.75: 0.608 0.607 0.600 0.609 0.599 0.563 
M_Zp=2950 kL=0.85: 0.615 0.609 0.604 0.615 0.598 0.559 
M_Zp=2950 kL=0.90: 0.609 0.623 0.600 0.611 0.606 0.554 
M_Zp=2950 kL=0.95: 0.592 0.601 0.601 0.601 0.598 0.548 
M_Zp=2950 kL=1.00: 0.594 0.609 0.605 0.593 0.608 0.545 
M_Zp=2950 kL=1.05: 0.602 0.608 0.605 0.595 0.603 0.533 
M_Zp=2950 kL=1.10: 0.613 0.593 0.603 0.606 0.607 0.527 
M_Zp=2950 kL=1.20: 0.612 0.609 0.603 0.596 0.598 0.516 
M_Zp=2950 kL=1.25: 0.612 0.609 0.599 0.596 0.590 0.502 
M_Zp=2950 kL=1.30: 0.611 0.613 0.600 0.610 0.597 0.483 
M_Zp=2950 kL=1.35: 0.600 0.603 0.608 0.593 0.586 0.475 
M_Zp=2950 kL=1.40: 0.608 0.605 0.602 0.589 0.580 0.456 
M_Zp=2950 kL=1.50: 0.595 0.612 0.619 0.590 0.586 0.454 
M_Zp=2950 kL=1.55: 0.605 0.609 0.613 0.599 0.578 0.430 
M_Zp=2950 kL=1.60: 0.592 0.621 0.599 0.591 0.575 0.417 
M_Zp=2950 kL=1.65: 0.606 0.611 0.600 0.595 0.587 0.401 
M_Zp=2950 kL=1.70: 0.600 0.598 0.609 0.601 0.587 0.400 
M_Zp=2950 kL=1.75: 0.598 0.595 0.596 0.603 0.574 0.386 
M_Zp=2950 kL=1.80: 0.591 0.593 0.606 0.595 0.582 0.377 
M_Zp=2950 kL=1.85: 0.592 0.597 0.620 0.587 0.575 0.357 
M_Zp=2950 kL=1.90: 0.596 0.598 0.600 0.599 0.572 0.335 
M_Zp=2950 kL=1.95: 0.600 0.608 0.599 0.599 0.574 0.331 
M_Zp=2950 kL=2.05: 0.598 0.610 0.603 0.583 0.565 0.293 
M_Zp=2950 kL=2.10: 0.610 0.603 0.595 0.595 0.565 0.284 
M_Zp=2950 kL=2.15: 0.595 0.609 0.601 0.592 0.557 0.265 
M_Zp=2950 kL=2.20: 0.599 0.601 0.593 0.585 0.557 0.259 
M_Zp=3000 kL=0.60: 0.604 0.584 0.604 0.600 0.597 0.585 
M_Zp=3000 kL=0.65: 0.602 0.592 0.591 0.612 0.601 0.578 
M_Zp=3000 kL=0.70: 0.595 0.601 0.600 0.606 0.596 0.576 
M_Zp=3000 kL=0.75: 0.600 0.605 0.588 0.613 0.590 0.565 
M_Zp=3000 kL=0.80: 0.604 0.594 0.609 0.618 0.593 0.566 
M_Zp=3000 kL=0.85: 0.600 0.614 0.608 0.609 0.602 0.567 
M_Zp=3000 kL=0.90: 0.602 0.614 0.600 0.605 0.597 0.550 
M_Zp=3000 kL=0.95: 0.600 0.610 0.593 0.602 0.594 0.548 
M_Zp=3000 kL=1.00: 0.577 0.597 0.607 0.605 0.595 0.543 
M_Zp=3000 kL=1.05: 0.589 0.602 0.595 0.589 0.587 0.543 
M_Zp=3000 kL=1.15: 0.598 0.600 0.600 0.595 0.592 0.516 
M_Zp=3000 kL=1.20: 0.589 0.599 0.586 0.605 0.596 0.509 
M_Zp=3000 kL=1.25: 0.608 0.599 0.596 0.602 0.589 0.502 
M_Zp=3000 kL=1.30: 0.600 0.608 0.598 0.606 0.595 0.496 
M_Zp=3000 kL=1.35: 0.605 0.608 0.581 0.603 0.594 0.482 
M_Zp=3000 kL=1.40: 0.597 0.608 0.607 0.593 0.588 0.480 
M_Zp=3000 kL=1.45: 0.590 0.606 0.604 0.589 0.583 0.461 
M_Zp=3000 kL=1.50: 0.586 0.612 0.590 0.596 0.590 0.452 
M_Zp=3000 kL=1.55: 0.605 0.603 0.599 0.594 0.592 0.448 
M_Zp=3000 kL=1.65: 0.595 0.593 0.601 0.594 0.577 0.416 
M_Zp=3000 kL=1.70: 0.593 0.608 0.598 0.600 0.574 0.409 
M_Zp=3000 kL=1.75: 0.594 0.598 0.584 0.597 0.581 0.390 
M_Zp=3000 kL=1.80: 0.586 0.610 0.594 0.603 0.573 0.385 
M_Zp=3000 kL=1.85: 0.583 0.604 0.595 0.602 0.582 0.365 
M_Zp=3000 kL=1.90: 0.588 0.601 0.617 0.596 0.576 0.349 
M_Zp=3000 kL=1.95: 0.593 0.586 0.596 0.593 0.570 0.339 
M_Zp=3000 kL=2.00: 0.592 0.588 0.602 0.600 0.569 0.334 
M_Zp=3000 kL=2.05: 0.599 0.595 0.592 0.590 0.566 0.326 
M_Zp=3000 kL=2.10: 0.593 0.604 0.596 0.599 0.562 0.298 
M_Zp=3000 kL=2.15: 0.600 0.591 0.600 0.592 0.562 0.287 
M_Zp=3000 kL=2.20: 0.582 0.602 0.588 0.583 0.555 0.267 
M_Zp=3100 kL=0.60: 0.602 0.591 0.609 0.603 0.596 0.589 
M_Zp=3100 kL=0.65: 0.606 0.596 0.601 0.601 0.605 0.589 
M_Zp=3100 kL=0.75: 0.609 0.602 0.604 0.604 0.597 0.583 
M_Zp=3100 kL=0.80: 0.594 0.612 0.597 0.606 0.599 0.567 
M_Zp=3100 kL=0.85: 0.610 0.596 0.607 0.604 0.604 0.568 
M_Zp=3100 kL=0.90: 0.605 0.606 0.593 0.605 0.605 0.558 
M_Zp=3100 kL=0.95: 0.600 0.609 0.598 0.605 0.601 0.560 
M_Zp=3100 kL=1.00: 0.593 0.596 0.593 0.600 0.591 0.559 
M_Zp=3100 kL=1.10: 0.584 0.594 0.603 0.604 0.605 0.538 
M_Zp=3100 kL=1.15: 0.603 0.587 0.603 0.599 0.601 0.522 
M_Zp=3100 kL=1.20: 0.598 0.593 0.596 0.598 0.599 0.523 
M_Zp=3100 kL=1.25: 0.600 0.606 0.595 0.592 0.596 0.520 
M_Zp=3100 kL=1.30: 0.601 0.609 0.597 0.605 0.591 0.512 
M_Zp=3100 kL=1.35: 0.604 0.608 0.595 0.615 0.602 0.502 
M_Zp=3100 kL=1.40: 0.602 0.602 0.588 0.599 0.600 0.492 
M_Zp=3100 kL=1.45: 0.598 0.613 0.602 0.596 0.594 0.485 
M_Zp=3100 kL=1.50: 0.584 0.607 0.601 0.590 0.581 0.471 
M_Zp=3100 kL=1.55: 0.587 0.612 0.596 0.594 0.590 0.466 
M_Zp=3100 kL=1.60: 0.593 0.610 0.598 0.598 0.587 0.449 
M_Zp=3100 kL=1.65: 0.592 0.608 0.603 0.597 0.586 0.443 
M_Zp=3100 kL=1.70: 0.596 0.609 0.597 0.593 0.576 0.441 
M_Zp=3100 kL=1.75: 0.596 0.613 0.602 0.590 0.576 0.428 
M_Zp=3100 kL=1.80: 0.600 0.601 0.604 0.592 0.586 0.402 
M_Zp=3100 kL=1.85: 0.590 0.583 0.601 0.603 0.569 0.404 
M_Zp=3100 kL=1.90: 0.582 0.601 0.592 0.589 0.575 0.384 
M_Zp=3100 kL=1.95: 0.588 0.602 0.601 0.597 0.572 0.375 
M_Zp=3100 kL=2.00: 0.599 0.605 0.593 0.596 0.572 0.365 
M_Zp=3100 kL=2.05: 0.603 0.599 0.600 0.586 0.573 0.348 
M_Zp=3100 kL=2.10: 0.595 0.600 0.596 0.587 0.561 0.336 
M_Zp=3100 kL=2.15: 0.596 0.591 0.584 0.590 0.574 0.317 
M_Zp=3100 kL=2.20: 0.598 0.603 0.585 0.588 0.558 0.310 
M_Zp=3200 kL=0.60: 0.592 0.596 0.607 0.608 0.605 0.585 
M_Zp=3200 kL=0.65: 0.612 0.594 0.610 0.601 0.607 0.587 
M_Zp=3200 kL=0.70: 0.601 0.605 0.598 0.610 0.598 0.584 
M_Zp=3200 kL=0.75: 0.590 0.601 0.600 0.608 0.587 0.580 
M_Zp=3200 kL=0.80: 0.614 0.606 0.599 0.609 0.605 0.571 
M_Zp=3200 kL=0.85: 0.600 0.592 0.608 0.614 0.605 0.563 
M_Zp=3200 kL=0.90: 0.602 0.604 0.602 0.611 0.616 0.575 
M_Zp=3200 kL=0.95: 0.607 0.605 0.610 0.599 0.594 0.566 
M_Zp=3200 kL=1.00: 0.606 0.608 0.601 0.602 0.598 0.559 
M_Zp=3200 kL=1.05: 0.580 0.594 0.604 0.603 0.605 0.549 
M_Zp=3200 kL=1.10: 0.596 0.605 0.598 0.598 0.605 0.562 
M_Zp=3200 kL=1.20: 0.601 0.595 0.600 0.608 0.601 0.546 
M_Zp=3200 kL=1.25: 0.602 0.598 0.603 0.610 0.603 0.522 
M_Zp=3200 kL=1.30: 0.606 0.599 0.600 0.600 0.592 0.524 
M_Zp=3200 kL=1.35: 0.590 0.602 0.596 0.604 0.597 0.513 
M_Zp=3200 kL=1.40: 0.610 0.603 0.604 0.607 0.590 0.497 
M_Zp=3200 kL=1.45: 0.598 0.602 0.591 0.600 0.587 0.495 
M_Zp=3200 kL=1.50: 0.595 0.613 0.602 0.594 0.592 0.497 
M_Zp=3200 kL=1.55: 0.585 0.610 0.602 0.582 0.591 0.487 
M_Zp=3200 kL=1.60: 0.588 0.606 0.599 0.592 0.583 0.475 
M_Zp=3200 kL=1.65: 0.596 0.600 0.599 0.597 0.589 0.463 
M_Zp=3200 kL=1.70: 0.599 0.604 0.599 0.600 0.589 0.459 
M_Zp=3200 kL=1.80: 0.591 0.613 0.593 0.594 0.585 0.431 
M_Zp=3200 kL=1.85: 0.588 0.591 0.604 0.604 0.579 0.428 
M_Zp=3200 kL=1.90: 0.586 0.590 0.598 0.593 0.569 0.410 
M_Zp=3200 kL=1.95: 0.586 0.581 0.592 0.592 0.575 0.393 
M_Zp=3200 kL=2.00: 0.594 0.603 0.604 0.598 0.578 0.385 
M_Zp=3200 kL=2.05: 0.597 0.600 0.605 0.592 0.577 0.375 
M_Zp=3200 kL=2.10: 0.593 0.582 0.593 0.595 0.561 0.353 
M_Zp=3200 kL=2.15: 0.593 0.591 0.590 0.596 0.578 0.351 
M_Zp=3200 kL=2.20: 0.602 0.602 0.596 0.599 0.567 0.337 
M_Zp=3300 kL=0.60: 0.595 0.588 0.608 0.610 0.612 0.588 
M_Zp=3300 kL=0.65: 0.596 0.594 0.604 0.602 0.597 0.589 
M_Zp=3300 kL=0.70: 0.599 0.599 0.600 0.612 0.589 0.582 
M_Zp=3300 kL=0.75: 0.599 0.605 0.598 0.602 0.599 0.585 
M_Zp=3300 kL=0.80: 0.613 0.610 0.606 0.603 0.598 0.582 
M_Zp=3300 kL=0.85: 0.602 0.607 0.599 0.605 0.593 0.575 
M_Zp=3300 kL=0.90: 0.606 0.594 0.596 0.617 0.599 0.575 
M_Zp=3300 kL=0.95: 0.597 0.603 0.590 0.596 0.602 0.577 
M_Zp=3300 kL=1.00: 0.599 0.613 0.606 0.609 0.601 0.569 
M_Zp=3300 kL=1.05: 0.592 0.615 0.593 0.597 0.598 0.554 
M_Zp=3300 kL=1.10: 0.579 0.609 0.604 0.599 0.601 0.555 
M_Zp=3300 kL=1.15: 0.585 0.599 0.597 0.590 0.595 0.560 
M_Zp=3300 kL=1.20: 0.592 0.590 0.605 0.591 0.597 0.552 
M_Zp=3300 kL=1.25: 0.599 0.594 0.601 0.602 0.588 0.540 
M_Zp=3300 kL=1.30: 0.589 0.608 0.597 0.609 0.594 0.531 
M_Zp=3300 kL=1.35: 0.610 0.613 0.592 0.595 0.603 0.531 
M_Zp=3300 kL=1.40: 0.597 0.602 0.592 0.591 0.593 0.522 
M_Zp=3300 kL=1.45: 0.608 0.608 0.596 0.605 0.593 0.510 
M_Zp=3300 kL=1.50: 0.600 0.602 0.595 0.598 0.589 0.495 
M_Zp=3300 kL=1.55: 0.591 0.608 0.606 0.595 0.592 0.503 
M_Zp=3300 kL=1.60: 0.589 0.602 0.598 0.592 0.576 0.486 
M_Zp=3300 kL=1.65: 0.593 0.603 0.600 0.583 0.600 0.478 
M_Zp=3300 kL=1.70: 0.597 0.594 0.604 0.595 0.581 0.475 
M_Zp=3300 kL=1.75: 0.586 0.605 0.601 0.601 0.589 0.461 
M_Zp=3300 kL=1.80: 0.580 0.612 0.595 0.599 0.580 0.452 
M_Zp=3300 kL=1.85: 0.592 0.599 0.598 0.600 0.591 0.445 
M_Zp=3300 kL=1.90: 0.592 0.592 0.598 0.592 0.577 0.424 
M_Zp=3300 kL=1.95: 0.588 0.598 0.595 0.591 0.578 0.414 
M_Zp=3300 kL=2.00: 0.587 0.601 0.602 0.589 0.574 0.412 
M_Zp=3300 kL=2.05: 0.580 0.592 0.596 0.593 0.565 0.401 
M_Zp=3300 kL=2.10: 0.592 0.604 0.595 0.604 0.562 0.392 
M_Zp=3300 kL=2.15: 0.587 0.601 0.597 0.588 0.581 0.372 
M_Zp=3300 kL=2.20: 0.595 0.603 0.593 0.587 0.564 0.366 
M_Zp=3400 kL=0.60: 0.593 0.585 0.608 0.604 0.604 0.592 
M_Zp=3400 kL=0.65: 0.595 0.596 0.612 0.606 0.610 0.591 
M_Zp=3400 kL=0.70: 0.608 0.588 0.607 0.607 0.605 0.591 
M_Zp=3400 kL=0.75: 0.600 0.613 0.593 0.604 0.601 0.586 
M_Zp=3400 kL=0.80: 0.593 0.595 0.601 0.610 0.591 0.589 
M_Zp=3400 kL=0.85: 0.605 0.606 0.605 0.608 0.602 0.579 
M_Zp=3400 kL=1.50: 0.616 0.608 0.589 0.612 0.593 0.511 
M_Zp=3400 kL=1.55: 0.596 0.603 0.600 0.597 0.594 0.519 
M_Zp=3400 kL=1.60: 0.592 0.607 0.609 0.593 0.590 0.509 
M_Zp=3400 kL=1.65: 0.587 0.600 0.603 0.586 0.574 0.493 
M_Zp=3400 kL=1.70: 0.586 0.605 0.603 0.590 0.586 0.485 
M_Zp=3400 kL=1.75: 0.587 0.594 0.603 0.594 0.580 0.482 
M_Zp=3400 kL=1.80: 0.586 0.610 0.599 0.597 0.593 0.466 
M_Zp=3400 kL=1.85: 0.593 0.601 0.602 0.587 0.584 0.460 
M_Zp=3400 kL=1.95: 0.599 0.595 0.594 0.596 0.585 0.437 
M_Zp=3400 kL=2.00: 0.592 0.597 0.588 0.593 0.573 0.431 
M_Zp=3400 kL=2.05: 0.585 0.599 0.598 0.581 0.576 0.423 
M_Zp=3400 kL=2.10: 0.585 0.606 0.595 0.590 0.579 0.397 
M_Zp=3400 kL=2.15: 0.586 0.594 0.592 0.587 0.569 0.406 
M_Zp=3400 kL=2.20: 0.604 0.600 0.596 0.595 0.565 0.394 
M_Zp=3500 kL=0.60: 0.595 0.599 0.601 0.606 0.596 0.599 
M_Zp=3500 kL=0.65: 0.589 0.601 0.608 0.602 0.599 0.588 
M_Zp=3500 kL=0.70: 0.598 0.584 0.600 0.596 0.604 0.592 
M_Zp=3500 kL=0.75: 0.598 0.602 0.600 0.609 0.596 0.584 
M_Zp=3500 kL=0.80: 0.603 0.602 0.599 0.593 0.599 0.586 
M_Zp=3500 kL=0.85: 0.602 0.606 0.603 0.605 0.595 0.589 
M_Zp=3500 kL=0.90: 0.603 0.599 0.597 0.596 0.592 0.580 
M_Zp=3500 kL=1.50: 0.593 0.599 0.595 0.590 0.596 0.516 
M_Zp=3500 kL=1.55: 0.619 0.608 0.581 0.600 0.597 0.516 
M_Zp=3500 kL=1.60: 0.601 0.602 0.598 0.593 0.591 0.511 
M_Zp=3500 kL=1.65: 0.594 0.610 0.603 0.599 0.586 0.506 
M_Zp=3500 kL=1.75: 0.589 0.603 0.606 0.587 0.585 0.486 
M_Zp=3500 kL=1.80: 0.583 0.600 0.606 0.595 0.574 0.469 
M_Zp=3500 kL=1.85: 0.590 0.610 0.602 0.602 0.573 0.470 
M_Zp=3500 kL=1.90: 0.585 0.606 0.601 0.587 0.573 0.470 
M_Zp=3500 kL=1.95: 0.600 0.599 0.595 0.592 0.573 0.457 
M_Zp=3500 kL=2.00: 0.595 0.604 0.591 0.594 0.569 0.447 
M_Zp=3500 kL=2.05: 0.588 0.606 0.597 0.597 0.579 0.434 
M_Zp=3500 kL=2.10: 0.582 0.587 0.598 0.608 0.575 0.442 
M_Zp=3500 kL=2.15: 0.578 0.590 0.599 0.585 0.580 0.410 
M_Zp=3500 kL=2.20: 0.592 0.599 0.594 0.594 0.572 0.418 
M_Zp=2000 kL=0.15: 0.596 0.617 0.615 0.596 0.606 0.601 
M_Zp=2000 kL=0.20: 0.610 0.598 0.601 0.609 0.611 0.588 
M_Zp=2000 kL=0.30: 0.603 0.616 0.612 0.614 0.608 0.561 
M_Zp=2000 kL=0.35: 0.601 0.595 0.612 0.603 0.614 0.549 
M_Zp=2000 kL=0.40: 0.614 0.589 0.603 0.609 0.603 0.538 
M_Zp=2000 kL=0.45: 0.604 0.605 0.618 0.609 0.606 0.529 
M_Zp=2000 kL=0.50: 0.610 0.609 0.607 0.615 0.614 0.502 
M_Zp=2000 kL=0.55: 0.607 0.607 0.609 0.604 0.592 0.497 
M_Zp=2000 kL=0.60: 0.594 0.603 0.609 0.606 0.601 0.478 
M_Zp=2000 kL=0.65: 0.590 0.610 0.609 0.612 0.601 0.444 
M_Zp=2000 kL=0.70: 0.594 0.607 0.599 0.601 0.595 0.429 
M_Zp=2000 kL=0.75: 0.602 0.604 0.605 0.616 0.594 0.413 
M_Zp=2000 kL=0.80: 0.618 0.607 0.608 0.600 0.594 0.386 
M_Zp=2000 kL=0.85: 0.603 0.609 0.610 0.597 0.597 0.364 
M_Zp=2000 kL=0.90: 0.612 0.613 0.601 0.601 0.581 0.344 
M_Zp=2000 kL=0.95: 0.598 0.612 0.604 0.599 0.585 0.325 
M_Zp=2000 kL=1.10: 0.600 0.607 0.592 0.601 0.590 0.264 
M_Zp=2000 kL=1.15: 0.599 0.612 0.610 0.609 0.575 0.248 
M_Zp=2000 kL=1.20: 0.601 0.604 0.596 0.598 0.585 0.236 
M_Zp=2000 kL=1.25: 0.599 0.615 0.597 0.596 0.578 0.212 
M_Zp=2000 kL=1.30: 0.599 0.609 0.601 0.588 0.565 0.202 
M_Zp=2000 kL=1.35: 0.593 0.603 0.601 0.594 0.569 0.178 
M_Zp=2000 kL=1.40: 0.595 0.603 0.600 0.589 0.563 0.169 
M_Zp=2000 kL=1.45: 0.592 0.612 0.598 0.610 0.559 0.152 
M_Zp=2000 kL=1.50: 0.589 0.606 0.588 0.590 0.555 0.141 
M_Zp=2020 kL=0.15: 0.600 0.626 0.615 0.601 0.612 0.604 
M_Zp=2020 kL=0.20: 0.607 0.604 0.604 0.609 0.595 0.590 
M_Zp=2020 kL=0.25: 0.601 0.610 0.610 0.603 0.610 0.571 
M_Zp=2020 kL=0.30: 0.612 0.602 0.610 0.607 0.608 0.572 
M_Zp=2020 kL=0.35: 0.607 0.599 0.607 0.607 0.600 0.555 
M_Zp=2020 kL=0.40: 0.611 0.601 0.615 0.605 0.603 0.541 
M_Zp=2020 kL=0.45: 0.596 0.607 0.615 0.612 0.600 0.528 
M_Zp=2020 kL=0.50: 0.602 0.595 0.602 0.603 0.600 0.504 
M_Zp=2020 kL=0.55: 0.608 0.618 0.608 0.598 0.601 0.493 
M_Zp=2020 kL=0.60: 0.603 0.608 0.605 0.596 0.601 0.477 
M_Zp=2020 kL=0.65: 0.590 0.613 0.602 0.603 0.601 0.455 
M_Zp=2020 kL=0.75: 0.603 0.597 0.603 0.598 0.603 0.409 
M_Zp=2020 kL=0.80: 0.612 0.617 0.615 0.611 0.599 0.395 
M_Zp=2020 kL=0.85: 0.606 0.619 0.612 0.609 0.584 0.376 
M_Zp=2020 kL=0.90: 0.603 0.622 0.604 0.599 0.603 0.358 
M_Zp=2020 kL=0.95: 0.602 0.605 0.603 0.593 0.591 0.327 
M_Zp=2020 kL=1.00: 0.591 0.606 0.608 0.607 0.593 0.308 
M_Zp=2020 kL=1.05: 0.598 0.609 0.602 0.607 0.589 0.293 
M_Zp=2020 kL=1.10: 0.592 0.607 0.595 0.599 0.580 0.266 
M_Zp=2020 kL=1.15: 0.595 0.612 0.593 0.607 0.587 0.260 
M_Zp=2020 kL=1.20: 0.596 0.608 0.597 0.599 0.588 0.239 
M_Zp=2020 kL=1.25: 0.588 0.598 0.607 0.593 0.567 0.216 
M_Zp=2020 kL=1.30: 0.610 0.609 0.597 0.591 0.578 0.213 
M_Zp=2020 kL=1.35: 0.608 0.610 0.600 0.596 0.573 0.184 
M_Zp=2020 kL=1.40: 0.592 0.609 0.594 0.591 0.578 0.185 
M_Zp=2020 kL=1.45: 0.583 0.610 0.598 0.595 0.564 0.160 
M_Zp=2020 kL=1.50: 0.589 0.605 0.600 0.588 0.574 0.143 
M_Zp=2040 kL=0.15: 0.597 0.625 0.611 0.608 0.603 0.593 
M_Zp=2040 kL=0.20: 0.604 0.606 0.606 0.608 0.606 0.590 
M_Zp=2040 kL=0.25: 0.604 0.612 0.607 0.608 0.606 0.578 
M_Zp=2040 kL=0.30: 0.604 0.611 0.610 0.612 0.603 0.568 
M_Zp=2040 kL=0.35: 0.598 0.602 0.608 0.601 0.607 0.564 
M_Zp=2040 kL=0.40: 0.612 0.601 0.613 0.618 0.597 0.540 
M_Zp=2040 kL=0.45: 0.607 0.599 0.605 0.605 0.600 0.530 
M_Zp=2040 kL=0.50: 0.612 0.601 0.605 0.598 0.603 0.520 
M_Zp=2040 kL=0.55: 0.615 0.604 0.596 0.605 0.617 0.502 
M_Zp=2040 kL=0.60: 0.613 0.610 0.605 0.609 0.611 0.479 
M_Zp=2040 kL=0.65: 0.588 0.601 0.607 0.607 0.601 0.458 
M_Zp=2040 kL=0.70: 0.590 0.607 0.608 0.606 0.595 0.446 
M_Zp=2040 kL=0.75: 0.597 0.615 0.611 0.609 0.589 0.417 
M_Zp=2040 kL=0.80: 0.612 0.605 0.598 0.607 0.600 0.404 
M_Zp=2040 kL=0.85: 0.608 0.618 0.616 0.609 0.588 0.388 
M_Zp=2040 kL=0.90: 0.602 0.620 0.595 0.599 0.597 0.370 
M_Zp=2040 kL=0.95: 0.604 0.611 0.612 0.597 0.592 0.339 
M_Zp=2040 kL=1.00: 0.597 0.604 0.603 0.595 0.589 0.326 
M_Zp=2040 kL=1.05: 0.602 0.609 0.599 0.598 0.599 0.303 
M_Zp=2040 kL=1.10: 0.603 0.611 0.615 0.605 0.597 0.289 
M_Zp=2040 kL=1.15: 0.602 0.614 0.603 0.604 0.597 0.253 
M_Zp=2040 kL=1.20: 0.595 0.608 0.604 0.593 0.576 0.260 
M_Zp=2040 kL=1.25: 0.588 0.596 0.599 0.596 0.586 0.226 
M_Zp=2040 kL=1.30: 0.600 0.604 0.612 0.601 0.571 0.203 
M_Zp=2040 kL=1.35: 0.609 0.609 0.594 0.591 0.570 0.194 
M_Zp=2040 kL=1.40: 0.591 0.612 0.597 0.598 0.578 0.182 
M_Zp=2040 kL=1.45: 0.598 0.615 0.596 0.591 0.550 0.163 
M_Zp=2040 kL=1.50: 0.600 0.612 0.591 0.584 0.560 0.159 
M_Zp=2060 kL=0.15: 0.596 0.627 0.609 0.610 0.605 0.597 
M_Zp=2060 kL=0.20: 0.607 0.603 0.606 0.605 0.617 0.586 
M_Zp=2060 kL=0.25: 0.602 0.613 0.604 0.611 0.609 0.584 
M_Zp=2060 kL=0.30: 0.614 0.619 0.606 0.606 0.607 0.573 
M_Zp=2060 kL=0.35: 0.595 0.613 0.603 0.600 0.606 0.567 
M_Zp=2060 kL=0.40: 0.611 0.599 0.618 0.607 0.601 0.551 
M_Zp=2060 kL=0.45: 0.599 0.600 0.620 0.613 0.591 0.538 
M_Zp=2060 kL=0.50: 0.614 0.609 0.597 0.604 0.608 0.516 
M_Zp=2060 kL=0.55: 0.604 0.603 0.598 0.611 0.600 0.509 
M_Zp=2060 kL=0.60: 0.613 0.608 0.608 0.602 0.596 0.483 
M_Zp=2060 kL=0.65: 0.591 0.607 0.605 0.601 0.600 0.461 
M_Zp=2060 kL=0.70: 0.595 0.614 0.613 0.610 0.603 0.442 
M_Zp=2060 kL=0.75: 0.608 0.603 0.605 0.604 0.595 0.431 
M_Zp=2060 kL=0.80: 0.601 0.603 0.606 0.597 0.598 0.410 
M_Zp=2060 kL=0.85: 0.602 0.617 0.608 0.604 0.588 0.390 
M_Zp=2060 kL=0.90: 0.625 0.607 0.595 0.605 0.596 0.370 
M_Zp=2060 kL=0.95: 0.600 0.602 0.615 0.597 0.585 0.342 
M_Zp=2060 kL=1.00: 0.612 0.607 0.610 0.600 0.591 0.332 
M_Zp=2060 kL=1.05: 0.598 0.608 0.607 0.596 0.583 0.313 
M_Zp=2060 kL=1.10: 0.597 0.610 0.603 0.601 0.579 0.295 
M_Zp=2060 kL=1.15: 0.596 0.600 0.607 0.605 0.579 0.282 
M_Zp=2060 kL=1.20: 0.606 0.609 0.598 0.599 0.583 0.255 
M_Zp=2060 kL=1.25: 0.590 0.612 0.596 0.604 0.588 0.229 
M_Zp=2060 kL=1.30: 0.596 0.610 0.610 0.603 0.591 0.227 
M_Zp=2060 kL=1.35: 0.595 0.607 0.594 0.595 0.579 0.202 
M_Zp=2060 kL=1.40: 0.601 0.605 0.602 0.591 0.566 0.185 
M_Zp=2060 kL=1.45: 0.592 0.599 0.606 0.608 0.569 0.167 
M_Zp=2060 kL=1.50: 0.598 0.611 0.593 0.601 0.552 0.154 
M_Zp=2080 kL=0.15: 0.599 0.624 0.612 0.605 0.610 0.600 
M_Zp=2080 kL=0.20: 0.600 0.605 0.607 0.604 0.611 0.592 
M_Zp=2080 kL=0.25: 0.607 0.616 0.606 0.612 0.615 0.584 
M_Zp=2080 kL=0.30: 0.608 0.618 0.608 0.607 0.611 0.579 
M_Zp=2080 kL=0.35: 0.603 0.601 0.605 0.613 0.602 0.568 
M_Zp=2080 kL=0.40: 0.610 0.598 0.612 0.602 0.593 0.558 
M_Zp=2080 kL=0.45: 0.596 0.602 0.606 0.606 0.599 0.537 
M_Zp=2080 kL=0.50: 0.614 0.610 0.610 0.610 0.610 0.519 
M_Zp=2080 kL=0.55: 0.601 0.615 0.601 0.610 0.608 0.511 
M_Zp=2080 kL=0.60: 0.612 0.614 0.605 0.607 0.598 0.474 
M_Zp=2080 kL=0.65: 0.598 0.615 0.590 0.611 0.595 0.470 
M_Zp=2080 kL=0.70: 0.593 0.605 0.608 0.601 0.592 0.459 
M_Zp=2080 kL=0.75: 0.592 0.600 0.600 0.604 0.601 0.429 
M_Zp=2080 kL=0.80: 0.601 0.605 0.606 0.607 0.597 0.417 
M_Zp=2080 kL=0.85: 0.603 0.613 0.607 0.596 0.602 0.390 
M_Zp=2080 kL=0.90: 0.608 0.599 0.598 0.599 0.591 0.368 
M_Zp=2080 kL=0.95: 0.590 0.608 0.617 0.596 0.584 0.350 
M_Zp=2080 kL=1.00: 0.597 0.609 0.608 0.596 0.582 0.340 
M_Zp=2080 kL=1.05: 0.601 0.610 0.611 0.594 0.593 0.318 
M_Zp=2080 kL=1.10: 0.592 0.602 0.603 0.600 0.592 0.303 
M_Zp=2080 kL=1.15: 0.603 0.610 0.593 0.597 0.585 0.282 
M_Zp=2080 kL=1.20: 0.599 0.601 0.610 0.608 0.571 0.263 
M_Zp=2080 kL=1.25: 0.598 0.614 0.596 0.600 0.588 0.248 
M_Zp=2080 kL=1.30: 0.599 0.602 0.605 0.583 0.589 0.233 
M_Zp=2080 kL=1.35: 0.602 0.608 0.601 0.600 0.572 0.206 
M_Zp=2080 kL=1.40: 0.601 0.600 0.605 0.589 0.572 0.201 
M_Zp=2080 kL=1.45: 0.589 0.610 0.604 0.595 0.560 0.179 
M_Zp=2080 kL=1.50: 0.608 0.608 0.598 0.598 0.561 0.165 
M_Zp=2100 kL=0.15: 0.594 0.618 0.606 0.601 0.618 0.597 
M_Zp=2100 kL=0.20: 0.597 0.607 0.606 0.609 0.621 0.599 
M_Zp=2100 kL=0.25: 0.599 0.618 0.609 0.608 0.606 0.586 
M_Zp=2100 kL=0.30: 0.608 0.621 0.602 0.609 0.619 0.576 
M_Zp=2100 kL=0.35: 0.605 0.612 0.604 0.609 0.607 0.566 
M_Zp=2100 kL=0.40: 0.610 0.604 0.608 0.602 0.596 0.549 
M_Zp=2100 kL=0.45: 0.602 0.595 0.614 0.612 0.601 0.545 
M_Zp=2100 kL=0.50: 0.613 0.606 0.613 0.605 0.604 0.526 
M_Zp=2100 kL=0.55: 0.609 0.610 0.604 0.612 0.602 0.509 
M_Zp=2100 kL=0.60: 0.608 0.617 0.609 0.599 0.597 0.501 
M_Zp=2100 kL=0.65: 0.601 0.619 0.601 0.600 0.597 0.476 
M_Zp=2100 kL=0.70: 0.583 0.609 0.604 0.611 0.595 0.460 
M_Zp=2100 kL=0.75: 0.600 0.607 0.609 0.607 0.593 0.440 
M_Zp=2100 kL=0.80: 0.604 0.602 0.600 0.600 0.592 0.433 
M_Zp=2100 kL=0.85: 0.614 0.604 0.608 0.617 0.592 0.406 
M_Zp=2100 kL=0.90: 0.597 0.601 0.600 0.604 0.593 0.372 
M_Zp=2100 kL=0.95: 0.619 0.608 0.606 0.585 0.591 0.370 
M_Zp=2100 kL=1.00: 0.606 0.608 0.609 0.604 0.582 0.349 
M_Zp=2100 kL=1.05: 0.593 0.600 0.614 0.596 0.588 0.333 
M_Zp=2100 kL=1.10: 0.598 0.615 0.605 0.600 0.588 0.306 
M_Zp=2100 kL=1.15: 0.599 0.611 0.595 0.603 0.587 0.287 
M_Zp=2100 kL=1.20: 0.611 0.617 0.600 0.594 0.583 0.267 
M_Zp=2100 kL=1.30: 0.595 0.604 0.595 0.584 0.576 0.238 
M_Zp=2100 kL=1.35: 0.598 0.610 0.605 0.595 0.571 0.220 
M_Zp=2100 kL=1.40: 0.608 0.605 0.599 0.592 0.583 0.198 
M_Zp=2100 kL=1.45: 0.588 0.616 0.601 0.601 0.573 0.193 
M_Zp=2100 kL=1.50: 0.597 0.614 0.599 0.584 0.566 0.171 
M_Zp=2120 kL=0.15: 0.600 0.616 0.607 0.610 0.613 0.598 
M_Zp=2120 kL=0.20: 0.601 0.609 0.601 0.604 0.613 0.592 
M_Zp=2120 kL=0.25: 0.609 0.614 0.606 0.613 0.614 0.588 
M_Zp=2120 kL=0.30: 0.612 0.612 0.605 0.611 0.615 0.568 
M_Zp=2120 kL=0.35: 0.606 0.600 0.607 0.615 0.608 0.569 
M_Zp=2120 kL=0.40: 0.607 0.602 0.614 0.605 0.591 0.554 
M_Zp=2120 kL=0.45: 0.600 0.612 0.615 0.617 0.599 0.546 
M_Zp=2120 kL=0.50: 0.606 0.612 0.603 0.611 0.597 0.528 
M_Zp=2120 kL=0.55: 0.608 0.613 0.616 0.608 0.605 0.517 
M_Zp=2120 kL=0.60: 0.607 0.613 0.597 0.599 0.594 0.504 
M_Zp=2120 kL=0.65: 0.606 0.607 0.604 0.598 0.604 0.482 
M_Zp=2120 kL=0.70: 0.593 0.616 0.601 0.604 0.604 0.462 
M_Zp=2120 kL=0.75: 0.593 0.602 0.606 0.607 0.613 0.446 
M_Zp=2120 kL=0.80: 0.596 0.601 0.603 0.605 0.592 0.424 
M_Zp=2120 kL=0.85: 0.609 0.606 0.611 0.602 0.611 0.403 
M_Zp=2120 kL=0.90: 0.601 0.604 0.612 0.600 0.597 0.382 
M_Zp=2120 kL=0.95: 0.607 0.618 0.604 0.596 0.596 0.367 
M_Zp=2120 kL=1.00: 0.608 0.609 0.610 0.597 0.583 0.351 
M_Zp=2120 kL=1.05: 0.586 0.602 0.603 0.602 0.581 0.337 
M_Zp=2120 kL=1.10: 0.595 0.608 0.593 0.592 0.590 0.315 
M_Zp=2120 kL=1.15: 0.606 0.603 0.599 0.589 0.598 0.290 
M_Zp=2120 kL=1.20: 0.610 0.603 0.598 0.599 0.587 0.274 
M_Zp=2120 kL=1.25: 0.591 0.599 0.604 0.594 0.570 0.258 
M_Zp=2120 kL=1.30: 0.591 0.611 0.593 0.594 0.585 0.235 
M_Zp=2120 kL=1.35: 0.596 0.608 0.600 0.600 0.581 0.227 
M_Zp=2120 kL=1.40: 0.599 0.608 0.595 0.589 0.579 0.213 
M_Zp=2120 kL=1.45: 0.594 0.608 0.598 0.588 0.574 0.185 
M_Zp=2120 kL=1.50: 0.588 0.604 0.600 0.587 0.554 0.169 
M_Zp=2140 kL=0.15: 0.593 0.617 0.606 0.603 0.609 0.593 
M_Zp=2140 kL=0.25: 0.598 0.612 0.607 0.611 0.610 0.590 
M_Zp=2140 kL=0.30: 0.607 0.603 0.603 0.615 0.616 0.583 
M_Zp=2140 kL=0.35: 0.613 0.608 0.606 0.609 0.613 0.571 
M_Zp=2140 kL=0.45: 0.599 0.607 0.608 0.607 0.602 0.543 
M_Zp=2140 kL=0.50: 0.595 0.596 0.608 0.609 0.596 0.538 
M_Zp=2140 kL=0.55: 0.606 0.607 0.605 0.610 0.605 0.526 
M_Zp=2140 kL=0.60: 0.605 0.617 0.612 0.602 0.611 0.501 
M_Zp=2140 kL=0.65: 0.606 0.606 0.609 0.607 0.604 0.488 
M_Zp=2140 kL=0.70: 0.585 0.599 0.600 0.604 0.601 0.467 
M_Zp=2140 kL=0.80: 0.596 0.608 0.602 0.603 0.589 0.437 
M_Zp=2140 kL=0.85: 0.617 0.596 0.616 0.605 0.598 0.405 
M_Zp=2140 kL=0.90: 0.603 0.623 0.609 0.610 0.590 0.392 
M_Zp=2140 kL=0.95: 0.604 0.608 0.597 0.598 0.583 0.378 
M_Zp=2140 kL=1.00: 0.604 0.610 0.610 0.588 0.593 0.362 
M_Zp=2140 kL=1.05: 0.601 0.608 0.611 0.603 0.588 0.340 
M_Zp=2140 kL=1.10: 0.604 0.596 0.607 0.598 0.586 0.319 
M_Zp=2140 kL=1.15: 0.595 0.601 0.603 0.602 0.577 0.300 
M_Zp=2140 kL=1.20: 0.602 0.606 0.609 0.605 0.580 0.290 
M_Zp=2140 kL=1.25: 0.601 0.618 0.593 0.607 0.575 0.276 
M_Zp=2140 kL=1.30: 0.591 0.613 0.609 0.596 0.580 0.263 
M_Zp=2140 kL=1.35: 0.603 0.597 0.607 0.595 0.575 0.233 
M_Zp=2140 kL=1.40: 0.596 0.588 0.596 0.593 0.573 0.216 
M_Zp=2140 kL=1.45: 0.596 0.601 0.599 0.593 0.559 0.204 
M_Zp=2140 kL=1.50: 0.599 0.618 0.598 0.600 0.558 0.188 
M_Zp=2160 kL=0.20: 0.600 0.606 0.601 0.612 0.607 0.594 
M_Zp=2160 kL=0.25: 0.601 0.613 0.602 0.608 0.606 0.592 
M_Zp=2160 kL=0.30: 0.610 0.603 0.609 0.610 0.622 0.582 
M_Zp=2160 kL=0.35: 0.605 0.617 0.615 0.614 0.602 0.569 
M_Zp=2160 kL=0.40: 0.605 0.604 0.616 0.605 0.605 0.557 
M_Zp=2160 kL=0.45: 0.609 0.605 0.610 0.612 0.606 0.542 
M_Zp=2160 kL=0.50: 0.596 0.593 0.609 0.614 0.600 0.542 
M_Zp=2160 kL=0.55: 0.613 0.609 0.608 0.622 0.601 0.525 
M_Zp=2160 kL=0.60: 0.602 0.609 0.614 0.607 0.610 0.519 
M_Zp=2160 kL=0.65: 0.602 0.620 0.610 0.609 0.593 0.486 
M_Zp=2160 kL=0.75: 0.595 0.604 0.609 0.607 0.597 0.453 
M_Zp=2160 kL=0.80: 0.601 0.612 0.616 0.611 0.591 0.443 
M_Zp=2160 kL=0.85: 0.601 0.606 0.616 0.608 0.608 0.418 
M_Zp=2160 kL=0.90: 0.602 0.614 0.606 0.606 0.592 0.407 
M_Zp=2160 kL=0.95: 0.614 0.614 0.598 0.602 0.598 0.392 
M_Zp=2160 kL=1.00: 0.601 0.604 0.605 0.598 0.583 0.367 
M_Zp=2160 kL=1.05: 0.609 0.615 0.599 0.601 0.594 0.352 
M_Zp=2160 kL=1.10: 0.610 0.603 0.610 0.601 0.590 0.332 
M_Zp=2160 kL=1.15: 0.591 0.611 0.605 0.600 0.588 0.319 
M_Zp=2160 kL=1.20: 0.602 0.604 0.599 0.606 0.586 0.287 
M_Zp=2160 kL=1.25: 0.594 0.616 0.602 0.606 0.570 0.265 
M_Zp=2160 kL=1.30: 0.595 0.608 0.603 0.588 0.581 0.255 
M_Zp=2160 kL=1.35: 0.592 0.621 0.618 0.593 0.578 0.234 
M_Zp=2160 kL=1.40: 0.612 0.602 0.598 0.595 0.576 0.228 
M_Zp=2160 kL=1.45: 0.606 0.609 0.601 0.591 0.573 0.199 
M_Zp=2160 kL=1.50: 0.590 0.605 0.596 0.587 0.574 0.188 
M_Zp=2180 kL=0.15: 0.599 0.618 0.613 0.604 0.603 0.605 
M_Zp=2180 kL=0.20: 0.599 0.614 0.608 0.609 0.602 0.597 
M_Zp=2180 kL=0.25: 0.608 0.608 0.604 0.608 0.615 0.590 
M_Zp=2180 kL=0.30: 0.611 0.607 0.601 0.611 0.610 0.578 
M_Zp=2180 kL=0.35: 0.606 0.609 0.613 0.605 0.601 0.575 
M_Zp=2180 kL=0.40: 0.603 0.602 0.614 0.605 0.594 0.564 
M_Zp=2180 kL=0.45: 0.611 0.595 0.608 0.611 0.610 0.541 
M_Zp=2180 kL=0.50: 0.608 0.601 0.621 0.608 0.612 0.546 
M_Zp=2180 kL=0.55: 0.605 0.608 0.611 0.620 0.594 0.529 
M_Zp=2180 kL=0.60: 0.603 0.617 0.606 0.610 0.618 0.506 
M_Zp=2180 kL=0.65: 0.616 0.622 0.610 0.599 0.620 0.496 
M_Zp=2180 kL=0.70: 0.591 0.600 0.611 0.605 0.595 0.490 
M_Zp=2180 kL=0.75: 0.602 0.605 0.608 0.601 0.596 0.465 
M_Zp=2180 kL=0.80: 0.605 0.607 0.614 0.603 0.585 0.460 
M_Zp=2180 kL=0.85: 0.598 0.606 0.597 0.607 0.607 0.433 
M_Zp=2180 kL=0.90: 0.608 0.613 0.601 0.607 0.587 0.413 
M_Zp=2180 kL=0.95: 0.612 0.614 0.598 0.604 0.594 0.399 
M_Zp=2180 kL=1.00: 0.598 0.610 0.606 0.602 0.583 0.372 
M_Zp=2180 kL=1.05: 0.596 0.621 0.608 0.598 0.589 0.355 
M_Zp=2180 kL=1.10: 0.602 0.598 0.611 0.594 0.591 0.331 
M_Zp=2180 kL=1.15: 0.590 0.627 0.605 0.599 0.583 0.322 
M_Zp=2180 kL=1.20: 0.600 0.598 0.599 0.598 0.592 0.299 
M_Zp=2180 kL=1.25: 0.603 0.604 0.607 0.604 0.578 0.285 
M_Zp=2180 kL=1.30: 0.588 0.613 0.601 0.598 0.581 0.266 
M_Zp=2180 kL=1.35: 0.590 0.612 0.600 0.610 0.574 0.239 
M_Zp=2180 kL=1.40: 0.596 0.604 0.604 0.598 0.574 0.233 
M_Zp=2180 kL=1.45: 0.606 0.609 0.595 0.596 0.584 0.214 
M_Zp=2180 kL=1.50: 0.587 0.599 0.607 0.598 0.559 0.202 
M_Zp=2200 kL=0.15: 0.598 0.611 0.607 0.606 0.612 0.602 
M_Zp=2200 kL=0.20: 0.602 0.618 0.608 0.606 0.610 0.590 
M_Zp=2200 kL=0.25: 0.605 0.614 0.605 0.608 0.608 0.586 
M_Zp=2200 kL=0.30: 0.614 0.606 0.605 0.609 0.610 0.585 
M_Zp=2200 kL=0.35: 0.614 0.608 0.616 0.611 0.612 0.576 
M_Zp=2200 kL=0.40: 0.600 0.607 0.611 0.613 0.606 0.559 
M_Zp=2200 kL=0.45: 0.617 0.604 0.611 0.604 0.601 0.552 
M_Zp=2200 kL=0.50: 0.602 0.601 0.612 0.609 0.598 0.536 
M_Zp=2200 kL=0.55: 0.607 0.613 0.605 0.605 0.597 0.539 
M_Zp=2200 kL=0.60: 0.611 0.618 0.605 0.611 0.605 0.512 
M_Zp=2200 kL=0.65: 0.616 0.623 0.603 0.601 0.601 0.491 
M_Zp=2200 kL=0.70: 0.593 0.600 0.601 0.601 0.596 0.484 
M_Zp=2200 kL=0.75: 0.603 0.607 0.606 0.602 0.597 0.467 
M_Zp=2200 kL=0.85: 0.607 0.610 0.601 0.602 0.584 0.431 
M_Zp=2200 kL=0.90: 0.603 0.611 0.606 0.602 0.612 0.411 
M_Zp=2200 kL=0.95: 0.607 0.607 0.609 0.595 0.598 0.400 
M_Zp=2200 kL=1.00: 0.609 0.619 0.610 0.592 0.581 0.387 
M_Zp=2200 kL=1.05: 0.602 0.608 0.610 0.599 0.595 0.363 
M_Zp=2200 kL=1.10: 0.597 0.600 0.597 0.597 0.577 0.347 
M_Zp=2200 kL=1.15: 0.599 0.611 0.602 0.596 0.577 0.327 
M_Zp=2200 kL=1.20: 0.601 0.607 0.593 0.593 0.588 0.317 
M_Zp=2200 kL=1.25: 0.603 0.605 0.604 0.600 0.589 0.293 
M_Zp=2200 kL=1.30: 0.592 0.611 0.600 0.601 0.574 0.269 
M_Zp=2200 kL=1.35: 0.589 0.619 0.598 0.595 0.577 0.258 
M_Zp=2200 kL=1.40: 0.596 0.597 0.602 0.598 0.575 0.236 
M_Zp=2200 kL=1.45: 0.602 0.588 0.592 0.591 0.568 0.216 
M_Zp=2200 kL=1.50: 0.593 0.599 0.598 0.591 0.559 0.205 
M_Zp=2220 kL=0.30: 0.604 0.601 0.606 0.607 0.612 0.585 
M_Zp=2220 kL=0.35: 0.614 0.600 0.612 0.614 0.612 0.579 
M_Zp=2220 kL=0.40: 0.594 0.604 0.612 0.613 0.590 0.567 
M_Zp=2220 kL=0.50: 0.603 0.599 0.617 0.610 0.601 0.546 
M_Zp=2220 kL=0.55: 0.605 0.617 0.597 0.607 0.597 0.537 
M_Zp=2220 kL=0.60: 0.613 0.613 0.602 0.611 0.591 0.531 
M_Zp=2220 kL=0.65: 0.613 0.616 0.603 0.605 0.608 0.495 
M_Zp=2220 kL=0.70: 0.597 0.604 0.603 0.609 0.604 0.487 
M_Zp=2220 kL=0.75: 0.599 0.614 0.607 0.596 0.606 0.474 
M_Zp=2220 kL=0.80: 0.601 0.609 0.609 0.603 0.594 0.459 
M_Zp=2220 kL=0.85: 0.605 0.609 0.601 0.603 0.595 0.438 
M_Zp=2220 kL=0.90: 0.608 0.604 0.611 0.595 0.595 0.414 
M_Zp=2220 kL=0.95: 0.611 0.613 0.612 0.594 0.585 0.405 
M_Zp=2220 kL=1.00: 0.608 0.617 0.606 0.595 0.580 0.388 
M_Zp=2220 kL=1.05: 0.601 0.602 0.611 0.590 0.598 0.364 
M_Zp=2220 kL=1.10: 0.591 0.611 0.609 0.587 0.574 0.344 
M_Zp=2240 kL=0.25: 0.606 0.606 0.606 0.616 0.610 0.587 
M_Zp=2240 kL=0.30: 0.608 0.604 0.606 0.618 0.599 0.583 
M_Zp=2240 kL=0.40: 0.605 0.603 0.615 0.614 0.600 0.563 
M_Zp=2240 kL=0.45: 0.611 0.589 0.613 0.611 0.607 0.557 
M_Zp=2240 kL=0.50: 0.604 0.608 0.612 0.605 0.603 0.541 
M_Zp=2240 kL=0.55: 0.610 0.613 0.605 0.614 0.606 0.536 
M_Zp=2240 kL=0.60: 0.601 0.607 0.602 0.603 0.605 0.527 
M_Zp=2240 kL=0.65: 0.601 0.615 0.606 0.600 0.605 0.501 
M_Zp=2240 kL=0.70: 0.601 0.610 0.608 0.604 0.597 0.494 
M_Zp=2240 kL=0.75: 0.585 0.608 0.611 0.600 0.600 0.466 
M_Zp=2240 kL=0.80: 0.599 0.609 0.602 0.606 0.588 0.452 
M_Zp=2240 kL=0.85: 0.612 0.604 0.600 0.610 0.609 0.442 
M_Zp=2240 kL=0.90: 0.617 0.609 0.613 0.601 0.588 0.432 
M_Zp=2240 kL=0.95: 0.600 0.611 0.600 0.602 0.588 0.411 
M_Zp=2240 kL=1.00: 0.604 0.621 0.599 0.601 0.602 0.392 
M_Zp=2240 kL=1.05: 0.615 0.613 0.605 0.588 0.591 0.377 
M_Zp=2240 kL=1.10: 0.599 0.605 0.602 0.595 0.592 0.358 
M_Zp=2260 kL=0.25: 0.608 0.607 0.604 0.612 0.608 0.599 
M_Zp=2260 kL=0.30: 0.605 0.605 0.607 0.622 0.607 0.587 
M_Zp=2260 kL=0.35: 0.604 0.604 0.607 0.620 0.614 0.573 
M_Zp=2260 kL=0.40: 0.608 0.611 0.621 0.616 0.610 0.573 
M_Zp=2260 kL=0.45: 0.609 0.596 0.611 0.604 0.606 0.555 
M_Zp=2260 kL=0.50: 0.598 0.614 0.612 0.616 0.593 0.549 
M_Zp=2260 kL=0.55: 0.624 0.605 0.602 0.605 0.596 0.536 
M_Zp=2260 kL=0.60: 0.611 0.614 0.605 0.615 0.599 0.523 
M_Zp=2260 kL=0.65: 0.611 0.610 0.609 0.607 0.615 0.518 
M_Zp=2260 kL=0.70: 0.606 0.611 0.607 0.601 0.604 0.496 
M_Zp=2260 kL=0.75: 0.592 0.614 0.615 0.601 0.601 0.481 
M_Zp=2260 kL=0.80: 0.597 0.613 0.604 0.592 0.597 0.467 
M_Zp=2260 kL=0.85: 0.601 0.601 0.611 0.609 0.596 0.446 
M_Zp=2260 kL=0.90: 0.619 0.608 0.612 0.611 0.598 0.439 
M_Zp=2260 kL=0.95: 0.605 0.614 0.600 0.602 0.588 0.415 
M_Zp=2260 kL=1.00: 0.615 0.609 0.602 0.588 0.597 0.407 
M_Zp=2260 kL=1.05: 0.599 0.616 0.601 0.599 0.587 0.376 
M_Zp=2260 kL=1.10: 0.610 0.610 0.607 0.604 0.588 0.366 
M_Zp=2280 kL=0.25: 0.605 0.605 0.605 0.610 0.609 0.597 
M_Zp=2280 kL=0.30: 0.605 0.595 0.604 0.605 0.605 0.587 
M_Zp=2280 kL=0.35: 0.606 0.614 0.607 0.618 0.605 0.579 
M_Zp=2280 kL=0.40: 0.606 0.610 0.614 0.604 0.611 0.568 
M_Zp=2280 kL=0.45: 0.620 0.592 0.617 0.603 0.603 0.556 
M_Zp=2280 kL=0.50: 0.596 0.599 0.610 0.614 0.602 0.547 
M_Zp=2280 kL=0.55: 0.613 0.609 0.614 0.614 0.602 0.537 
M_Zp=2280 kL=0.60: 0.608 0.605 0.601 0.609 0.610 0.531 
M_Zp=2280 kL=0.65: 0.601 0.613 0.605 0.605 0.603 0.515 
M_Zp=2280 kL=0.70: 0.603 0.615 0.603 0.604 0.602 0.508 
M_Zp=2280 kL=0.75: 0.597 0.616 0.610 0.602 0.598 0.492 
M_Zp=2280 kL=0.80: 0.599 0.604 0.611 0.606 0.601 0.473 
M_Zp=2280 kL=0.85: 0.604 0.606 0.611 0.604 0.607 0.448 
M_Zp=2280 kL=0.90: 0.604 0.604 0.593 0.605 0.592 0.447 
M_Zp=2280 kL=0.95: 0.606 0.607 0.605 0.614 0.595 0.426 
M_Zp=2280 kL=1.00: 0.619 0.614 0.598 0.596 0.603 0.401 
M_Zp=2280 kL=1.05: 0.607 0.610 0.613 0.585 0.593 0.386 
M_Zp=2280 kL=1.10: 0.598 0.613 0.606 0.597 0.595 0.374 
M_Zp=2300 kL=0.25: 0.611 0.605 0.602 0.607 0.615 0.599 
M_Zp=2300 kL=0.30: 0.604 0.602 0.603 0.611 0.612 0.587 
M_Zp=2300 kL=0.35: 0.602 0.615 0.604 0.618 0.613 0.586 
M_Zp=2300 kL=0.40: 0.607 0.603 0.607 0.609 0.604 0.572 
M_Zp=2300 kL=0.45: 0.614 0.594 0.614 0.606 0.601 0.556 
M_Zp=2300 kL=0.50: 0.600 0.601 0.606 0.618 0.601 0.548 
M_Zp=2300 kL=0.55: 0.614 0.603 0.611 0.615 0.606 0.540 
M_Zp=2300 kL=0.60: 0.605 0.604 0.606 0.619 0.610 0.525 
M_Zp=2300 kL=0.65: 0.603 0.611 0.612 0.603 0.598 0.513 
M_Zp=2300 kL=0.70: 0.601 0.613 0.606 0.600 0.600 0.505 
M_Zp=2300 kL=0.75: 0.586 0.605 0.613 0.604 0.593 0.486 
M_Zp=2300 kL=0.80: 0.596 0.602 0.613 0.603 0.594 0.469 
M_Zp=2300 kL=0.85: 0.609 0.602 0.607 0.608 0.591 0.457 
M_Zp=2300 kL=0.90: 0.602 0.609 0.599 0.608 0.591 0.443 
M_Zp=2300 kL=0.95: 0.607 0.615 0.611 0.606 0.596 0.429 
M_Zp=2300 kL=1.00: 0.612 0.608 0.594 0.589 0.594 0.407 
M_Zp=2300 kL=1.05: 0.615 0.618 0.605 0.605 0.598 0.395 
M_Zp=2300 kL=1.10: 0.596 0.621 0.605 0.595 0.585 0.376 
M_Zp=2320 kL=0.25: 0.614 0.605 0.602 0.603 0.605 0.595 
M_Zp=2320 kL=0.30: 0.596 0.607 0.601 0.610 0.592 0.587 
M_Zp=2320 kL=0.35: 0.606 0.621 0.608 0.605 0.609 0.580 
M_Zp=2320 kL=0.40: 0.598 0.603 0.603 0.607 0.603 0.573 
M_Zp=2320 kL=0.45: 0.618 0.594 0.613 0.604 0.607 0.567 
M_Zp=2320 kL=0.50: 0.603 0.599 0.610 0.609 0.604 0.559 
M_Zp=2320 kL=0.55: 0.604 0.604 0.620 0.607 0.606 0.542 
M_Zp=2320 kL=0.65: 0.602 0.611 0.607 0.610 0.598 0.518 
M_Zp=2320 kL=0.70: 0.606 0.616 0.609 0.603 0.609 0.497 
M_Zp=2320 kL=0.75: 0.595 0.597 0.602 0.599 0.601 0.491 
M_Zp=2320 kL=0.80: 0.599 0.604 0.609 0.598 0.604 0.487 
M_Zp=2320 kL=0.85: 0.619 0.602 0.600 0.596 0.588 0.476 
M_Zp=2320 kL=0.90: 0.602 0.604 0.602 0.611 0.601 0.446 
M_Zp=2320 kL=0.95: 0.613 0.600 0.609 0.602 0.594 0.430 
M_Zp=2320 kL=1.00: 0.612 0.619 0.603 0.603 0.596 0.416 
M_Zp=2320 kL=1.05: 0.617 0.611 0.608 0.604 0.590 0.402 
M_Zp=2320 kL=1.10: 0.603 0.603 0.605 0.604 0.573 0.380 
M_Zp=2340 kL=0.25: 0.614 0.605 0.600 0.611 0.602 0.596 
M_Zp=2340 kL=0.30: 0.604 0.612 0.601 0.612 0.602 0.594 
M_Zp=2340 kL=0.35: 0.609 0.617 0.603 0.614 0.624 0.581 
M_Zp=2340 kL=0.40: 0.596 0.596 0.606 0.616 0.601 0.567 
M_Zp=2340 kL=0.45: 0.606 0.598 0.613 0.600 0.597 0.570 
M_Zp=2340 kL=0.55: 0.602 0.600 0.619 0.595 0.603 0.539 
M_Zp=2340 kL=0.60: 0.611 0.609 0.607 0.613 0.603 0.536 
M_Zp=2340 kL=0.65: 0.607 0.606 0.605 0.617 0.601 0.522 
M_Zp=2340 kL=0.70: 0.611 0.619 0.606 0.609 0.595 0.506 
M_Zp=2340 kL=0.75: 0.600 0.600 0.594 0.597 0.603 0.493 
M_Zp=2340 kL=0.80: 0.605 0.606 0.604 0.597 0.595 0.488 
M_Zp=2340 kL=0.85: 0.598 0.612 0.607 0.603 0.591 0.472 
M_Zp=2340 kL=0.90: 0.605 0.601 0.606 0.606 0.611 0.454 
M_Zp=2340 kL=0.95: 0.613 0.614 0.617 0.603 0.589 0.446 
M_Zp=2340 kL=1.00: 0.607 0.613 0.606 0.594 0.598 0.424 
M_Zp=2340 kL=1.05: 0.603 0.625 0.602 0.598 0.601 0.409 
M_Zp=2340 kL=1.10: 0.613 0.611 0.608 0.600 0.590 0.396 
M_Zp=2360 kL=0.25: 0.610 0.605 0.601 0.612 0.600 0.585 
M_Zp=2360 kL=0.30: 0.603 0.609 0.605 0.615 0.613 0.591 
M_Zp=2360 kL=0.35: 0.611 0.617 0.606 0.610 0.603 0.587 
M_Zp=2360 kL=0.40: 0.601 0.608 0.607 0.612 0.605 0.578 
M_Zp=2360 kL=0.45: 0.598 0.598 0.611 0.606 0.603 0.569 
M_Zp=2360 kL=0.50: 0.602 0.593 0.612 0.609 0.607 0.556 
M_Zp=2360 kL=0.55: 0.593 0.592 0.614 0.613 0.608 0.547 
M_Zp=2360 kL=0.60: 0.612 0.609 0.604 0.610 0.596 0.546 
M_Zp=2360 kL=0.65: 0.612 0.609 0.606 0.611 0.601 0.526 
M_Zp=2360 kL=0.70: 0.610 0.619 0.613 0.599 0.605 0.524 
M_Zp=2360 kL=0.75: 0.601 0.606 0.608 0.602 0.601 0.506 
M_Zp=2360 kL=0.80: 0.596 0.610 0.599 0.595 0.604 0.491 
M_Zp=2360 kL=0.85: 0.602 0.604 0.608 0.608 0.598 0.475 
M_Zp=2360 kL=0.90: 0.605 0.611 0.609 0.602 0.603 0.462 
M_Zp=2360 kL=0.95: 0.614 0.609 0.609 0.615 0.586 0.443 
M_Zp=2360 kL=1.00: 0.606 0.613 0.605 0.612 0.591 0.430 
M_Zp=2360 kL=1.05: 0.613 0.607 0.593 0.595 0.595 0.423 
M_Zp=2360 kL=1.10: 0.598 0.617 0.599 0.602 0.585 0.390 
M_Zp=2380 kL=0.25: 0.605 0.609 0.604 0.609 0.605 0.593 
M_Zp=2380 kL=0.35: 0.612 0.615 0.601 0.601 0.610 0.583 
M_Zp=2380 kL=0.40: 0.603 0.611 0.605 0.616 0.603 0.581 
M_Zp=2380 kL=0.45: 0.598 0.601 0.603 0.613 0.603 0.566 
M_Zp=2380 kL=0.50: 0.605 0.599 0.607 0.611 0.604 0.559 
M_Zp=2380 kL=0.55: 0.592 0.601 0.615 0.605 0.602 0.548 
M_Zp=2380 kL=0.60: 0.604 0.615 0.601 0.603 0.605 0.544 
M_Zp=2380 kL=0.65: 0.604 0.604 0.602 0.614 0.601 0.526 
M_Zp=2380 kL=0.70: 0.606 0.616 0.607 0.603 0.593 0.515 
M_Zp=2380 kL=0.75: 0.604 0.607 0.597 0.600 0.594 0.502 
M_Zp=2380 kL=0.80: 0.589 0.603 0.605 0.607 0.595 0.496 
M_Zp=2380 kL=0.85: 0.603 0.612 0.609 0.599 0.606 0.475 
M_Zp=2380 kL=0.90: 0.603 0.609 0.606 0.603 0.591 0.464 
M_Zp=2380 kL=0.95: 0.611 0.607 0.607 0.615 0.588 0.456 
M_Zp=2380 kL=1.00: 0.603 0.621 0.610 0.611 0.592 0.439 
M_Zp=2380 kL=1.05: 0.615 0.609 0.598 0.600 0.602 0.421 
M_Zp=2380 kL=1.10: 0.603 0.613 0.609 0.597 0.588 0.397 
M_Zp=2400 kL=0.25: 0.613 0.611 0.601 0.603 0.597 0.590 
M_Zp=2400 kL=0.30: 0.601 0.611 0.606 0.615 0.607 0.595 
M_Zp=2400 kL=0.35: 0.604 0.612 0.606 0.606 0.607 0.591 
